0 1 0.0354646120905334
0 2 0.0509450842505465
0 3 0.0970625970273634
0 6 0.0211262693237045
0 10 0.0460852541995349
0 14 0.410200500017482
0 15 0.0339207063801076
0 46 0.0108692267611297
0 51 0.281990396814186
0 106 0.204929212047039
0 115 0.216345879028481
0 181 0.0499270712508432
0 195 0.030834101836338
0 244 0.0650971477311138
0 293 0.0230419852399022
0 313 0.0884563483105223
0 340 0.130155436466285
0 403 0.0252782077733212
0 416 0.0439864710985573
0 436 0.0117562871529276
0 483 0.0901653642464789
0 485 0.00531186719880363
0 486 0.0689059058151849
0 488 0.210263363561664
0 489 0.195871654474297
0 490 0.0248368351926722
0 491 0.022802085152902
0 493 0.0128428806356705
0 494 0.0374143053824332
0 496 0.110607746347116
0 497 0.0679628428951626
0 499 0.0374340351683971
1 0 0.0354646120905334
1 2 0.0206517389851308
1 3 0.338526730100274
1 4 0.0635155207512652
1 5 0.215977093063118
1 7 0.0301008027955368
1 8 0.0783691333870447
1 10 0.31222077814277
1 13 0.0427703318160585
1 15 0.28204033689732
1 16 0.0375925847838703
1 17 0.137465218984467
1 21 0.0918114799725174
1 27 0.0524468690620802
1 46 0.113707299317708
1 60 0.0167654076188964
1 109 0.0373215387554035
1 111 0.0262546567806092
1 181 0.0259120133062215
1 197 0.03289984315513
1 224 0.252420894065027
1 230 0.0799694759935446
1 233 0.0729850600364464
1 249 0.49407840483044
1 256 0.014500312432907
1 290 0.0207316147887762
1 291 0.0480131590240939
1 368 0.0340263421730455
1 392 0.0433555273979886
1 429 0.00967886455450459
1 453 0.317185487214421
1 477 0.189700133553953
1 487 0.173239957688076
1 489 0.0284979329403504
1 490 0.0811970273988203
1 493 0.0983249936959779
1 496 0.149653182976313
1 497 0.349221666710044
1 498 0.185115221206655
1 499 0.0373175058150503
2 0 0.0509450842505465
2 1 0.0206517389851308
2 4 0.0434217771383087
2 5 0.167753691180321
2 7 0.17031731119779
2 8 0.176910800327081
2 9 0.0361436523961614
2 10 0.0893739963167068
2 14 0.00146763854453428
2 15 0.04023730247107
2 18 0.173219238384602
2 43 0.0326478475013753
2 84 0.135394616232811
2 93 0.0547796905110351
2 111 0.0176451994576263
2 176 0.395170082881228
2 214 0.194487281346874
2 215 0.143663354999268
2 219 0.0449244171909479
2 244 0.0790745442698808
2 345 0.0262161624732419
2 368 0.0369647989424322
2 402 0.287830155887916
2 437 0.00437097072111776
2 454 0.00148329114865435
2 460 0.216332020648146
2 466 0.437294561198405
2 486 0.0773056673300852
2 488 0.0277430531573387
2 492 0.151608368143408
2 494 0.182092168386407
2 496 0.0104494413250786
2 497 0.191560970339025
3 0 0.0970625970273634
3 1 0.338526730100274
3 4 0.0471628022000487
3 7 0.0339793314420032
3 12 0.25676789636571
3 13 0.0334800972062152
3 16 0.181127716495683
3 19 0.0148562356361968
3 25 0.0678546916330007
3 37 0.167191541669307
3 62 0.00322749315604733
3 72 0.173910150550466
3 101 0.130198112439355
3 121 0.0228323016733172
3 169 0.0836965507078758
3 185 0.103956595971281
3 254 0.0170885813435476
3 260 0.27317816997404
3 323 0.0257236728803922
3 332 0.125662552267215
3 357 0.0147301005982123
3 391 0.259250725537948
3 438 0.0763019141071663
3 440 0.110715340033947
3 470 0.083444912932133
3 478 0.11131940452829
3 487 0.251926766991667
3 488 0.00863056781493278
3 489 0.233670705397649
3 490 0.366818650335279
3 491 0.0156718482528897
3 492 0.224448652379252
3 494 0.119788106441954
3 497 0.0473898055461717
3 498 0.0438961677659163
3 499 0.0310429798155529
4 1 0.0635155207512652
4 2 0.0434217771383087
4 3 0.0471628022000487
4 6 0.0651540834554052
4 7 0.0241795472535156
4 10 0.263902183808072
4 13 0.368418388142434
4 16 0.0979407973412726
4 17 0.220654762273522
4 18 0.00584562949974817
4 19 0.247346601435072
4 54 0.0321440876592867
4 105 0.00883127133256976
4 153 0.0245757560767388
4 197 0.357952526072966
4 288 0.0379586282739865
4 301 0.0902927000683817
4 327 0.242098763246384
4 330 0.127343185260238
4 369 0.353257012863718
4 479 0.0276321617084043
4 488 0.175533409468976
4 496 0.114231081454403
4 497 0.330125424949122
4 499 0.330465473313359
5 1 0.215977093063118
5 2 0.167753691180321
5 6 0.291999055083457
5 7 0.0184560561962672
5 8 0.202056833128388
5 9 0.0600489887884181
5 10 0.361949415787495
5 11 0.0988982049754071
5 12 0.0707788495622544
5 13 0.053282527748667
5 14 0.0829415732845066
5 15 0.085660585379241
5 18 0.357757515030509
5 19 0.0810686980540117
5 20 0.107656467412119
5 21 0.0447170870115886
5 55 0.00898537126359873
5 140 0.287329319779531
5 232 0.241358838649184
5 264 0.0260994433469449
5 284 0.098016428218441
5 309 0.0672883051823979
5 319 0.372768253806229
5 339 0.199031520888973
5 373 0.00284004386030606
5 382 0.0619064251431147
5 386 0.0168300860061359
5 396 0.0153134689612548
5 410 0.0758456314918617
5 411 0.0711913438797798
5 458 0.0677955350612707
5 489 0.00260226737347017
5 490 0.079709508621713
5 492 0.248014628986943
5 493 0.0466200811966284
5 495 0.253917308990589
5 496 0.0159091520999733
5 497 0.215141998895153
5 499 0.100141745048349
6 0 0.0211262693237045
6 4 0.0651540834554052
6 5 0.291999055083457
6 7 0.0489214031263101
6 11 0.00341809128501862
6 12 0.0818740923243825
6 19 0.00870120640118525
6 20 0.0998917861912063
6 21 0.0178290253144935
6 22 0.0609435470433226
6 58 0.0342940098649087
6 114 0.0385238843416776
6 158 0.135857590479526
6 182 0.00466754470965019
6 205 0.215516811608993
6 208 0.152365930549679
6 210 0.0398098060355776
6 228 0.0339872268403871
6 234 0.00839772859065478
6 354 0.144931696848299
6 372 0.105156209075156
6 387 0.110270665993693
6 391 0.319507529839648
6 405 0.122407838764298
6 459 0.0354343965305223
6 469 0.395256618850077
6 488 0.179703108820278
6 490 0.00368893911242972
6 492 0.103365896314278
6 493 0.0514324731888241
6 494 0.0686682215866842
6 496 0.0425952808605754
6 497 0.33435096606437
6 498 0.0611451065087629
7 1 0.0301008027955368
7 2 0.17031731119779
7 3 0.0339793314420032
7 4 0.0241795472535156
7 5 0.0184560561962672
7 6 0.0489214031263101
7 10 0.194300665698885
7 11 0.0278102982255291
7 12 0.172467765668941
7 13 0.0489340987198507
7 14 0.0183610246312647
7 20 0.234335006827629
7 21 0.275238296497728
7 36 0.0156647380171878
7 61 0.057523283882652
7 73 0.0620583514977179
7 92 0.101779001906017
7 127 0.0400056306152792
7 131 0.0100941508592702
7 192 0.252048066278493
7 211 0.194614532896267
7 218 0.15915262292255
7 246 0.0378253072201191
7 290 0.0762097939184626
7 313 0.0596167379785365
7 352 0.0202682773509004
7 354 0.0520096485690462
7 384 0.13874516901657
7 392 0.113076764566405
7 402 0.0233807501472119
7 491 0.0685021800948862
7 492 0.0383597056987771
7 493 0.0117499385777568
7 496 0.0799889296137132
7 497 0.00865711138447709
7 498 0.00759675304617263
8 1 0.0783691333870447
8 2 0.176910800327081
8 5 0.202056833128388
8 9 0.0420783304742707
8 12 0.0151209458821401
8 13 0.197204256589323
8 15 0.362696164699206
8 18 0.476710029584616
8 20 0.0472016668010467
8 22 0.192101664722601
8 23 0.0508930663947088
8 24 0.0390308142217764
8 32 0.134324980127931
8 62 0.0422923793541786
8 83 0.028618805694104
8 92 0.0881457233387362
8 103 0.0600857747944252
8 143 0.0444625094918491
8 165 0.104021997417987
8 196 0.155914274608869
8 219 0.0824482024814739
8 258 0.110047446037276
8 305 0.131663705571535
8 332 0.0449042431572096
8 333 0.0477219080250974
8 339 0.0744284637353644
8 360 0.0959358113899762
8 431 0.411126387737669
8 446 0.0177389556270739
8 492 0.186829119194113
8 493 0.122746433920736
8 494 0.0387245011410221
8 497 0.189533332681247
8 498 0.102163373146528
9 2 0.0361436523961614
9 5 0.0600489887884181
9 8 0.0420783304742707
9 11 0.295422355031115
9 14 0.203595131100994
9 15 0.0690239462005022
9 18 0.0856559248025354
9 20 0.040167343963492
9 21 0.385768251833838
9 22 0.0992776791500339
9 24 0.00104456531370281
9 25 0.0275478715800247
9 65 0.0873775836776364
9 83 0.0607196389518564
9 91 0.0483003685774927
9 118 0.104303368096048
9 139 0.0152469661800554
9 148 0.0479355565831603
9 168 0.149419942790859
9 169 0.123819489238473
9 198 0.0562373062880036
9 248 0.167301268220654
9 315 0.0295846850172458
9 327 0.0842390206980848
9 334 0.0430823342526175
9 368 0.0134548569345956
9 470 0.0653826020463647
9 475 0.0117633418677773
9 484 0.314644970584038
9 490 0.0350237280549713
9 495 0.110898178155388
9 496 0.434607651872291
9 498 0.408111813318182
9 499 0.0517997681713508
10 0 0.0460852541995349
10 1 0.31222077814277
10 2 0.0893739963167068
10 4 0.263902183808072
10 5 0.361949415787495
10 7 0.194300665698885
10 14 0.0441333536507171
10 15 0.0352399859182756
10 18 0.304172173719215
10 19 0.00151383442623169
10 20 0.0385557170622011
10 22 0.105427958512461
10 23 0.151398131226326
10 26 0.0814383009471619
10 42 0.0557570374972902
10 87 0.216345290850147
10 95 0.0133192022364327
10 130 0.133830057495063
10 142 0.0813629586008901
10 186 0.349932642244752
10 193 0.101422994541605
10 263 0.0216920715720174
10 269 0.00530434058625556
10 328 0.00233956778089455
10 388 0.12530926214774
10 417 0.478542978099653
10 461 0.166022707166518
10 493 0.0387013457789973
10 496 0.0571235901145773
10 497 0.134216448887166
10 498 0.164320813716434
10 499 0.0189822952902198
11 5 0.0988982049754071
11 6 0.00341809128501862
11 7 0.0278102982255291
11 9 0.295422355031115
11 12 0.115791963306449
11 14 0.415654896080531
11 15 0.214341571720687
11 19 0.0211461389951132
11 20 0.156212604747058
11 21 0.009639866606399
11 22 0.00370579983738007
11 26 0.0446868096939274
11 29 0.0274779565761603
11 71 0.13251587934429
11 81 0.136499765029942
11 82 0.051128517287898
11 92 0.0089168735792614
11 113 0.143630151059678
11 141 0.1447008231285
11 168 0.363694440304433
11 201 0.304561384292163
11 230 0.122231849289645
11 236 0.204674365864999
11 299 0.0414522653210451
11 346 0.0452199792998071
11 410 0.0489153176102584
11 453 0.00975220935963358
11 467 0.0779488850435811
11 473 0.0940733454049523
11 494 0.143550984715081
11 496 0.0686431322755923
11 498 0.00613838375196587
11 499 0.0823835975942758
12 3 0.25676789636571
12 5 0.0707788495622544
12 6 0.0818740923243825
12 7 0.172467765668941
12 8 0.0151209458821401
12 11 0.115791963306449
12 19 0.00303018625176315
12 23 0.0670043325637145
12 27 0.0733410022841598
12 28 0.115250465061246
12 38 0.0909054191904153
12 43 0.0147605859918594
12 111 0.0951749291087711
12 140 0.00493908720833227
12 164 0.101988326730651
12 174 0.151774909126427
12 178 0.112947402768174
12 209 0.145947880686512
12 221 0.126625925941473
12 260 0.0112800337748082
12 318 0.00392852171523465
12 334 0.080524801414073
12 345 0.0578639792571811
12 351 0.0658109943305984
12 363 0.0364708115152943
12 368 0.0881359405037816
12 372 0.155648800507355
12 380 0.0261498013783267
12 407 0.0753636049235293
12 443 0.0218167973187074
12 497 0.0643217583637802
13 1 0.0427703318160585
13 3 0.0334800972062152
13 4 0.368418388142434
13 5 0.053282527748667
13 7 0.0489340987198507
13 8 0.197204256589323
13 14 0.41506063679391
13 15 0.0989121805796452
13 16 0.0115851800350519
13 19 0.263271996500541
13 21 0.173504475317578
13 22 0.0792976297347132
13 23 0.164308087642824
13 24 0.047757901399312
13 25 0.0740386228884917
13 26 0.535376196519567
13 29 0.156587816926055
13 30 0.0385444520904859
13 48 0.392673579505529
13 98 0.107369566233839
13 108 0.0228945930052473
13 137 0.0284111679308128
13 149 0.0740138780699485
13 161 0.0423913178857221
13 190 0.0468100890285722
13 289 0.273826205562019
13 311 0.0439918484441056
13 327 0.386220647660605
13 386 0.0248311178020496
13 401 0.0674485920523652
13 409 0.00296547069628141
13 430 0.274535319301401
13 498 0.0387965205464735
13 499 0.0945440400988821
14 0 0.410200500017482
14 2 0.00146763854453428
14 5 0.0829415732845066
14 7 0.0183610246312647
14 9 0.203595131100994
14 10 0.0441333536507171
14 11 0.415654896080531
14 13 0.41506063679391
14 16 0.0393270146527714
14 17 0.232221142209622
14 21 0.0922895800722523
14 25 0.0546538526104337
14 27 0.151622007223534
14 28 0.06693355636972
14 29 0.0381990383169268
14 40 0.0894606063516187
14 60 0.0333989675522295
14 117 0.0521802355362858
14 185 0.0700013443317485
14 194 0.109133186043328
14 216 0.0618243461077147
14 223 0.347234664368555
14 265 0.272685846433573
14 352 0.165208171058582
14 361 0.336522327036674
14 416 0.0151624348442692
14 420 0.00940064595652775
14 477 0.175044184849539
14 490 0.00788286107298828
15 0 0.0339207063801076
15 1 0.28204033689732
15 2 0.04023730247107
15 5 0.085660585379241
15 8 0.362696164699206
15 9 0.0690239462005022
15 10 0.0352399859182756
15 11 0.214341571720687
15 13 0.0989121805796452
15 16 0.0192302716162013
15 17 0.0465143243840682
15 19 0.138673998154816
15 27 0.0416946723643062
15 28 0.383117718926762
15 30 0.123362740251717
15 95 0.0476720008806606
15 101 0.0584521494715068
15 122 0.0187889073135599
15 142 0.00300336424975667
15 160 0.101277134794458
15 167 0.00273253058073642
15 230 0.0999595291868616
15 246 0.00678706311360677
15 251 0.243752405118074
15 258 0.0685128263111384
15 286 0.0279581254714585
15 339 0.225732846088821
15 348 0.10585490225519
15 353 0.023706786894126
15 364 0.134037713937971
15 399 0.106354886045486
15 460 0.169334766967504
15 470 0.00175651017463238
15 471 0.18068370948328
15 496 0.101373789776004
16 1 0.0375925847838703
16 3 0.181127716495683
16 4 0.0979407973412726
16 13 0.0115851800350519
16 14 0.0393270146527714
16 15 0.0192302716162013
16 18 0.152044940618047
16 23 0.0439791966569196
16 24 0.0496184949110635
16 28 0.000702201894383689
16 29 0.067795195507037
16 30 0.0719323063246892
16 32 0.0303580323557205
16 58 0.0227133468451115
16 202 0.0829017828347526
16 245 0.0245340555278091
16 252 0.264094460036427
16 280 0.026343406725043
16 284 0.655200158963707
16 290 0.0106480609177175
16 299 0.146840317826092
16 300 0.144180739512446
16 313 0.102835622571658
16 324 0.0261724627248528
16 354 0.0516489879990159
16 377 0.0928614710547906
16 408 0.263980492398707
16 432 0.0816606589905276
16 437 0.240705533182437
16 438 0.210240693039744
16 472 0.0446540114674546
16 481 0.301623053626448
16 484 0.0495367775757579
16 493 0.00826815958406214
17 1 0.137465218984467
17 4 0.220654762273522
17 14 0.232221142209622
17 15 0.0465143243840682
17 18 0.0112811635143432
17 19 7.31764985694204e-05
17 20 0.0839718021384897
17 23 0.0626301256974488
17 24 0.184666128116027
17 25 0.0893505190583897
17 26 0.156668969517465
17 27 0.212203011157403
17 28 0.025359513862444
17 31 0.180815402164231
17 71 0.156292466942873
17 73 0.159286688661881
17 114 0.118684743949002
17 129 0.270160422855424
17 163 0.00961823557677301
17 188 0.0302083373195291
17 195 0.0587639003227825
17 215 0.0308650589567395
17 269 0.0165773579613544
17 273 0.0155990685303912
17 274 0.0491558936981303
17 278 0.0130953331989053
17 304 0.10980055177928
17 323 0.29319472932239
17 337 0.134009755841734
17 340 0.12254346226992
17 379 0.0595472178441844
17 407 0.0965749634548739
17 419 0.0262626499920637
17 423 0.0732000090785528
17 431 0.0155978750044505
18 2 0.173219238384602
18 4 0.00584562949974817
18 5 0.357757515030509
18 8 0.476710029584616
18 9 0.0856559248025354
18 10 0.304172173719215
18 16 0.152044940618047
18 17 0.0112811635143432
18 19 0.327906918482482
18 20 0.0821986308449299
18 21 0.266691145555424
18 23 0.06458898796546
18 25 0.181377132526327
18 26 0.158579987242519
18 30 0.00871039428103457
18 31 0.0172833154407904
18 34 0.0716049155592296
18 50 0.455191597135953
18 71 0.00821166283401803
18 72 0.0519541982620119
18 84 0.177748621087611
18 122 0.112565744564682
18 143 0.0616322116183529
18 147 0.0166336627234815
18 150 0.190664943525548
18 176 0.174268232212274
18 181 0.134502879173993
18 227 0.118114529284094
18 237 0.184286585604602
18 264 0.0154627837607045
18 304 0.288476232106105
18 311 0.0476397467821597
18 355 0.213390895029985
18 359 0.441876563431039
18 477 0.00743385604746006
18 483 0.0289468261055866
18 485 0.22370046641588
19 3 0.0148562356361968
19 4 0.247346601435072
19 5 0.0810686980540117
19 6 0.00870120640118525
19 10 0.00151383442623169
19 11 0.0211461389951132
19 12 0.00303018625176315
19 13 0.263271996500541
19 15 0.138673998154816
19 17 7.31764985694204e-05
19 18 0.327906918482482
19 22 0.141669986911716
19 25 0.0609755429324626
19 28 0.220413917154303
19 30 0.0229701853640644
19 31 0.327325341200799
19 33 0.041050611618683
19 50 0.0248385286026487
19 72 0.00277247154778076
19 116 0.126607490452803
19 118 0.0134004594534655
19 140 0.0327674841336542
19 152 0.00411724259284819
19 248 0.0344486310837751
19 251 0.0371221539227807
19 272 0.100565822280371
19 309 0.288947254162886
19 321 0.214350072687476
19 384 0.739824670310192
19 389 0.00345226020774831
19 394 0.11576095335844
19 414 0.0662198903113976
19 426 0.0741153126126285
19 428 0.179320419161903
19 433 0.0314402020492138
19 487 0.203781580760027
19 497 0.128183784346979
20 5 0.107656467412119
20 6 0.0998917861912063
20 7 0.234335006827629
20 8 0.0472016668010467
20 9 0.040167343963492
20 10 0.0385557170622011
20 11 0.156212604747058
20 17 0.0839718021384897
20 18 0.0821986308449299
20 21 0.00593257437160969
20 25 0.157220793584957
20 28 0.0233311483872034
20 29 0.29217308592356
20 31 0.13148077180016
20 32 0.157709037696449
20 33 0.0496871340432605
20 36 0.0204097349189681
20 101 0.0386423845504494
20 113 0.0160985224021015
20 210 0.0350579993925697
20 218 0.0558552415893823
20 283 0.0882776087092984
20 337 0.274138958437599
20 352 0.0198440899569359
20 354 0.0187879381605677
20 373 0.0748811631106943
20 378 0.149966718479026
20 381 0.25450160011618
20 397 0.207902033491759
20 400 0.00884518722763952
20 476 0.0698660522362406
20 489 0.101116189962271
21 1 0.0918114799725174
21 5 0.0447170870115886
21 6 0.0178290253144935
21 7 0.275238296497728
21 9 0.385768251833838
21 11 0.009639866606399
21 13 0.173504475317578
21 14 0.0922895800722523
21 18 0.266691145555424
21 20 0.00593257437160969
21 24 0.00298918672072403
21 25 0.0700087520344638
21 27 0.0646035449240288
21 28 0.32380961052114
21 30 0.0696150803582065
21 31 0.13883178080339
21 36 0.149270714616107
21 37 0.101332437731273
21 55 0.0123764596141173
21 71 0.0235019480574044
21 112 0.0277610995185064
21 125 0.0109066054236197
21 140 0.0445900706543606
21 155 0.133680945417142
21 156 0.040675357737592
21 176 0.120000335815049
21 217 0.0730055233233016
21 226 0.0892914924407625
21 321 0.0649386560085423
21 330 0.0701609194123854
21 336 0.159669766950616
21 337 0.000699344192638708
21 355 0.145251412498753
21 430 0.0527054510253778
21 447 0.331557182446948
22 6 0.0609435470433226
22 8 0.192101664722601
22 9 0.0992776791500339
22 10 0.105427958512461
22 11 0.00370579983738007
22 13 0.0792976297347132
22 19 0.141669986911716
22 24 0.000185239027860775
22 25 0.0137744052438435
22 28 0.2618524641855
22 30 0.157060199822319
22 33 0.0134592926119933
22 34 0.143063950865258
22 35 0.0273539049634519
22 37 0.025298325795642
22 38 0.0625410495796641
22 41 0.0361489660794076
22 105 0.110977650827205
22 124 0.292414171296029
22 130 0.144940067114903
22 148 0.039170866532968
22 159 0.00794870539286546
22 160 0.00630155442995228
22 164 0.135623362604869
22 167 0.00823234543041733
22 184 0.13425057781469
22 191 0.145224120045447
22 192 0.179459276413297
22 202 0.182541679717889
22 216 0.26168701505308
22 254 0.112783854129421
22 274 0.107596508975237
22 289 0.203545977476986
22 329 0.125967271610095
22 366 0.099107646811129
22 383 0.0395266811811307
22 396 0.0414817178554853
22 448 0.133820097096817
23 8 0.0508930663947088
23 10 0.151398131226326
23 12 0.0670043325637145
23 13 0.164308087642824
23 16 0.0439791966569196
23 17 0.0626301256974488
23 18 0.06458898796546
23 33 0.142403426379765
23 34 0.159647157499898
23 35 0.0118451518648951
23 36 0.115548102307734
23 38 0.0439233685512853
23 40 0.182027584259568
23 52 0.0140303553813589
23 76 0.0225553392470638
23 137 0.207994532032671
23 188 0.0154486553042956
23 215 0.00256764818173258
23 217 0.522131097274446
23 230 0.145825150756768
23 245 0.10014987580409
23 254 0.227093597781826
23 290 0.0303314084131917
23 296 0.0691344852315861
23 317 0.00174471751517827
23 326 0.0232771679068409
23 362 0.333869746275303
23 407 0.153412016665582
23 415 0.615463055339289
23 468 0.26574662960342
24 8 0.0390308142217764
24 9 0.00104456531370281
24 13 0.047757901399312
24 16 0.0496184949110635
24 17 0.184666128116027
24 21 0.00298918672072403
24 22 0.000185239027860775
24 25 0.131970252390034
24 26 0.00951098992285164
24 28 0.0617143756736463
24 29 0.00876722367553241
24 30 0.00746250830114589
24 31 0.180840552753401
24 32 0.0238743681305721
24 33 0.0645589730202244
24 35 0.198926407151455
24 37 0.227038874705886
24 39 0.10513796231053
24 53 0.128847488777018
24 124 0.0120871429871727
24 192 0.298197133617894
24 193 0.00481670395450091
24 238 0.0144520805838746
24 310 0.0156335610290384
24 344 0.525444596801556
24 372 0.0908362594456039
24 471 0.0824462963711349
24 482 0.0276962590985813
25 3 0.0678546916330007
25 9 0.0275478715800247
25 13 0.0740386228884917
25 14 0.0546538526104337
25 17 0.0893505190583897
25 18 0.181377132526327
25 19 0.0609755429324626
25 20 0.157220793584957
25 21 0.0700087520344638
25 22 0.0137744052438435
25 24 0.131970252390034
25 26 0.0147033874734308
25 27 0.0365424632461137
25 28 0.0973200614856549
25 29 0.0321292096978449
25 31 0.148321468537893
25 35 0.00916240180189645
25 40 0.00528063976788774
25 72 0.028267776720943
25 145 0.0164892362387227
25 199 0.0211626654317917
25 211 0.125721219909527
25 350 0.00902660128805172
25 394 0.0444727259263998
25 450 0.0510572828108293
25 461 0.0964980630384257
26 10 0.0814383009471619
26 11 0.0446868096939274
26 13 0.535376196519567
26 17 0.156668969517465
26 18 0.158579987242519
26 24 0.00951098992285164
26 25 0.0147033874734308
26 28 0.108534524654256
26 30 0.128672708922776
26 31 0.0525887771812853
26 32 0.0825571219808054
26 33 0.086028781083572
26 36 0.104215835096277
26 37 0.302346875825821
26 40 0.141221627133276
26 42 0.255547073908538
26 70 0.20613559081591
26 80 0.494872329990641
26 146 0.00522162339364463
26 148 0.0981248853140472
26 155 0.353857194704555
26 262 0.0407638977649766
26 341 8.39295706075522e-05
26 352 0.00923035676104063
26 413 0.202879661051072
26 448 0.0533227439549981
26 462 0.0390483156047199
26 489 0.0814322132241033
27 1 0.0524468690620802
27 12 0.0733410022841598
27 14 0.151622007223534
27 15 0.0416946723643062
27 17 0.212203011157403
27 21 0.0646035449240288
27 25 0.0365424632461137
27 29 0.115310340309208
27 31 0.134058358360497
27 33 0.328224907476742
27 35 0.373228408299423
27 39 0.140982759970786
27 42 0.211494466996726
27 43 0.182755046043756
27 122 0.0656707047266783
27 171 0.434075101873566
27 181 0.0364020125651637
27 244 0.0276667501534001
27 253 0.0624527494745086
27 291 0.00328311239061921
27 292 0.274561733894027
27 323 0.150019473611302
27 388 0.135140838914962
27 414 0.351171207023263
27 438 0.0269345563127009
27 454 0.119294609077506
27 464 0.00781363499728964
28 12 0.115250465061246
28 14 0.06693355636972
28 15 0.383117718926762
28 16 0.000702201894383689
28 17 0.025359513862444
28 19 0.220413917154303
28 20 0.0233311483872034
28 21 0.32380961052114
28 22 0.2618524641855
28 24 0.0617143756736463
28 25 0.0973200614856549
28 26 0.108534524654256
28 32 0.0672612765036597
28 34 0.148731965352237
28 35 0.259175941614191
28 36 0.00896306135342854
28 38 0.0204238400733705
28 39 0.0632776442931229
28 40 0.0840163891384373
28 41 0.0015853639847657
28 42 0.00901092610496106
28 43 0.0222940250144573
28 44 0.326246362396159
28 70 0.320107970807714
28 103 0.0710754382470372
28 219 0.112853727008371
28 226 0.0199891751649601
28 239 0.194067525727433
28 253 0.067663282515498
28 255 0.0193068645920165
28 285 0.0846329454160346
28 291 0.021813941374612
28 406 0.171933486447831
28 414 0.138030505397351
28 433 0.166818410234698
28 449 0.0994676205706662
28 494 0.00443402011691875
29 11 0.0274779565761603
29 13 0.156587816926055
29 14 0.0381990383169268
29 16 0.067795195507037
29 20 0.29217308592356
29 24 0.00876722367553241
29 25 0.0321292096978449
29 27 0.115310340309208
29 31 0.0345217335275055
29 33 0.37778775106314
29 34 0.125474312060676
29 38 0.0325268790833645
29 39 0.00362780519341489
29 41 0.0139952786218555
29 42 0.101265656274598
29 45 0.154273324770528
29 48 0.147204371315245
29 57 0.0047760544563453
29 63 0.0194703251600654
29 66 0.0637281882390228
29 126 0.188845368964918
29 168 0.176962740383423
29 296 0.0465371333030446
29 319 0.365455250459448
29 345 0.0378868873425347
29 471 0.141210531297217
30 13 0.0385444520904859
30 15 0.123362740251717
30 16 0.0719323063246892
30 18 0.00871039428103457
30 19 0.0229701853640644
30 21 0.0696150803582065
30 22 0.157060199822319
30 24 0.00746250830114589
30 26 0.128672708922776
30 33 0.0277664340314184
30 36 0.0103792480675363
30 39 0.00724037442618187
30 42 0.122290374920461
30 44 0.0741008949938814
30 60 0.239978907586508
30 69 0.0483817148459764
30 80 0.0152645202533959
30 130 0.357176614449677
30 188 0.014765829105663
30 219 0.114897306799984
30 226 0.0266936294601999
30 298 0.117732648257331
30 346 0.0547682160103508
30 366 0.269637324122919
30 383 0.00175680103306706
30 425 0.0710361630261582
30 443 0.14857956770486
30 487 0.0565173229884062
31 17 0.180815402164231
31 18 0.0172833154407904
31 19 0.327325341200799
31 20 0.13148077180016
31 21 0.13883178080339
31 24 0.180840552753401
31 25 0.148321468537893
31 26 0.0525887771812853
31 27 0.134058358360497
31 29 0.0345217335275055
31 34 0.136911839956825
31 35 0.0206566448324515
31 38 0.167115533921728
31 40 0.026500030340217
31 44 0.211049564926917
31 45 0.15352689130261
31 47 0.00793603544918585
31 63 0.115257336636254
31 120 0.0780825009577558
31 181 0.123946095235452
31 246 0.24149272306603
31 364 0.0643013756358959
31 373 0.041212176295887
31 420 0.295601034633995
31 437 0.0494270662240164
31 455 0.0204221035273823
31 480 0.0266198081600691
31 490 0.11932059246822
31 498 0.0767059477105445
32 8 0.134324980127931
32 16 0.0303580323557205
32 20 0.157709037696449
32 24 0.0238743681305721
32 26 0.0825571219808054
32 28 0.0672612765036597
32 34 0.154423491082489
32 36 0.56938517026449
32 37 0.0693969846038654
32 44 0.0764351255097925
32 46 0.00382393011978958
32 47 0.145174408639379
32 53 0.139630637322718
32 106 0.0512940358896196
32 114 0.0279718731648388
32 170 0.291784314714493
32 175 0.0472857056166901
32 190 0.0389277467244764
32 203 0.0107371689023482
32 258 0.051525810639755
32 277 0.0318558874035411
32 282 0.277230413295249
32 298 0.32536571355833
32 302 0.0218086068504868
32 303 0.334743308720322
32 327 0.0347837548914866
32 330 0.15840954768194
32 331 0.412568016170608
32 336 0.0743177898440958
32 358 0.077393699633614
32 430 0.119073716327296
32 433 0.0801276749457137
33 19 0.041050611618683
33 20 0.0496871340432605
33 22 0.0134592926119933
33 23 0.142403426379765
33 24 0.0645589730202244
33 26 0.086028781083572
33 27 0.328224907476742
33 29 0.37778775106314
33 30 0.0277664340314184
33 34 0.220426043151053
33 36 0.040136565615867
33 37 0.108052017670718
33 39 0.291693504777119
33 41 0.108297210652436
33 43 0.0272884491842716
33 44 0.0063779931112155
33 45 0.139972886515453
33 47 0.0227196794560756
33 48 0.186400677978168
33 49 0.0219090612739023
33 50 0.183557358290703
33 76 0.0110741730022026
33 80 0.0343465880183556
33 119 0.0302276956682046
33 131 0.212506667403986
33 181 0.279942759953065
33 190 0.0850660957770519
33 207 0.0749729463178601
33 218 0.0872767694142058
33 238 0.0199688715734345
33 255 0.0980039904734378
33 358 0.274994666401358
33 366 0.11775956684929
33 373 0.01561206525468
33 374 0.246395883621757
33 400 0.313578278643675
34 18 0.0716049155592296
34 22 0.143063950865258
34 23 0.159647157499898
34 28 0.148731965352237
34 29 0.125474312060676
34 31 0.136911839956825
34 32 0.154423491082489
34 33 0.220426043151053
34 36 0.419192368858557
34 37 0.119313506215061
34 39 0.0553124839389532
34 42 0.035154409099535
34 44 0.00556593349876926
34 45 0.212642876497741
34 46 0.00193813139584207
34 48 0.147504592563981
34 49 0.0941321354420864
34 89 0.0345400077138906
34 103 0.0182763555086813
34 104 0.389340343226595
34 127 0.197234881073152
34 204 0.00638243280213918
34 232 0.0879356548408461
34 280 0.18393528065264
34 327 0.197848439834196
34 370 0.126017158379888
34 394 0.0393962967597732
34 407 0.0532631924506985
34 426 0.0308062440348511
34 480 0.0100048423209757
35 22 0.0273539049634519
35 23 0.0118451518648951
35 24 0.198926407151455
35 25 0.00916240180189645
35 27 0.373228408299423
35 28 0.259175941614191
35 31 0.0206566448324515
35 36 0.0137931961136442
35 38 0.021087209933362
35 39 0.465142556067313
35 41 0.154878407125604
35 45 0.0640209718098201
35 48 0.161491286646082
35 51 0.159113183262126
35 65 0.157421876827558
35 88 0.0617468239191828
35 133 0.000834688448181009
35 146 0.557785938847046
35 158 0.141446705097921
35 198 0.0810054230187173
35 203 0.169376149235618
35 250 0.219954868494723
35 287 0.0362604938831245
35 403 0.0138647886331081
35 419 0.10105535202749
35 423 0.0112728358822704
35 429 0.0627876686147431
35 432 0.128628987613223
35 435 0.266753963745923
35 462 0.308967620828148
35 483 0.0437337483978908
36 7 0.0156647380171878
36 20 0.0204097349189681
36 21 0.149270714616107
36 23 0.115548102307734
36 26 0.104215835096277
36 28 0.00896306135342854
36 30 0.0103792480675363
36 32 0.56938517026449
36 33 0.040136565615867
36 34 0.419192368858557
36 35 0.0137931961136442
36 37 0.0529361311620581
36 38 0.100548853035118
36 41 0.0434435478071361
36 42 0.0815361795055045
36 45 0.010246656880065
36 47 0.0376046629438431
36 49 0.0190293722557676
36 50 0.301723704302891
36 52 0.278096346536107
36 79 0.0904374387388745
36 111 0.28700256103048
36 125 0.0593976473504871
36 136 0.0660960238433984
36 243 0.0293917934587186
36 252 0.0263333392250699
36 259 0.0855689782502001
36 270 0.00869300958962809
36 286 0.0654320793194158
36 329 0.114654327042831
36 337 0.158229106773718
36 355 0.0992803591083609
36 382 0.0518707865356371
36 383 0.165626734094646
36 384 0.203623169108539
36 450 0.039886884377289
36 468 0.0341928793330262
37 3 0.167191541669307
37 21 0.101332437731273
37 22 0.025298325795642
37 24 0.227038874705886
37 26 0.302346875825821
37 32 0.0693969846038654
37 33 0.108052017670718
37 34 0.119313506215061
37 36 0.0529361311620581
37 38 0.0705432502323291
37 40 0.256332773533236
37 41 0.187222191685346
37 42 0.117332499050908
37 43 0.0215786312088098
37 44 0.133224801566223
37 45 0.235104212191702
37 46 0.101560193944785
37 47 0.226780344409161
37 49 0.039347743561573
37 52 0.241604796034591
37 106 0.13907859412253
37 129 0.297771463233253
37 142 0.00773056790859256
37 162 0.162317143581455
37 197 0.246898319305613
37 199 0.0368478912866016
37 263 0.0191438309226728
37 278 0.0252268164247189
37 332 0.116267757499653
37 351 0.395379734148944
37 390 0.323205614736513
37 403 0.0147980312924391
37 406 0.163354374557901
37 412 0.031354531191358
37 435 0.00462698281805284
38 12 0.0909054191904153
38 22 0.0625410495796641
38 23 0.0439233685512853
38 28 0.0204238400733705
38 29 0.0325268790833645
38 31 0.167115533921728
38 35 0.021087209933362
38 36 0.100548853035118
38 37 0.0705432502323291
38 40 0.360591604997831
38 41 0.241876475946637
38 42 0.056574907655943
38 45 0.0452840827625655
38 47 0.112014863793725
38 48 0.0444749396509329
38 52 0.00159242745623182
38 53 0.166278603551684
38 58 0.302649749010999
38 74 0.239155470087044
38 80 0.00147609687621226
38 85 0.0260123537261164
38 119 0.199315241239927
38 174 0.0892491483562787
38 198 0.000135324466258694
38 221 0.480675066807359
38 228 0.012811972603467
38 260 0.00524039274873939
38 270 0.222425677614261
38 272 0.279656464911056
38 295 0.333327831586135
38 312 0.0118095794192027
38 331 0.0676515597030903
38 370 0.00149299594034844
38 392 0.0225971604163045
38 399 0.0333947106866269
38 458 0.0340344310789502
38 484 0.0511333740397271
38 487 0.0314698664071221
39 24 0.10513796231053
39 27 0.140982759970786
39 28 0.0632776442931229
39 29 0.00362780519341489
39 30 0.00724037442618187
39 33 0.291693504777119
39 34 0.0553124839389532
39 35 0.465142556067313
39 43 0.00187806670293755
39 44 0.0512226418232159
39 46 0.017958275797474
39 48 0.0544979966906827
39 49 0.0275059792200284
39 50 0.0676169997547219
39 52 0.0546573827646543
39 55 0.249677259205307
39 157 0.0292168996217591
39 183 0.108945868583453
39 219 0.026432762714526
39 281 0.0123164646596683
39 298 0.0948443289441606
39 299 0.111752770842734
39 341 0.125129612362898
39 396 0.00521910803494817
39 426 0.263359332326842
39 442 0.0366209221648523
39 451 0.184719905081146
39 489 0.00288399236183355
39 490 0.0381899667427722
39 495 0.103283721439255
40 14 0.0894606063516187
40 23 0.182027584259568
40 25 0.00528063976788774
40 26 0.141221627133276
40 28 0.0840163891384373
40 31 0.026500030340217
40 37 0.256332773533236
40 38 0.360591604997831
40 41 0.12592221478348
40 46 0.179698130831648
40 48 0.117459162937913
40 50 0.0651442123291052
40 51 0.0809051512095443
40 52 0.0787127705048822
40 53 0.0271746222112112
40 55 0.191564367556841
40 56 0.00548629484937606
40 61 0.262050592350854
40 75 0.053768331351627
40 78 0.261105467948461
40 86 0.127732491485275
40 173 0.026695703794112
40 200 0.123866742762941
40 229 0.0891197236614205
40 235 0.142852329383999
40 297 0.110471296273047
40 298 0.00275400090228918
40 318 0.0587661124632565
40 333 0.175755193577101
40 348 0.0674080470424901
40 408 0.278154204608683
40 476 0.0670082498035003
41 22 0.0361489660794076
41 28 0.0015853639847657
41 29 0.0139952786218555
41 33 0.108297210652436
41 35 0.154878407125604
41 36 0.0434435478071361
41 37 0.187222191685346
41 38 0.241876475946637
41 40 0.12592221478348
41 45 0.117834806668001
41 46 0.0776271178021858
41 47 0.0202294979560108
41 48 0.0253471366650859
41 53 0.0128718541918757
41 105 0.138347992935278
41 133 0.0716216984478031
41 149 0.286809985202837
41 160 0.140830632417341
41 164 0.0374694029928041
41 175 0.210889294861466
41 187 0.128647576566708
41 194 0.0309265530827255
41 201 0.147859682984766
41 203 0.0639645724023097
41 204 0.0174833787937105
41 268 0.20089701786404
41 289 0.0584713996575975
41 370 0.0235776256259682
41 382 0.171782365914363
41 431 0.155203193703607
41 497 0.420677319136497
42 10 0.0557570374972902
42 26 0.255547073908538
42 27 0.211494466996726
42 28 0.00901092610496106
42 29 0.101265656274598
42 30 0.122290374920461
42 34 0.035154409099535
42 36 0.0815361795055045
42 37 0.117332499050908
42 38 0.056574907655943
42 44 0.160750638964869
42 45 0.0545631209298022
42 46 0.263841452846916
42 49 0.151532853261748
42 50 0.0401358507867687
42 52 0.175775883909034
42 53 0.534666217175461
42 58 0.0560003800262379
42 69 0.529584296695152
42 118 0.00845992088661899
42 156 0.0156942053978292
42 169 0.0234216371233873
42 175 0.0869292984575753
42 213 0.154442204102995
42 249 0.227865361154906
42 271 0.00142304521644422
42 308 0.00458784173594811
42 312 0.0583130151990169
42 329 0.0259210244686811
42 333 0.0661915721630751
42 404 0.15294553570414
42 420 0.0707339950201899
42 460 0.25280098267847
42 461 0.0882105111214797
42 474 0.0718799193546632
42 497 0.104635613403786
43 2 0.0326478475013753
43 12 0.0147605859918594
43 27 0.182755046043756
43 28 0.0222940250144573
43 33 0.0272884491842716
43 37 0.0215786312088098
43 39 0.00187806670293755
43 47 0.118712384270852
43 48 0.0604536913256359
43 49 0.0643390263387217
43 50 0.0645470677391045
43 51 0.129318050121604
43 52 0.038168402621429
43 53 0.153530679106358
43 54 0.00816028665541385
43 58 0.0484582637132456
43 59 0.220071225522798
43 60 0.0660679282286427
43 109 0.0995687421511231
43 133 0.0914211944711752
43 141 0.032610631722153
43 149 0.0118481512083932
43 167 0.186420672682488
43 185 0.059802162921602
43 236 0.017665629174704
43 253 0.104690184069871
43 281 0.00943585214314163
43 289 0.0292808618983724
43 358 0.522111371882596
43 377 0.160434472594032
43 400 0.019933551263831
43 477 0.0211585613018957
43 480 0.249384429072539
44 28 0.326246362396159
44 30 0.0741008949938814
44 31 0.211049564926917
44 32 0.0764351255097925
44 33 0.0063779931112155
44 34 0.00556593349876926
44 37 0.133224801566223
44 39 0.0512226418232159
44 42 0.160750638964869
44 45 0.00155485762161549
44 46 0.0931280262505283
44 47 0.207936213839882
44 48 0.00190066883312842
44 52 0.293797579888086
44 54 0.0576656494921614
44 55 0.167050540674918
44 58 0.0672023011827386
44 59 0.0112391957091897
44 60 0.00866952165459511
44 65 0.151305745748848
44 91 0.321807253339175
44 92 0.0221015222100681
44 114 0.00455186689844299
44 304 0.0174636562987521
44 346 0.00474232872061794
44 350 0.0120323469460411
44 359 0.0225700102374694
44 361 0.360405693378255
44 382 0.44560982354639
44 384 0.0938351388497041
44 393 0.00266170092777309
44 401 0.153663016460107
44 405 0.0969813603906137
44 429 0.0529294469529362
44 432 0.0325854459423316
45 29 0.154273324770528
45 31 0.15352689130261
45 33 0.139972886515453
45 34 0.212642876497741
45 35 0.0640209718098201
45 36 0.010246656880065
45 37 0.235104212191702
45 38 0.0452840827625655
45 41 0.117834806668001
45 42 0.0545631209298022
45 44 0.00155485762161549
45 46 0.115689990822349
45 48 0.14076464245614
45 50 0.0620758308749457
45 51 0.07119696599386
45 52 0.167761111465845
45 53 0.0759532780407243
45 54 0.0289036911948997
45 55 0.00990208800094194
45 56 0.0659208717056651
45 58 0.105411589828476
45 59 0.0536508568034669
45 60 0.199632691447534
45 61 0.106456808467263
45 81 0.267234130123902
45 122 0.0249113897853339
45 135 0.0158932697597863
45 147 0.0859070304832864
45 161 0.0128447480835308
45 165 0.124245307060045
45 267 0.0773841749845022
45 309 0.064564579523877
45 390 0.0887562037034441
45 410 0.272578595747873
45 430 0.0196524184616962
45 480 0.200525326105806
46 0 0.0108692267611297
46 1 0.113707299317708
46 32 0.00382393011978958
46 34 0.00193813139584207
46 37 0.101560193944785
46 39 0.017958275797474
46 40 0.179698130831648
46 41 0.0776271178021858
46 42 0.263841452846916
46 44 0.0931280262505283
46 45 0.115689990822349
46 47 0.0147199924385167
46 48 0.182910334968971
46 49 0.110246040925189
46 50 0.011403889776414
46 52 0.308635342671587
46 53 0.0465228130740328
46 54 0.0477092000651593
46 55 0.0257020735690822
46 56 0.0427898378090675
46 58 0.0227396218933923
46 59 0.378978523750292
46 60 0.473185733408917
46 61 0.0178862731972566
46 107 0.0496529308417754
46 125 0.0453460755914233
46 221 0.148269843121349
46 350 0.00519930216252555
46 384 0.148790828159662
46 389 0.138061821614626
46 393 0.00137155690976244
46 395 0.0119166700047045
46 411 0.21235869403632
46 454 0.0845241698410038
47 31 0.00793603544918585
47 32 0.145174408639379
47 33 0.0227196794560756
