0 2 0.794235794108013
0 7 0.106546686909738
0 8 0.0215060358453777
0 14 0.303761355666622
0 18 0.238572663756121
0 75 0.145150421098547
0 80 0.0521847096900746
0 116 0.172024114359865
0 122 0.0365273060961872
0 141 0.0128993745442934
0 167 0.0165096021089324
0 188 0.209856115958874
0 217 0.015206800062808
0 233 0.0232474723346205
0 235 0.071193950186609
0 260 0.0790196862257796
0 282 0.0469656011123084
0 327 0.0889877229257558
0 341 0.127427572594859
0 394 0.298531609333823
0 443 0.00967429084762893
0 453 0.0773864573600337
0 485 0.0850907191637347
0 490 0.0345300561297331
0 492 0.114982924648216
0 493 0.125164546742893
0 494 0.129776558657891
0 497 0.0183938184093491
1 4 0.233002373122635
1 16 0.00768139910981279
1 24 0.00559297562477658
1 38 0.144508115691654
1 42 0.0193844032035398
1 45 0.0109442856887861
1 71 0.0352841911618822
1 80 0.143934119161547
1 104 0.0835834958376258
1 118 0.00821680790809165
1 143 0.0129845108083813
1 150 0.00429734542776826
1 161 0.0901916854989498
1 174 0.126294412188592
1 189 0.121673927791421
1 198 0.0499520365573675
1 212 0.316796984763413
1 232 0.0861726649860262
1 235 0.231943898868502
1 243 0.138279853771298
1 246 0.0638689010187142
1 283 0.050969831879823
1 296 0.05569338051607
1 299 0.0838459517816808
1 312 0.19256893582705
1 322 0.301128618771905
1 372 0.000347125988257998
1 390 0.0932619742086617
1 451 0.0228032545571606
1 466 0.0493794357501168
1 487 0.160091386201205
1 490 0.475494509011634
1 494 0.28308322557203
1 495 0.128972414276497
1 496 0.120145219184378
1 499 0.155938674278058
2 0 0.794235794108013
2 10 0.123628370191002
2 11 0.120152715993969
2 13 0.0233185916811804
2 15 0.101460291904065
2 17 0.129646232354158
2 35 0.276621668572425
2 50 0.0106664347348504
2 63 0.208175269639387
2 72 0.204922138181525
2 104 0.136631833708316
2 127 0.0212134638905218
2 135 0.0537689674100692
2 168 0.0236689250279217
2 172 0.166590848171167
2 173 0.130911412426758
2 185 0.0346302707725089
2 204 0.151770137164427
2 240 0.0242624602105627
2 290 0.402802797247339
2 311 0.0541881537005173
2 318 0.128079580656591
2 350 0.0777835245258557
2 404 0.00530545636134422
2 427 0.412916598097292
2 483 0.0950914641164473
2 487 0.00256388679508677
2 495 0.0205276047221044
2 496 0.0266077795162685
2 497 0.267594614725841
3 4 0.195211276984434
3 6 0.233178885044408
3 7 0.0244651003755346
3 11 0.101334654305017
3 12 0.0734036506154336
3 14 0.150057180731721
3 23 0.0283663299118445
3 27 0.0644188572355511
3 60 0.38874373933221
3 63 0.148707202536002
3 95 0.232150202821803
3 98 0.385418787580109
3 122 0.0154246292544789
3 171 0.0776659172745641
3 176 0.0576675199122486
3 178 0.000205644268412426
3 192 0.161957473157172
3 244 0.0351281966926473
3 271 0.218291877144536
3 310 0.213177863823613
3 314 0.00158229517952208
3 340 0.00270377870273862
3 341 0.20041971232412
3 360 0.0165566011231302
3 367 0.027841027835054
3 376 0.206679699816682
3 382 0.385764462689651
3 385 0.185397907116345
3 386 0.298929095179797
3 412 0.0983264574690305
3 432 0.0365223832932609
3 455 0.0873134761043955
3 469 0.0121641810614529
3 473 0.0359814272485304
3 487 0.0499947370683231
3 491 0.00249837355799489
4 1 0.233002373122635
4 3 0.195211276984434
4 10 0.30904112080308
4 11 0.165606920806254
4 16 0.0199849956970194
4 36 0.322065800952831
4 38 0.139921124306542
4 39 0.0662422548284595
4 92 0.0754746339160547
4 166 0.173967186142049
4 173 0.075810985408411
4 213 0.0652735797619322
4 218 0.0873596775420899
4 227 0.130803901030586
4 232 0.0922508214813289
4 242 0.457461676584423
4 243 0.0136879325341627
4 255 0.0415445649303487
4 287 0.359437424117814
4 339 0.0524210898067787
4 345 0.020823470869576
4 370 0.0264576051156905
4 374 0.108926759308989
4 404 0.0964728126429806
4 479 0.0481483190511304
4 491 0.0154236535352611
4 492 0.0327291544135229
4 496 0.078208577954197
4 499 0.303949358554653
5 6 0.0160554591201323
5 8 0.0480533861657005
5 11 0.150837670598332
5 12 0.000370848608063082
5 13 0.0153256998922389
5 14 0.135704814061012
5 16 0.117419928647876
5 19 0.0938278144491272
5 22 0.105416143949544
5 38 0.0709452253886839
5 57 0.175386410449603
5 101 0.169822335778472
5 123 0.4244396275798
5 128 0.149033229452435
5 129 0.0286488715015532
5 140 0.0317189686141384
5 147 0.314624778458513
5 164 0.0038188959587419
5 183 0.0317918715419669
5 184 0.146522236651534
5 190 0.0231947231514789
5 201 0.0111259513743338
5 221 0.141867936778892
5 223 0.248675804288292
5 240 0.163259454801875
5 273 0.0531952823508684
5 296 0.000138995407535993
5 331 0.0696003661891219
5 335 0.0600767400787568
5 351 0.0615403649816841
5 362 0.042863962292143
5 377 0.361899585143601
5 388 0.100072909661273
5 452 0.1460408143925
5 470 0.0609284509829629
5 488 0.00440317539078548
5 493 0.0938479671919443
5 498 0.0104340667738932
6 3 0.233178885044408
6 5 0.0160554591201323
6 7 0.365389423503763
6 12 0.0135165311045537
6 16 0.151872263393063
6 18 0.204855744477195
6 19 0.00578619629463847
6 53 0.253757352073238
6 90 0.023196229789102
6 113 0.338717814904784
6 120 0.0710690216365587
6 124 0.0229443361521533
6 126 0.0967426539948367
6 128 0.031031256881764
6 139 0.250272625451043
6 144 0.133523152756065
6 162 0.124997704080538
6 163 0.00200053521825499
6 199 0.0741255594873676
6 208 0.015420485139701
6 241 0.0682187460328072
6 246 0.213351611573217
6 250 0.0474379683782366
6 269 0.0499936730552376
6 278 0.0209458676063682
6 290 0.320171799651863
6 328 0.48883721484862
6 382 0.0535567316003468
6 392 0.0350461257308401
6 406 0.0343626233390565
6 423 0.0709736847330565
6 448 0.242797287644905
6 453 0.0697107086095733
6 456 0.0495678397958308
6 468 0.0459974560275489
6 491 0.00144926722428541
6 494 0.403067283318479
6 495 0.152934169447161
6 496 0.252304245967172
6 497 0.0842083628114468
6 499 0.0377873470089038
7 0 0.106546686909738
7 3 0.0244651003755346
7 6 0.365389423503763
7 13 0.0330170137517319
7 21 0.164943361155822
7 22 0.449762438254219
7 33 0.218725307646586
7 37 0.0401237335313235
7 56 0.0778294487013387
7 78 0.308028830864049
7 138 0.137194590938748
7 146 0.171909480087718
7 156 0.0495734937612072
7 160 0.29921617857553
7 180 0.0356166265428925
7 189 0.0523701495811062
7 235 0.0681951785676301
7 245 0.176572207063886
7 304 0.0933293703798656
7 318 0.0852893986097712
7 332 0.00201711817609116
7 339 0.177875059469701
7 392 0.454671912089441
7 402 0.126944095825275
7 407 0.707951630781629
7 429 0.0302441175978082
7 440 0.121041103754273
7 462 0.00378382623980664
7 478 0.412080715757534
7 483 0.262794101022278
7 498 0.107299354059334
8 0 0.0215060358453777
8 5 0.0480533861657005
8 15 0.125876614171515
8 16 0.0172531340355451
8 39 0.0783503215053666
8 42 0.016948301767075
8 111 0.149761893347127
8 131 0.0691198895160632
8 135 0.538606466803032
8 161 0.136555796637036
8 162 0.2438650998981
8 198 0.0741157472920113
8 208 0.0399151875682601
8 234 0.053010011178519
8 252 0.0122121511865758
8 290 0.0507714147109187
8 312 0.0745705850622176
8 323 0.109514485886275
8 334 0.105706788591528
8 345 0.32024317229388
8 363 0.0469778601692594
8 372 0.149600688110621
8 384 0.0150321106457408
8 387 0.0220699868066035
8 397 0.171179286403269
8 404 0.206921992393398
8 412 0.376531477494756
8 420 0.0032922047615892
8 452 0.0996999727104094
8 453 0.287445589328105
8 473 0.0954293640578895
8 492 0.0183059827141078
8 493 0.193452089561967
9 10 0.304122607041976
9 11 0.200596578324602
9 17 0.181033889631753
9 18 0.365510828640897
9 25 0.0715407197692933
9 33 0.0797417327311351
9 40 0.193806734182117
9 67 0.008550455067713
9 72 0.457443535510898
9 73 0.0620119614772155
9 97 0.00834366100341943
9 111 0.111027412146571
9 142 0.134172939419933
9 195 0.439090351651253
9 238 0.0887833976634731
9 239 0.326503523134021
9 248 0.0255952443070295
9 254 0.0888509901851116
9 255 0.0169487619562456
9 258 0.0614846174611608
9 264 0.311026976928392
9 298 0.107903118609167
9 354 0.172210679184546
9 355 0.153364324833517
9 361 0.483613644218462
9 363 0.719538676620437
9 407 0.294678283858213
9 411 0.0606960276663911
9 467 0.158904001482128
9 482 0.177948679750686
9 491 0.0739072787431275
9 493 0.0435595484775241
9 498 0.0123170712402895
9 499 0.150162469193239
10 2 0.123628370191002
10 4 0.30904112080308
10 9 0.304122607041976
10 14 0.0333565486940855
10 17 0.206528560884063
10 25 0.100282141300738
10 35 0.0470848660383887
10 45 0.192023068891611
10 69 0.156675181992538
10 71 0.0839474674221984
10 78 0.129797982509712
10 122 0.0515125053077207
10 125 0.0936822745806311
10 137 0.148075822937933
10 161 0.214924970212534
10 165 0.224273186964172
10 193 0.00401814405600938
10 232 0.0520627043992528
10 250 0.0721702978143621
10 257 0.0744650720845953
10 259 0.0174226597555184
10 281 0.0356422945128831
10 285 0.0609294271568031
10 302 0.139616527317966
10 325 0.0653897983395413
10 329 0.174330775017627
10 331 0.178998499662658
10 336 0.0403200048919003
10 376 0.535375667894051
10 388 0.00500255338325069
10 402 0.0299460072165925
10 416 0.101347738017618
10 428 0.0425592933990212
10 456 0.0328710541077248
10 467 0.119406761203634
10 471 0.0578308234139978
10 473 0.130075005851346
10 476 0.0120360192529535
10 478 0.00894718605430057
10 479 0.247453233257689
10 488 0.184069139871783
10 493 0.316469009352193
11 2 0.120152715993969
11 3 0.101334654305017
11 4 0.165606920806254
11 5 0.150837670598332
11 9 0.200596578324602
11 14 0.267946507519123
11 15 0.740587931540782
11 20 0.0660490650712687
11 24 0.0394448498217614
11 26 0.0272179042442573
11 27 0.0149308445642687
11 63 0.125817845548211
11 76 0.0351715922297074
11 82 0.00478664691136692
11 86 0.316243230883873
11 150 0.00682488189186109
11 168 0.0315746556926697
11 220 0.00369907045057348
11 261 0.322180608854611
11 267 0.0470513244396274
11 270 0.0289865726118663
11 283 0.0201956744076397
11 297 0.0860303604059361
11 302 0.0211584222626689
11 317 0.0204019728473239
11 341 0.200136210757164
11 361 0.0364128956353689
11 367 0.707733160872751
11 382 0.0519777341055179
11 429 0.000584652747307538
11 446 0.166620100399569
11 468 0.203330133807861
11 470 0.041364567336818
11 495 0.186062768441436
12 3 0.0734036506154336
12 5 0.000370848608063082
12 6 0.0135165311045537
12 15 0.00459377934421865
12 16 0.111824155338841
12 20 0.0310859029598605
12 21 0.000439486590150646
12 25 0.0870420880532973
12 146 0.0102729893372536
12 173 0.0344294727071221
12 203 0.855974857661136
12 244 0.300151518947008
12 247 0.0417029468194742
12 254 0.0490068930365531
12 257 0.0823749658002705
12 261 0.351605333466232
12 288 0.222422369573286
12 324 0.0135309140163701
12 325 0.13629199673422
12 360 0.0372907857258661
12 370 0.0438673862288229
12 400 0.571879007656579
12 424 0.0102916138273678
12 478 0.346643892223539
12 495 0.0450836177953945
13 2 0.0233185916811804
13 5 0.0153256998922389
13 7 0.0330170137517319
13 16 0.0355431607338245
13 48 0.160194491828658
13 52 0.141103015455549
13 77 0.0179784709080182
13 78 0.123840503340819
13 125 0.0372459353069556
13 130 0.0668218512622634
13 131 0.204806680706728
13 147 0.122748115736081
13 184 0.0474585562907254
13 216 0.316586775397474
13 247 0.112126114654658
13 248 0.237874667579151
13 261 0.0399853890002332
13 306 0.100745909392618
13 315 0.0370030413799131
13 318 0.395547442296602
13 350 0.066824015952477
13 351 0.0069925781807123
13 387 0.0048254406899159
13 491 0.124589417558564
14 0 0.303761355666622
14 3 0.150057180731721
14 5 0.135704814061012
14 10 0.0333565486940855
14 11 0.267946507519123
14 15 0.316821641383948
14 18 0.236696508545004
14 22 0.288805028605372
14 26 0.0400702587211823
14 27 0.15551120753463
14 40 0.131329970701363
14 74 0.278046078966725
14 90 0.177504952516538
14 113 0.0118454351111957
14 117 0.0101636280917921
14 142 0.740601389003888
14 153 0.011044542669233
14 195 0.246207123329017
14 200 0.0862572854075958
14 272 0.0431920190253669
14 310 0.168420998039223
14 319 0.0723472339367196
14 325 0.0249109419331587
14 332 0.00817950365451344
14 358 0.0312716344289479
14 363 0.0456093199108643
14 386 0.0348332367133204
14 413 0.299548684861245
14 418 0.154704034140761
14 454 0.0518616987593672
14 484 0.154685534105414
14 492 0.275940909509351
14 498 0.0812776844744056
15 2 0.101460291904065
15 8 0.125876614171515
15 11 0.740587931540782
15 12 0.00459377934421865
15 14 0.316821641383948
15 16 0.174345090123493
15 18 0.0257259931826228
15 21 0.42515868780806
15 24 0.17405533693409
15 27 0.0565185795772496
15 29 0.00939060009795147
15 46 0.027848675675341
15 48 0.0579386331410466
15 51 0.539331843087136
15 105 0.00600498037220017
15 144 0.0915484525107483
15 154 0.000770580902117573
15 172 0.014811029005112
15 185 0.374283918268311
15 187 0.198546121334883
15 193 0.0124868742607092
15 212 0.553120535886896
15 223 0.0484232652117257
15 230 0.11708074400035
15 249 0.0822541259213354
15 252 0.104835256206443
15 313 0.46747704075964
15 334 0.158352324974628
15 348 0.128181894228471
15 385 0.0298303529280645
15 387 0.104813502121502
15 419 0.177744080163074
15 436 0.00730428033658301
15 447 0.0145994362745261
15 468 0.00328182090661156
15 499 0.0498739752513099
16 1 0.00768139910981279
16 4 0.0199849956970194
16 5 0.117419928647876
16 6 0.151872263393063
16 8 0.0172531340355451
16 12 0.111824155338841
16 13 0.0355431607338245
16 15 0.174345090123493
16 19 0.091487034249246
16 22 0.366582468405982
16 25 0.00750697871817613
16 26 0.675586612751152
16 31 0.189896709331482
16 59 0.0207291164440854
16 80 0.16512996356951
16 93 0.0919764514698259
16 112 0.221721420729212
16 116 0.0602696477013809
16 128 0.248364673571629
16 169 0.101117008215901
16 178 0.0323617543766526
16 199 0.172457288285841
16 200 0.100110291813067
16 229 0.0612191272747371
16 232 0.0973612507104637
16 240 0.189344566897479
16 246 0.0223429715397257
16 259 0.193574516949751
16 269 0.174637362234669
16 277 0.115482678763395
16 315 0.0470158218367264
16 321 0.327884706855996
16 360 0.00338347568564447
16 417 0.150543372865418
16 435 0.0551153722711701
16 465 0.097568604098553
16 481 0.0257409221782661
16 493 0.188559032754309
17 2 0.129646232354158
17 9 0.181033889631753
17 10 0.206528560884063
17 19 0.175383271083971
17 20 0.0976799218947258
17 27 0.119723860620161
17 30 0.129490022398249
17 31 0.1953804517097
17 33 0.17951229812908
17 68 0.145519934921123
17 84 0.112600641414682
17 112 0.282598863087951
17 118 0.170842971058207
17 129 0.00923813292584626
17 137 0.0918796331582339
17 175 0.0458166975905018
17 178 0.0158646540085566
17 195 0.120276851270827
17 205 0.0931088954022792
17 211 0.0777935844746808
17 225 0.149154384034717
17 273 0.0426053373429499
17 284 0.00511049513054024
17 300 0.127212211489655
17 303 0.22480191209798
17 320 0.0456459379473585
17 326 0.01419901012621
17 371 0.256935356613475
17 390 0.0720625247631464
17 425 0.159302710151606
17 435 0.136403326974435
17 458 0.0360548722279129
17 477 0.00468532330678901
17 488 0.103831717690157
18 0 0.238572663756121
18 6 0.204855744477195
18 9 0.365510828640897
18 14 0.236696508545004
18 15 0.0257259931826228
18 20 0.512989373319295
18 40 0.0953970809983318
18 50 0.0158293724754871
18 61 0.00816649065074271
18 72 0.0188884997914346
18 83 0.090259535916246
18 88 0.0336112232374798
18 162 0.12634123403052
18 164 0.0496003327111692
18 167 0.121436305826516
18 182 0.311733524997119
18 192 0.184730910258929
18 202 0.0516728492675946
18 243 0.0122013660618881
18 245 0.0634175805631013
18 246 0.0476540306558846
18 267 0.183703052991058
18 295 0.159547585286121
18 296 0.337089553989815
18 301 0.0463320447212848
18 339 0.0526242976629784
18 366 0.0853247943074122
18 389 0.0191860205426729
18 435 0.120172942110801
18 437 0.142728473777804
18 445 0.120209482529246
18 463 0.294524429577878
18 471 0.119654660517312
18 472 0.00134682848474545
18 483 0.202940687386299
18 484 0.109793507265041
19 5 0.0938278144491272
19 6 0.00578619629463847
19 16 0.091487034249246
19 17 0.175383271083971
19 22 0.0893603854927148
19 30 0.227812230799486
19 31 0.0833661709502202
19 33 0.128766895366031
19 35 0.109560204491392
19 61 0.0202538702292516
19 73 0.0215234023276165
19 103 0.036121605857007
19 112 0.067036989884203
19 132 0.0735934930684168
19 140 0.00131608173453912
19 207 0.112622538845087
19 249 0.376193048638648
19 302 0.00447832935555912
19 354 0.162752278729922
19 370 0.00722750942639382
19 376 0.638008367642673
19 388 0.000546322855777008
19 422 0.105362689949675
19 434 0.0248800757243312
19 480 0.408224138626295
19 488 0.0396078783098358
19 498 0.163102738351067
20 11 0.0660490650712687
20 12 0.0310859029598605
20 17 0.0976799218947258
20 18 0.512989373319295
20 24 0.443812709416782
20 25 0.260188162385175
20 27 0.455809745244022
20 30 0.126195805729665
20 35 0.027081513873088
20 73 0.019143195305262
20 124 0.0124947303281542
20 141 0.0258232700876838
20 146 0.155724366636815
20 155 0.217587471059408
20 187 0.468204449094766
20 207 0.0761516739627405
20 221 0.0831610540454115
20 240 0.266569817969074
20 247 0.0234436219696672
20 255 0.0879670384142891
20 273 0.0664525489917569
20 278 0.217751564867261
20 281 0.021558886812538
20 287 0.210678818217962
20 305 0.0957886852506195
20 309 0.259750660708057
20 348 0.074488324660764
20 423 0.0695267773243585
21 7 0.164943361155822
21 12 0.000439486590150646
21 15 0.42515868780806
21 26 0.0331692530824059
21 27 0.0679390833839152
21 34 0.418315823412503
21 36 0.000790059784215822
21 66 0.000184127396690622
21 114 0.503160948670426
21 135 0.299676982765271
21 234 0.127744771161856
21 273 0.487322182274575
21 281 0.29632459016779
21 303 0.248177674951359
21 315 0.0900854009294272
21 346 0.15623951443273
21 348 0.0635378711475747
21 363 0.0113123720631465
21 404 0.0311401242821717
21 419 0.00907770795938693
21 442 0.0167016428824077
21 472 0.0247807970581481
21 489 0.0288836293603459
21 495 0.044706418221911
21 497 0.111409753531657
22 5 0.105416143949544
22 7 0.449762438254219
22 14 0.288805028605372
22 16 0.366582468405982
22 19 0.0893603854927148
22 31 0.370481527824766
22 42 0.00867054971234114
22 58 0.0806032079486394
22 68 0.0738780157747525
22 103 0.129179728184734
22 112 0.479346960306606
22 129 0.0115311234779542
22 142 0.240559037674623
22 152 0.0425168123050312
22 157 0.069831900639773
22 164 0.160177814199278
22 211 0.0627048222534434
22 214 0.0253546054891621
22 238 0.0380141495176842
22 248 0.175558037362411
22 257 0.00159164771774231
22 278 0.280687892842322
22 303 0.128411360941801
22 327 0.199350307062577
22 347 0.118373694529406
22 364 0.0138176157405669
22 367 0.132618142313732
22 372 0.300011250459176
22 390 0.214580344374763
22 423 0.146152328789482
22 426 0.0261643057461698
22 438 0.336769336973517
22 455 0.147507343567285
22 456 0.0688877292418876
22 471 0.0724251591896767
22 487 0.0501152198607549
23 3 0.0283663299118445
23 25 0.0490551494973223
23 34 0.0985183101776975
23 35 0.186206890012329
23 39 0.277425407864869
23 40 0.00981220071526624
23 56 0.0359725250212816
23 98 0.0332576363617874
23 100 0.00727757335035409
23 101 0.1229423259511
23 109 0.280642899296123
23 178 0.012073554841419
23 184 0.167736437645792
23 231 0.0647929488954673
23 246 0.000681248016788602
23 293 0.0635307242178648
23 302 0.309360851114591
23 314 0.105331691890526
23 332 0.0497493268700603
23 338 0.0931566229888594
23 406 0.0551018992571902
23 415 0.0273194469899685
23 421 0.0156285056273621
23 427 0.0426137101442084
23 440 0.162124226596493
23 451 0.458463002182246
24 1 0.00559297562477658
24 11 0.0394448498217614
24 15 0.17405533693409
24 20 0.443812709416782
24 36 0.104161832643834
24 42 0.252518841752148
24 48 0.147806542884695
24 81 0.0329006491360962
24 92 0.0244830333234011
24 123 0.0874913045936267
24 189 0.0907777256355419
24 204 0.101624739049182
24 224 0.24530282694308
24 232 0.340400319999604
24 244 0.0194953897688746
24 246 0.192141865417975
24 251 0.205233314649806
24 260 0.232525287337994
24 265 0.0853000335619988
24 350 0.226973346082284
24 373 0.472309946112414
24 379 0.0412441774044622
24 403 0.0025737987030713
24 419 0.0595035937661024
24 440 0.196961693943093
24 472 0.20937933360426
24 477 0.11473011103039
24 488 0.0930493840444223
24 496 0.264585962570384
25 9 0.0715407197692933
25 10 0.100282141300738
25 12 0.0870420880532973
25 16 0.00750697871817613
25 20 0.260188162385175
25 23 0.0490551494973223
25 30 0.019221245327587
25 33 0.0740451264540805
25 35 0.102632329036057
25 37 0.0169475422230306
25 40 0.0421856496166537
25 68 0.0503462469847118
25 115 0.0879862011005868
25 124 0.107552128608703
25 126 0.241542517411537
25 144 0.0903289338262804
25 167 0.239856538796369
25 181 0.00364936914217062
25 200 0.0821476571830289
25 204 0.0910725223774961
25 234 0.0540409881809148
25 264 0.0866589635152379
25 270 0.469128751559328
25 290 0.0355569674011162
25 292 0.349671100087057
25 313 0.149829959744503
25 402 0.0160922792358883
25 422 0.0438419425184695
25 427 0.0439231089093777
25 429 0.0178764277344823
25 437 0.0366218352082165
25 444 0.00462191744321721
25 477 0.058436562484466
25 494 0.0376581366833397
26 11 0.0272179042442573
26 14 0.0400702587211823
26 16 0.675586612751152
26 21 0.0331692530824059
26 28 0.00984514809415591
26 31 0.266113561549451
26 36 0.00114500083108767
26 41 0.075584318449883
26 83 0.0609611179027589
26 87 0.269535746297461
26 101 0.0607688464717121
26 163 0.180324788592213
26 168 0.00333781369068856
26 202 0.00943870165548703
26 206 0.126339815431896
26 211 0.101210593136721
26 233 0.0379126390937511
26 235 0.160896781240969
26 242 0.359650670553247
26 245 0.0202673511656372
26 288 0.0196422018819812
26 305 0.688778871277279
26 314 0.0521424138610989
26 329 0.137022829762452
26 330 0.020768813352024
26 340 0.0261875764021825
26 342 0.0420929765392411
26 344 0.0154306963133935
26 360 0.126696506313887
26 369 0.109281932885533
26 377 0.096133786063639
26 407 0.0252655528751485
26 414 0.0196964253722279
26 442 0.0377256094743236
26 449 0.138461920168624
26 456 0.021537910558016
26 461 0.0541084153618006
26 468 0.142509777491113
26 488 0.159435773207866
27 3 0.0644188572355511
27 11 0.0149308445642687
27 14 0.15551120753463
27 15 0.0565185795772496
27 17 0.119723860620161
27 20 0.455809745244022
27 21 0.0679390833839152
27 29 0.163916365599361
27 32 0.125267901168076
27 33 0.00295152683367899
27 34 0.000990837372708644
27 39 0.100339389388651
27 47 0.548412190439859
27 49 0.171720347023641
27 94 0.0415767839702729
27 123 0.00459675438559206
27 153 0.0803567309111332
27 166 0.0979316000556655
27 213 0.0481451348775275
27 248 0.0379885956142898
27 288 0.138123244704264
27 344 0.0750136307673879
27 363 0.0616762907275864
27 399 0.067072272312622
27 406 0.0615767890349029
27 429 0.0309741761303823
27 459 0.0655971884937567
28 26 0.00984514809415591
28 33 0.0558913756256534
28 36 0.279028713519925
28 38 0.359893036144779
28 39 0.089682577314181
28 44 0.0113351659445702
28 54 0.0113668015706294
28 66 0.179263571522105
28 166 0.0346437137674389
28 186 0.189230949496903
28 254 0.0623051020224528
28 265 0.116617879153137
28 279 0.0181450525205812
28 320 0.237462504908669
28 324 0.0019706870272851
28 326 0.0384560341756028
28 352 0.0295441353169507
28 357 0.0376216064071244
28 359 0.0916228645570898
28 363 0.0341064970182019
28 365 0.274625478764609
28 385 0.356736569389608
28 419 0.011048084556155
28 426 0.0199813980950065
28 476 0.0415955697152025
28 481 0.151679183371732
28 492 0.408756586424549
29 15 0.00939060009795147
29 27 0.163916365599361
29 30 0.0164178469329565
29 35 0.0409068193427813
29 42 0.00356344606235871
29 48 0.00163288350562721
29 108 0.175379475125577
29 110 0.209846302248436
29 121 0.20613950561275
29 147 0.163260211592626
29 182 0.196799217666606
29 192 0.0411645341217154
29 213 0.0797204813697274
29 225 0.18087905863582
29 254 0.0392687548758463
29 282 0.136004739472595
29 292 0.227948736530725
29 294 0.0538196684175245
29 300 0.126187575891352
29 304 0.0645251830288558
29 341 0.00369509677619546
29 351 0.000412184799029986
29 366 0.275304740318408
29 370 0.0381896684464208
29 379 0.0544340351360006
29 388 0.0076532680895472
29 404 0.39420478366871
29 419 0.227757353966912
29 460 0.00603327920357613
29 470 0.0902076643043233
29 472 0.0509166781387123
30 17 0.129490022398249
30 19 0.227812230799486
30 20 0.126195805729665
30 25 0.019221245327587
30 29 0.0164178469329565
30 33 0.492396351261422
30 36 0.179990919415125
30 37 0.206795944932909
30 38 0.106023993429323
30 45 0.209864810569107
30 127 0.117287972387819
30 136 0.278498276755255
30 188 0.132132078724979
30 195 0.14265465149749
30 260 0.0771914084548651
30 271 0.0385248034609464
30 274 0.168570938284007
30 295 0.0626818285006609
30 322 0.287193775351618
30 354 0.148270398453194
30 374 0.0577607404671888
30 422 0.300105336776512
30 429 0.0690156914043926
30 475 0.102707904643201
30 482 0.0967691464317674
31 16 0.189896709331482
31 17 0.1953804517097
31 19 0.0833661709502202
31 22 0.370481527824766
31 26 0.266113561549451
31 32 0.187032578152416
31 46 0.153315870223071
31 48 0.0542189256748354
31 74 0.00661274378296493
31 78 0.465039752117751
31 88 0.124702065185987
31 94 0.120040683540543
31 104 0.172281672642687
31 109 0.188648035202639
31 126 0.172883729293994
31 151 0.360791642971772
31 167 0.03415092701432
31 171 0.107347695330123
31 197 0.00510890121824562
31 204 0.565746616711397
31 212 0.156935004957633
31 216 0.00594605304989315
31 235 0.173014435244287
31 236 0.136644142989087
31 241 0.228442666669654
31 263 0.00708759152470799
31 276 0.0338897025592005
31 290 0.00955784009390075
31 291 0.074379508972396
31 292 0.207633144426419
31 369 0.0179167076019047
31 453 0.086038458759785
31 482 0.158172840704398
31 496 0.225319869323492
31 499 0.29648383883283
32 27 0.125267901168076
32 31 0.187032578152416
32 33 0.052624409433016
32 35 0.0748193355816777
32 38 0.0919455600386032
32 40 0.203266115420354
32 48 0.0211742470641328
32 52 0.107136040110547
32 66 0.0198942726305406
32 76 0.129180688147316
32 198 0.22746652655175
32 254 0.175937564687367
32 256 0.506782866312888
32 274 0.026836147106519
32 277 0.0491877514450849
32 279 0.211147638065311
32 283 0.129295690077483
32 308 0.242816071220917
32 357 0.0470310864237662
32 417 0.0424605238914677
32 429 0.0425459324756138
32 465 0.0687965666839713
32 476 0.327187976133943
32 489 0.130768326404673
33 7 0.218725307646586
33 9 0.0797417327311351
33 17 0.17951229812908
33 19 0.128766895366031
33 25 0.0740451264540805
33 27 0.00295152683367899
33 28 0.0558913756256534
33 30 0.492396351261422
33 32 0.052624409433016
33 38 0.500463126505031
33 39 0.00780150683220099
33 42 0.644098207693489
33 59 0.00711719374719286
33 67 0.252021478495802
33 108 0.184767380539723
33 110 0.0158619413037634
33 120 0.207218318874594
33 129 0.0839920638440891
33 163 0.165792301104878
33 171 0.154791620402784
33 178 0.115787418894027
33 203 0.0419846172039375
33 214 0.127061713901184
33 243 0.169393496827898
33 252 0.354499890128359
33 262 0.0167001091873759
33 282 0.0097637464977949
33 297 0.0181061797184382
33 303 0.0900608936345792
33 306 0.0182085735592508
33 313 0.0035567737887769
33 324 0.0686507005678932
33 388 0.164731778357169
33 404 0.0861181749561265
33 423 0.107262370553581
33 440 0.0877126556844107
33 455 0.0010419196316144
33 496 0.202561624638668
34 21 0.418315823412503
34 23 0.0985183101776975
34 27 0.000990837372708644
34 38 0.0175766006686419
34 39 0.0883608184828573
34 46 0.27189065830437
34 48 0.190607190276601
34 50 0.0386345250425191
34 54 0.248010909325562
34 55 0.0108055388161633
34 63 0.0876026737724473
34 68 0.0438012171118008
34 72 0.0116709778847739
34 109 0.0378543882475514
34 142 0.197495812981932
34 151 0.119322963748415
34 183 0.0318144529041917
34 201 0.260433893388649
34 234 0.255968326804633
34 245 0.018209792478225
34 250 0.0275931102607845
34 269 0.456401229669197
34 281 0.213723012142209
34 291 0.035393609660115
34 306 0.0579148663688467
34 358 0.0530268737516799
34 387 0.0441070781360788
34 426 0.0108686657084213
34 433 0.0932654891838419
34 444 0.103912818241738
34 450 0.208967166563944
34 488 0.00515312940767315
35 2 0.276621668572425
35 10 0.0470848660383887
35 19 0.109560204491392
35 20 0.027081513873088
35 23 0.186206890012329
35 25 0.102632329036057
35 29 0.0409068193427813
35 32 0.0748193355816777
35 44 0.265538662900092
35 47 0.0112312260383062
35 51 0.196198041001548
35 116 0.293991143341179
35 145 0.186971213392593
35 157 0.121677683554545
35 176 0.171654132847831
35 185 0.0398408368089957
35 208 0.016020566397276
35 227 0.0813533642634031
35 233 0.0624233321958955
35 260 0.371152271285352
35 292 0.0609475492327687
35 341 0.132620430049218
35 350 0.045957144962266
35 362 0.0757005542227431
35 386 0.0363949254564084
35 396 0.0402209524087496
35 430 0.0269360310813935
35 439 0.186490461314422
35 451 0.00925180541457231
35 469 0.0216035209801906
35 489 0.545861648621781
36 4 0.322065800952831
36 21 0.000790059784215822
36 24 0.104161832643834
36 26 0.00114500083108767
36 28 0.279028713519925
36 30 0.179990919415125
36 37 0.0874792029608616
36 40 0.0387971082897229
36 43 0.141208910587531
36 51 0.232732330278931
36 62 0.0712745215752727
36 88 0.14539475873525
36 105 0.0903991101422708
36 126 0.00711230066560321
36 147 0.0925865203637992
36 154 0.0683395239193201
36 174 0.0680088447428958
36 191 0.11446150553808
36 245 0.0880490330584618
36 277 0.0734057035465778
36 376 0.0479655909150155
36 395 0.003137535252123
36 421 0.0839201287011592
36 447 0.0499808100822666
36 465 0.127572481083454
36 470 0.0832450739831846
36 481 0.0797374325753044
36 487 0.0333740471372007
36 494 0.0874908790536266
37 7 0.0401237335313235
37 25 0.0169475422230306
37 30 0.206795944932909
37 36 0.0874792029608616
37 41 0.0804115051874189
37 49 0.0170332914965906
37 51 0.119371330495287
37 52 0.0936567578445058
37 64 0.0304766733341001
37 84 0.0258908963029454
37 99 0.216498867921913
37 114 0.0945932756759189
37 115 0.0654804739664112
37 159 0.064930958261642
37 214 0.0150882100856512
37 216 0.0182235583380524
37 221 0.0186318204777842
37 230 0.137270268191272
37 241 0.0725450255391793
37 248 0.0879190426443172
37 279 0.0792482292231546
37 281 0.0872860173283605
37 299 0.0194986864470608
37 314 0.0835441918958433
37 349 0.319710772837709
37 372 0.147915388702773
37 379 0.0330876465286898
37 397 0.206840173566371
37 403 0.149961587595385
37 405 0.0201845267690198
37 417 0.185828485929877
38 1 0.144508115691654
38 4 0.139921124306542
38 5 0.0709452253886839
38 28 0.359893036144779
38 30 0.106023993429323
38 32 0.0919455600386032
38 33 0.500463126505031
38 34 0.0175766006686419
38 40 0.190215656043727
38 41 0.12278969603793
38 47 0.0261589950148147
38 48 0.0300505661408922
38 53 0.163622459176792
38 89 0.160642106136491
38 125 0.0550129175418938
38 161 0.0353581961580048
38 170 0.154793179936277
38 202 0.34105878687274
38 205 0.0913847008129561
38 209 0.0114250936066089
38 273 0.00440340588362643
38 276 0.130126134131218
38 313 0.436132560463472
38 360 0.407330635716463
38 397 0.20589527964013
38 399 0.0283347504369037
38 449 0.11790712861561
38 454 0.0241495387666772
38 459 0.0169992685885884
38 465 0.0639112348803656
38 483 0.00272015479382772
38 497 0.0618917481629633
39 4 0.0662422548284595
39 8 0.0783503215053666
39 23 0.277425407864869
39 27 0.100339389388651
39 28 0.089682577314181
39 33 0.00780150683220099
39 34 0.0883608184828573
39 40 0.0366732870083155
39 43 0.0298138625701928
39 47 0.0462630475137642
39 51 0.662473094706325
39 52 0.068336179228884
39 54 0.0660913587715795
39 55 0.64732323833093
39 63 0.271962445721475
39 66 0.0461138559572383
39 96 0.049938780943572
39 104 0.0625252434090067
39 108 0.0282832561997041
39 109 0.0143245419374959
39 123 0.239788656906383
39 185 0.0132143039570414
39 201 0.132755864771794
39 219 0.0513272287792862
39 220 0.106693147583527
39 223 0.0392299573382884
39 255 0.0304889618362306
39 263 0.190430435563791
39 280 0.285944233770593
39 281 0.0505704256453089
39 345 0.0895292698731074
39 356 0.128242745291223
39 372 0.0264385464134659
39 449 0.138797733771958
39 469 0.270349158443291
39 474 0.288296497966847
40 9 0.193806734182117
40 14 0.131329970701363
40 18 0.0953970809983318
40 23 0.00981220071526624
40 25 0.0421856496166537
40 32 0.203266115420354
40 36 0.0387971082897229
40 38 0.190215656043727
40 39 0.0366732870083155
40 41 0.0138636366891606
40 42 0.0914940281447939
40 43 0.512163066817415
40 45 0.464279978807467
40 51 0.139474249013813
40 53 0.129269055655027
40 54 0.0288357346783856
40 62 0.111527842488532
40 71 0.0352003872589771
40 92 0.0886641046436059
40 100 0.0227152310415655
40 160 0.114992454770525
40 242 0.0805874155701904
40 248 0.135804742576066
40 253 0.0841597544087525
40 278 0.0264136176610536
40 316 0.00164986221767494
40 327 0.0393731207411556
40 353 0.439976721985908
40 367 0.129886117393181
40 388 0.0159486709732161
40 392 0.349165375842727
40 453 0.352659144317818
40 486 0.241906295579914
40 490 0.0419429181932313
40 492 0.36392922063041
41 26 0.075584318449883
41 37 0.0804115051874189
41 38 0.12278969603793
41 40 0.0138636366891606
41 42 0.306037964225041
41 50 0.00956429698377981
41 53 0.0875397957263772
41 55 0.0096995841739896
41 59 0.0713452980542311
41 91 0.195243068245139
41 152 0.224784369710806
41 161 0.0485263294220495
41 187 0.388680769176842
41 212 0.0104747955783421
41 213 0.0464955263545452
41 249 0.0115026009271449
41 290 0.256668702999346
41 327 0.0938022528206817
41 333 0.00739622906597031
41 343 0.0031026257617397
41 359 0.0625147590619245
41 413 0.195623979378505
41 422 0.306712076084773
41 428 0.00986331812318414
41 431 0.00407146530798344
41 453 0.00845467379946955
41 465 0.110210858039735
41 471 0.00110751436467582
42 1 0.0193844032035398
42 8 0.016948301767075
42 22 0.00867054971234114
42 24 0.252518841752148
42 29 0.00356344606235871
42 33 0.644098207693489
42 40 0.0914940281447939
42 41 0.306037964225041
42 45 0.182301192080133
42 46 0.260254148939499
42 48 0.0381661678104669
42 68 0.133817711985323
42 73 0.0872043965098952
42 84 0.0599904474149957
42 92 0.0177659525362787
42 120 0.0888200319536294
42 160 0.0108880426612915
42 197 0.0151515794208388
42 216 0.0166984577305859
42 221 0.229525590245587
42 272 0.296708382192516
42 291 0.00790286515719881
42 303 0.0807452806073789
42 307 0.294245011059244
42 348 0.10694463872512
42 358 0.0437293205164544
42 435 0.584982571988065
42 456 0.12178289137585
42 471 0.0570012745635362
42 482 0.0929113506986245
42 493 0.335897741785393
43 36 0.141208910587531
43 39 0.0298138625701928
43 40 0.512163066817415
43 44 0.00546515520612414
43 45 0.0390672192403284
43 53 0.0401372847810283
43 54 0.132220414012297
43 56 0.025186123802264
43 73 0.0508038542979211
43 83 0.275457979270677
43 117 0.109039422187469
43 134 0.00703428980179059
43 143 0.0535743248834958
43 144 0.459962123214618
43 151 0.13617592967179
43 152 0.145109824634387
43 161 0.0787542129303903
43 196 0.00907040269492775
43 197 0.0558084280025318
43 224 0.0608974768387009
43 231 0.0568365951355652
43 240 0.0551778021251423
43 265 0.0556691383555614
43 268 0.0984293680425813
43 285 0.0203037829268349
43 292 0.0749004419523299
43 357 0.0750623499723036
43 367 0.0210351778566364
43 398 0.0817448362195752
43 415 0.0310683934180642
43 419 0.164089243665506
43 464 0.0361156128203854
43 471 0.0161804031476404
44 28 0.0113351659445702
44 35 0.265538662900092
44 43 0.00546515520612414
44 46 0.130535204734507
44 48 0.126203235928055
44 53 0.201346892974224
44 55 0.00107639225879086
44 73 0.0485065914777846
44 78 0.0921865810421603
44 100 0.155656669166639
44 107 0.146100541509944
44 170 0.0109255582272294
44 183 0.0104381846382781
44 187 0.1872864711003
44 202 0.039648760068447
44 213 0.417118750875369
44 241 0.0357052918457084
44 287 0.0999849873507846
44 299 0.00789731558780488
44 302 0.127678037005605
44 322 0.121999182420751
44 345 0.16080959243448
44 346 0.784047296770495
44 347 0.184083210146504
44 348 0.188864522393505
44 379 0.185443084522905
44 383 0.0759508810934643
44 407 0.148901627807229
44 422 0.304091296259406
44 444 0.10319256564195
44 447 0.108027664720318
44 451 0.247811690453593
44 460 0.117958104416354
44 494 0.0627721464768777
45 1 0.0109442856887861
45 10 0.192023068891611
45 30 0.209864810569107
45 40 0.464279978807467
45 42 0.182301192080133
45 43 0.0390672192403284
45 47 0.16682675409506
45 53 0.0230495451274364
45 55 0.0500587487430365
45 61 0.0955412630860464
45 90 0.149443796733278
45 100 0.0300980101884173
45 130 0.0463704105895136
45 139 0.194465737172814
45 156 0.406779478147001
45 180 0.00263947951176367
45 189 0.121147307754915
45 197 0.0535213873697092
45 215 0.10437393122549
45 219 0.0815703674471848
45 228 0.15753114052747
45 229 0.386451710615929
45 241 0.14847051579123
45 251 0.183818223768589
45 252 0.0280929346365786
45 323 0.145105035157282
45 334 0.0207838432153721
45 375 0.0229653885942111
45 402 0.184113943905341
45 411 0.130098083389546
45 415 0.134964633852461
45 416 0.373068227438619
45 421 0.140278884709844
45 429 0.147955121465894
45 437 0.0449682378191013
45 440 0.14783162720157
45 441 0.0139410963755384
45 447 0.0136834283547732
45 455 0.0770108464279574
45 483 0.0332824698801095
45 499 0.0496368032445387
46 15 0.027848675675341
46 31 0.153315870223071
46 34 0.27189065830437
46 42 0.260254148939499
46 44 0.130535204734507
46 48 0.21125248881549
46 51 0.0408223844519696
46 73 0.159640401390097
46 94 0.0638054543412798
46 99 0.0531547811614925
46 120 0.287999883307386
46 217 0.193263463781364
46 224 0.0855096277012926
46 226 0.222549212903142
46 228 0.467314971154929
46 250 0.16251809989888
46 277 0.288025486443938
46 278 0.112061655557645
46 279 0.23363754621027
46 284 0.00696888897064119
46 286 0.0262966987525463
46 297 0.0199694575513597
46 311 0.00141222557835123
46 312 0.300431896302025
46 322 0.0250280894207865
46 356 0.0411876496486033
46 388 0.0379145075060957
46 394 0.042349374208871
46 410 0.301296522460211
46 421 0.399879229520471
46 450 0.0752478540326008
46 497 0.187482089879943
46 499 0.0277327930588114
47 27 0.548412190439859
47 35 0.0112312260383062
47 38 0.0261589950148147
47 39 0.0462630475137642
47 45 0.16682675409506
47 54 0.138191775718867
47 56 0.0536002319089716
47 59 0.149254997304302
47 60 0.00024099396319216
47 62 0.244189944362979
47 80 0.0311195889141243
47 90 0.171857990133199
47 100 0.0480912243455567
47 110 0.573698463475455
47 111 0.0175495086149348
47 113 0.0137943743573451
47 141 0.020670605053757
47 178 0.0703392211675897
47 195 0.185766380143276
47 202 0.0293399342175757
47 209 0.0597697925297676
47 220 0.0103212804809225
47 222 0.0125510750371905
47 266 0.0179985431874738
47 268 0.00120162999358247
47 293 0.0644674759664053
47 305 0.0880264041447225
