0 4 0.0291103492207423
0 7 0.037106485448037
0 10 0.0703781548538521
0 11 0.0222285141855128
0 14 0.12802011005072
0 57 0.0387744744547329
0 67 0.102439271364535
0 71 0.0568432948328137
0 82 0.0991546473476225
0 88 0.086532971792215
0 128 0.028997147647533
0 129 0.249853392335672
0 148 0.0240918876099002
0 159 0.11323860940662
0 172 0.00757752848961645
0 222 0.0917653252225859
0 249 0.331589832328632
0 349 0.0669400421882838
0 425 0.101844106513213
0 462 0.0274013701910836
0 480 0.0260206261760358
0 481 0.0604993816349522
0 485 0.0805432863010015
0 489 0.00422719350420513
0 516 0.0199471383726535
0 536 0.201648266521351
0 540 0.108535707341875
0 543 0.148567336738767
0 546 0.137309683879543
0 558 0.00109650936499409
0 602 0.0572699894531549
0 655 0.0883843565213158
0 662 0.100309161433887
0 664 0.0419836205457597
0 666 0.0622753305521524
0 711 0.0285910145960819
0 733 0.0055060222289234
0 738 0.12612454294864
0 739 0.0687197941647423
0 740 0.0566784911404933
0 741 0.171124457475595
0 745 0.175089739210426
0 748 0.338678675597423
1 4 0.142957032424421
1 10 0.0309354108974472
1 11 0.0494900621041557
1 16 0.0226516552249329
1 17 0.355796412440481
1 18 0.219699313590178
1 25 0.274549607805181
1 60 0.237690431103032
1 106 0.157351264002441
1 127 0.065228413357558
1 138 0.170347685336133
1 141 0.00655838384884638
1 154 0.0938240368911248
1 175 0.050656427186724
1 188 0.0296509424656412
1 206 0.0843380343814576
1 229 0.00915730337441243
1 235 0.347908237925399
1 262 0.0956596237515724
1 271 0.14060412699098
1 298 0.0821675966114106
1 323 0.00116301205310784
1 342 0.0351414448873585
1 424 0.0887266142443087
1 489 0.0535899925531347
1 510 0.11546372953572
1 592 0.770254010726052
1 606 0.0434227745313409
1 632 0.00659135569537203
1 677 0.0111497353542678
1 679 0.0298700480858428
1 715 0.0160044394342629
1 738 0.193565699488521
2 5 0.308272832424982
2 8 0.155347858757941
2 9 0.212295222830722
2 10 0.201431700613881
2 11 0.0754001230615195
2 12 0.0565840929997742
2 13 0.0824695808566654
2 17 0.0760863932057875
2 18 0.0167268375967294
2 21 0.0139782629020867
2 38 0.0968925245425732
2 69 0.169881116926906
2 139 0.197560353883764
2 168 0.219651258420895
2 206 0.0232657577266097
2 212 0.00176422413752407
2 225 0.114266933851222
2 232 0.0202088482255269
2 280 0.134434152975201
2 288 0.358266292583026
2 290 0.151903153096871
2 310 0.111941399857524
2 353 0.0636364822542423
2 394 0.0589105265544258
2 407 0.117260164637923
2 484 0.317531331863513
2 505 0.016413218792928
2 557 0.101486188893845
2 573 0.0174628733290224
2 581 0.160644736330285
2 620 0.0614434535306383
2 642 0.211022715938883
2 695 0.0122396284125054
2 714 0.0786762173494424
2 734 0.0142728763020205
2 737 0.0641798546012154
2 744 0.0112437361667316
3 9 0.120174800876559
3 13 0.275206188687711
3 18 0.117763762385308
3 20 0.0122562787752469
3 98 0.0992692605992939
3 172 0.0143751142941387
3 180 0.397193355851591
3 199 0.00036891351941796
3 201 0.238395604141829
3 211 0.00445041009024651
3 269 0.093131924314474
3 295 0.157211027625342
3 319 0.150049456726378
3 376 0.170641701458222
3 387 0.0401308996010236
3 443 0.313507178059455
3 463 0.0784992251667901
3 469 0.0166466924843238
3 494 0.0841258358252849
3 498 0.133501682576039
3 510 0.228352536368301
3 527 0.235665159937939
3 572 0.238983009832455
3 579 0.275740624287025
3 614 0.024534143018714
3 628 0.191692089735836
3 695 0.0521901594012787
3 700 0.312534322845762
3 729 0.119043838435713
3 737 0.138401633303403
3 744 0.151254335113648
3 746 0.0172316369238287
4 0 0.0291103492207423
4 1 0.142957032424421
4 13 0.0528109835140271
4 20 0.045067145968852
4 36 0.0272597333774677
4 177 0.0714587841882551
4 193 0.0680122565095906
4 196 0.144822893245794
4 255 0.125942359718875
4 286 0.115738030241041
4 303 0.0501375051368574
4 326 0.0769651166250665
4 348 0.0564476413332998
4 391 0.0757725061370319
4 438 0.0986016327819163
4 487 0.0618874903046171
4 532 0.357424271186705
4 565 0.0507532203862687
4 567 0.012775712540532
4 568 0.0751868942092309
4 610 0.0743191504175404
4 611 0.152093042704425
4 631 0.118929447494906
4 635 0.0142379972183591
4 639 0.186719914771881
4 653 0.0252342063431838
4 675 0.0701854307521715
4 693 0.00893291470074117
4 697 0.143177810474625
4 737 0.162825110450126
4 740 0.127032172718238
4 742 0.304224297124614
4 744 0.052003410257043
4 745 0.131863473583822
4 748 0.398127202975621
5 2 0.308272832424982
5 15 0.0247153027861178
5 16 0.0581537834848273
5 21 0.0205477951367661
5 30 0.130273934758174
5 31 0.0353831701126538
5 38 0.0425181243997668
5 84 0.0238302631965399
5 87 0.00597236325605311
5 121 0.276031224822833
5 127 0.0232976000105074
5 142 0.148422153686717
5 143 0.0118309075602525
5 189 0.279597399703379
5 221 0.0437960103478031
5 239 0.012775554670994
5 262 0.109581268567596
5 307 0.0868067738599833
5 353 0.00436741476854502
5 368 0.469097228747633
5 372 0.0341080160640961
5 383 0.0568111975212244
5 388 0.0154342585504002
5 392 0.00358424471613532
5 398 0.246314099834681
5 425 0.0444860420917927
5 440 0.021145663663959
5 593 0.0786935584177858
5 689 0.0823619776268522
5 700 0.0231701208506839
5 705 0.00510133754477658
5 725 0.0425141778577146
5 729 0.121515139486579
5 746 0.00484797460459431
5 747 0.147480902684406
5 748 0.0087802532916746
6 12 0.0869071669645058
6 19 0.0757639149228728
6 24 0.714297713342991
6 34 0.0505052035791443
6 49 0.144031037623464
6 62 0.0487192942716767
6 113 0.0195101765631892
6 136 0.0715886437507741
6 154 0.0374795402642479
6 155 0.0277063710929111
6 178 0.0589280106060143
6 210 0.0822059655364599
6 228 0.0457226491771571
6 240 0.265332723574901
6 352 0.0598157581041504
6 373 0.193380902550385
6 377 0.0195045333705228
6 384 0.026834546459461
6 404 0.0667625102700031
6 410 0.254556429046806
6 415 0.0841183208538705
6 417 0.110536879372984
6 496 0.0449967992315474
6 514 0.179350663888433
6 517 0.166416944618688
6 590 0.0999991000245319
6 598 0.0637128706853378
6 633 0.178918340306684
6 642 0.188730551063376
6 678 0.0256989069803768
6 740 0.224844078248434
6 741 0.0208256712365856
6 747 0.00606023635604056
7 0 0.037106485448037
7 16 0.0875459302474485
7 17 0.0346427607244939
7 19 0.163751954856631
7 20 0.271284773770306
7 22 0.313058878298809
7 60 0.169787366032853
7 96 0.0339192809407063
7 142 0.0273430860522829
7 182 0.0848071120147052
7 196 0.135533320698829
7 286 0.0440422517961063
7 296 0.0870899125606337
7 330 0.228277770645561
7 345 0.0158944828560607
7 362 0.037273850344824
7 388 0.118709970657629
7 441 0.0718050576260146
7 445 0.0485940789011621
7 525 0.00851716112111317
7 556 0.106563966613995
7 566 0.0801342614975769
7 576 0.0211130936639963
7 588 0.00581282324910898
7 605 0.00570628377831206
7 678 0.0551899038199692
7 699 0.0917819052674575
7 700 0.137876760953964
7 727 0.0036230064969986
7 729 0.0923061855145432
7 734 0.0368482747169436
7 741 0.183512865389739
7 742 0.0168931012758458
7 748 0.0455077241888495
7 749 0.00421022206967555
8 2 0.155347858757941
8 11 0.142146765018662
8 12 0.0160919018938424
8 14 0.0704934761538792
8 21 0.0960128746482673
8 22 0.138518527212248
8 26 0.199746035978942
8 59 0.00115499118667818
8 102 0.150685173294036
8 107 0.0480921326811851
8 125 0.0139245478907013
8 137 0.0566154091254201
8 141 0.0759138659640351
8 157 0.0187981677186875
8 170 0.0184817498190593
8 174 0.0717475495933256
8 202 0.029229827328191
8 206 0.147382210830043
8 214 0.00103402807817338
8 226 0.0675429605675703
8 246 0.0182599604493225
8 298 0.312133891036442
8 313 0.368413130353628
8 339 0.0185135795466371
8 342 0.147548893366763
8 378 0.00640788178787997
8 443 0.0367750836030935
8 450 0.0018778047866899
8 473 0.0179386336181628
8 525 0.0485402492408005
8 531 0.0109646771630144
8 532 0.0234699194866869
8 533 0.00892042779505703
8 573 0.0553141696609646
8 587 0.0445733029274263
8 592 0.188059158062298
8 646 0.00228422901709337
8 649 0.0322392836076099
8 670 0.130091851173729
8 704 0.0771498073730012
8 740 0.0251637791889738
8 742 0.0435720024216282
8 747 0.00194072018597937
9 2 0.212295222830722
9 3 0.120174800876559
9 14 0.0598767829421647
9 15 0.18183933523364
9 22 0.0901402964070312
9 25 0.0910440470896052
9 35 0.0757067707836243
9 128 0.0205075228563881
9 131 0.0199051805404272
9 146 0.122377857491877
9 157 0.128797756277302
9 197 0.126123705489325
9 241 0.0631430003127463
9 267 0.0448180328178245
9 285 0.0695698351237612
9 294 0.0444608817376735
9 325 0.0575679748810708
9 348 0.0602948001957742
9 397 0.235058546811411
9 443 0.0181123254581135
9 523 0.0222802512815503
9 542 0.0347554240354886
9 557 0.0957996023908216
9 562 0.00134064375890304
9 582 0.15988549231505
9 601 0.00241884089776541
9 648 0.126052547506666
9 685 0.126963122769386
9 690 0.103124831249349
9 717 0.144820563434298
9 730 0.10334687675922
9 743 0.00332675554067813
9 746 0.112369674754963
10 0 0.0703781548538521
10 1 0.0309354108974472
10 2 0.201431700613881
10 12 0.0692702128405342
10 15 0.0390521949074603
10 18 0.179840631486706
10 19 0.0231348893772474
10 24 0.0344191427514836
10 26 0.236487808001784
10 53 0.0689905354370759
10 104 0.078238291326233
10 158 0.0285091262588527
10 164 0.180271120191086
10 262 0.0515564788038572
10 278 0.0433046545974069
10 375 0.199706439172211
10 381 0.230391540248602
10 382 0.0040977717361547
10 397 0.129099584061137
10 413 0.207918913394103
10 439 0.182050773420978
10 451 0.0172297451227492
10 485 0.0132507468644199
10 504 0.104353610764229
10 514 0.14396740734071
10 560 0.0730051625826302
10 696 0.0137164730776023
10 713 0.0705419154866865
10 718 0.10058271669246
10 738 0.0924582512381315
10 745 0.0892673381439301
10 746 0.0407099089207452
10 748 0.0606944707941093
11 0 0.0222285141855128
11 1 0.0494900621041557
11 2 0.0754001230615195
11 8 0.142146765018662
11 17 0.175004016406846
11 23 0.23100014550778
11 49 0.0854291220873435
11 87 0.05393545760543
11 103 0.130788087792847
11 180 0.0317642570526739
11 235 0.173043201655922
11 292 0.136778553725135
11 293 0.00734363081803119
11 345 0.104482158200888
11 458 0.0658793129055982
11 477 0.00522836268188292
11 500 0.0836219416887439
11 510 0.0431834510229151
11 540 0.132349460269882
11 542 0.252723075456442
11 544 0.0318843270507966
11 590 0.049708557964799
11 624 0.0506856280925622
11 673 0.0226634961578495
11 731 0.0200476213058119
11 748 0.129114344814267
12 2 0.0565840929997742
12 6 0.0869071669645058
12 8 0.0160919018938424
12 10 0.0692702128405342
12 22 0.0501499082090987
12 37 0.0799014368008737
12 48 0.276716038492505
12 80 0.173095062499367
12 184 0.249307532214177
12 313 0.00240703761631084
12 318 0.0316384006137068
12 398 0.00600606405093245
12 524 0.140529693746907
12 528 0.0321061397862071
12 566 0.0376311687877095
12 612 0.0283529229875918
12 619 0.0145161088106042
12 621 0.078455219998776
12 637 0.088965226364362
12 664 0.00495861952873566
12 706 0.390062287795916
12 716 0.00392593782618831
12 723 0.00449458079796567
13 2 0.0824695808566654
13 3 0.275206188687711
13 4 0.0528109835140271
13 19 0.136150532701431
13 22 0.0506697750165661
13 23 0.0014392333994823
13 26 0.0678769085397683
13 29 0.0284320990406394
13 37 0.0228493303478673
13 57 0.0437146377912244
13 88 0.221377599361747
13 142 0.131846274316465
13 155 0.0187052127514927
13 181 0.371795036895374
13 231 0.0115433625680039
13 253 0.0773571601943683
13 258 0.159335277856887
13 273 0.0238301329227366
13 276 0.165120115910383
13 301 0.132091040130875
13 367 0.0350628186578328
13 383 0.208353072853954
13 405 0.00989232167301366
13 516 0.071240994360382
13 519 0.0720873674592305
13 535 0.0156747666604034
13 553 0.0210799535704887
13 598 0.116379884604456
13 626 0.502389811165472
13 644 0.18302242258889
13 663 0.134910513373208
13 682 0.144510816855453
13 747 0.273056774972011
14 0 0.12802011005072
14 8 0.0704934761538792
14 9 0.0598767829421647
14 15 0.102643160929704
14 19 0.0153362423361645
14 21 0.167186023380519
14 22 0.328517703907645
14 27 0.219620327717838
14 124 0.0585099240789514
14 138 0.0817585443399057
14 146 0.0731032026583266
14 194 0.00731657919588141
14 216 0.0361073120666363
14 220 0.0894933181278554
14 251 0.239255797576666
14 313 0.0103211878888939
14 338 0.0853417094110029
14 345 0.0226910984136955
14 346 0.0505646461898302
14 376 0.106910351869643
14 412 0.0501539186047397
14 441 0.0629505371850865
14 452 0.19075012206767
14 458 0.030965197822799
14 477 0.174759931949032
14 504 0.155358618722617
14 538 0.235536060756433
14 571 0.168158359845282
14 593 0.0218359200735352
14 625 0.0274376016043206
14 659 0.15506051015946
14 672 0.35085483997979
14 674 0.17089701424639
14 681 0.00498049380624701
14 698 0.138082156284655
14 709 0.0574728856818205
14 718 0.0295630349310768
14 732 0.162073222593636
14 746 0.0404349751531706
14 749 0.0337925427479403
15 5 0.0247153027861178
15 9 0.18183933523364
15 10 0.0390521949074603
15 14 0.102643160929704
15 17 0.00783193393623799
15 18 0.0317866388146829
15 22 0.046407562281503
15 27 0.0272443421345132
15 30 0.037573504208322
15 31 0.0250796826288533
15 32 0.0197301309148623
15 45 0.0355679882508421
15 97 0.0507045716141798
15 124 0.0931802611271283
15 174 0.0384130488924853
15 195 0.0460900187361634
15 209 0.100326575091942
15 236 0.0205965680427099
15 285 0.015006128822185
15 365 0.168899585995849
15 426 0.138998255550346
15 438 0.025316535009728
15 448 0.218953844168726
15 453 0.0795644929997939
15 475 0.119328930295911
15 549 0.0761995552050568
15 560 0.0933044925169054
15 564 0.0287488161690642
15 567 0.250501768316554
15 651 0.0281541688467591
15 659 0.202306193957508
15 680 0.13422522028576
15 705 0.112457178516669
15 717 0.0165630851179309
15 722 0.150676215927396
15 742 0.0712336986624337
16 1 0.0226516552249329
16 5 0.0581537834848273
16 7 0.0875459302474485
16 19 0.212676808900351
16 24 0.0202716290561644
16 26 0.0376165495394183
16 32 0.0204552368010299
16 44 0.0166534948474442
16 46 0.0881749653521052
16 94 0.174823141654734
16 102 0.00209182542381716
16 161 0.034611022286012
16 181 0.000798632042679218
16 194 0.0549568035479562
16 195 0.0100495373032908
16 222 0.0204100798897686
16 247 0.365595140010049
16 274 0.0355431744011016
16 303 0.376970106150444
16 324 0.103364789257202
16 326 0.0664600791017079
16 401 0.0665814632949984
16 424 0.00853751968130136
16 454 0.075343788454205
16 474 0.157023763214687
16 485 0.116005677938001
16 503 0.0726643342473219
16 513 0.0633147636070471
16 515 0.087316892331253
16 536 0.00777987026288602
16 549 0.0440647656804434
16 551 0.0346833848453265
16 578 0.0288211706412177
16 680 0.380157105013778
16 688 0.11431196118761
16 696 0.0250179371821603
16 705 0.00609597920570646
16 739 0.0555664008781801
17 1 0.355796412440481
17 2 0.0760863932057875
17 7 0.0346427607244939
17 11 0.175004016406846
17 15 0.00783193393623799
17 20 0.284664850088606
17 21 0.166543838595897
17 24 0.231369211047327
17 26 0.242758773920262
17 27 0.0941657005603719
17 28 0.0989287081815092
17 29 0.048664505262122
17 32 0.00126149332405986
17 35 0.111557974405181
17 77 0.0364583925079023
17 82 0.235497103971942
17 87 0.181098363975499
17 91 0.0513458859282891
17 131 0.00789517997067775
17 181 0.0782073594586753
17 227 0.012227193026265
17 231 0.00232928020365426
17 253 0.301062815402354
17 260 0.197346605498914
17 290 0.075774121206179
17 300 0.00509677594023879
17 307 0.0299226334232445
17 370 0.0968949220142963
17 401 0.0959027701892836
17 425 0.0568222586689251
17 433 0.171145409796286
17 443 0.0583234860792137
17 445 0.0899973414569643
17 449 0.185717846741539
17 453 0.109879090364048
17 462 0.0166024536896881
17 519 0.0470174986107191
17 584 0.140258387897791
17 608 0.0475161979197234
17 610 0.1763308433107
17 634 0.0090559082150573
17 671 0.163934273286195
17 685 0.0558818079088507
17 688 0.0416370429307246
17 705 0.015541226498415
17 722 0.140206852668447
18 1 0.219699313590178
18 2 0.0167268375967294
18 3 0.117763762385308
18 10 0.179840631486706
18 15 0.0317866388146829
18 21 0.00597660181268129
18 23 0.0313732133219099
18 25 0.0451603914141749
18 27 0.135079472755623
18 28 0.0255176497434578
18 32 0.367823742698725
18 35 0.0685028819679556
18 54 0.0723635049354979
18 125 0.0591764330302601
18 164 0.0434682001604846
18 205 0.076566797337235
18 212 0.203585439486305
18 234 0.327380899226635
18 241 0.283936360363371
18 360 0.0699756181569227
18 399 0.0329000973536281
18 466 0.00762208572539019
18 478 0.051288176137397
18 486 0.0985234109749364
18 524 0.121553312771681
18 556 0.0975065329940302
18 606 0.00594840115291874
18 638 0.140657864157505
18 658 0.420474178424759
18 688 0.00059259560021091
18 690 0.14056277020581
18 713 0.154473568669036
18 739 0.0229679310659856
19 6 0.0757639149228728
19 7 0.163751954856631
19 10 0.0231348893772474
19 13 0.136150532701431
19 14 0.0153362423361645
19 16 0.212676808900351
19 27 0.0851351931314982
19 29 0.205809167679375
19 30 0.0514725886852661
19 32 0.0656251383296376
19 34 0.0928859313530691
19 104 0.0681538066610169
19 138 0.139000166785549
19 160 0.0658820586303705
19 174 0.2761008666682
19 199 0.0109471685940056
19 202 0.0375697735092343
19 209 0.0351943888899075
19 307 0.0611787259461923
19 326 0.0658969529586972
19 399 0.0576885140420604
19 425 0.215988147215965
19 428 0.119069751974725
19 439 0.00401013885427415
19 470 0.0356850349077904
19 507 0.148327430157426
19 511 0.0741094646955557
19 521 0.158636326662171
19 559 0.0512716204710593
19 595 0.0671505637597497
19 606 0.0509702365323589
19 633 0.348487910085261
19 638 0.602572344462683
19 650 0.0477394774410955
19 657 0.0430033273916866
19 739 0.0595702860457908
20 3 0.0122562787752469
20 4 0.045067145968852
20 7 0.271284773770306
20 17 0.284664850088606
20 23 0.0302935987745516
20 24 0.0238838855148646
20 25 0.0209374014991146
20 34 0.020488420033308
20 37 0.069398191348802
20 38 0.224071288890087
20 58 0.148739371395797
20 84 0.291523697720676
20 111 0.0789037417601613
20 121 0.238803713816866
20 132 0.0887053284165809
20 148 0.0918706264312455
20 160 0.0388508947879594
20 168 0.108058321208318
20 212 0.0311557211633439
20 216 0.140812968909596
20 221 0.211229590124284
20 292 0.0518969817530118
20 433 0.0515918765482763
20 439 0.0812836960039474
20 541 0.0701881142326872
20 561 0.0274056105034521
20 586 0.0068977054397707
20 591 0.0642155959262722
20 593 0.00892963173688138
20 599 0.0267814992985134
20 613 0.142917711636088
20 681 0.00821419688810727
20 697 0.00358544814327276
20 698 0.0266153572853751
20 749 0.0422706177413319
21 2 0.0139782629020867
21 5 0.0205477951367661
21 8 0.0960128746482673
21 14 0.167186023380519
21 17 0.166543838595897
21 18 0.00597660181268129
21 31 0.121062615488856
21 32 0.058106142528962
21 34 0.114630131649218
21 36 0.031727636665604
21 37 0.162965823356396
21 54 0.0736659217072301
21 114 0.467586988694129
21 133 0.0958185062316706
21 137 0.0781269522691699
21 204 0.0475007027540712
21 265 0.0862167583195601
21 277 0.00593400930256523
21 279 0.35507557854972
21 293 0.278112191254647
21 458 0.0763703815276315
21 486 0.35365278735754
21 535 0.184065744458463
21 630 0.220792787247437
21 641 0.0236705122353231
21 651 0.0998159522589133
21 658 0.0870860738904165
21 674 0.0788269461773314
21 709 0.0239756971197738
21 732 0.127025905186967
21 744 0.166974767844916
22 7 0.313058878298809
22 8 0.138518527212248
22 9 0.0901402964070312
22 12 0.0501499082090987
22 13 0.0506697750165661
22 14 0.328517703907645
22 15 0.046407562281503
22 24 0.0921824924832333
22 29 0.130626693988528
22 38 0.00757511496411611
22 39 0.019211433934745
22 59 0.408699608022426
22 60 0.179094362249408
22 82 0.184016860809742
22 130 0.179113387911391
22 173 0.16863499692491
22 186 0.0273984691702339
22 191 0.179775924212986
22 205 0.0802506656435
22 260 0.104634222021067
22 286 0.0354848614597945
22 288 0.0347051680649689
22 308 0.0202935126928902
22 366 0.141770240011566
22 384 0.137382456830618
22 443 0.02317840516942
22 476 0.145746982985435
22 481 0.15396269480783
22 488 0.107390234970135
22 528 0.169792463993005
22 552 0.13214134269664
22 594 0.0170353188704659
22 670 0.113778325453737
23 11 0.23100014550778
23 13 0.0014392333994823
23 18 0.0313732133219099
23 20 0.0302935987745516
23 27 0.0460590729346636
23 31 0.0116292885771181
23 34 0.0354166478432026
23 88 0.104346166241616
23 90 0.0949416280813157
23 169 0.189289892256643
23 296 0.0800121491416813
23 343 0.414916562017394
23 344 0.0120986691346999
23 379 0.00733548864219624
23 413 0.067417689198918
23 450 0.0457096382319718
23 467 0.0989942997041443
23 470 0.165016444359655
23 473 0.00283724625255367
23 494 0.0375912607333328
23 495 0.170829663981542
23 509 0.18837065990562
23 520 0.157889688181281
23 526 0.0768144509398148
23 537 0.054207210985139
23 538 0.0532070555109833
23 578 0.10520156556351
23 579 0.154934463075343
23 617 0.0721225945205313
23 629 0.00188706387133117
23 689 0.178499472009253
23 696 0.404223830703908
23 727 0.103439670351101
24 6 0.714297713342991
24 10 0.0344191427514836
24 16 0.0202716290561644
24 17 0.231369211047327
24 20 0.0238838855148646
24 22 0.0921824924832333
24 31 0.0508840973158602
24 33 0.270304385271953
24 35 0.0427031197259354
24 38 0.219131545894502
24 40 0.0319763009393878
24 45 0.0477968043186688
24 70 0.0364868387611796
24 86 0.0952713154240168
24 89 0.173444771656621
24 141 0.0228596679670452
24 152 0.00431310960430582
24 156 0.0249563857042671
24 177 0.167087353180392
24 194 0.146639024414031
24 202 0.106024618593762
24 208 0.0667737449721268
24 221 0.0624321008946865
24 320 0.0720447689060206
24 326 0.278037505027021
24 331 0.0359494106625517
24 375 0.12095551620314
24 379 0.339236548481223
24 493 0.0494780574474401
24 519 0.0521968495221793
24 539 0.157048338187952
24 655 0.276760303274999
24 700 0.153164287550148
24 707 0.0669172911576549
24 713 0.0377425135482719
25 1 0.274549607805181
25 9 0.0910440470896052
25 18 0.0451603914141749
25 20 0.0209374014991146
25 33 0.0884931765650814
25 35 0.0574749812637709
25 39 0.0565641331386477
25 40 0.0594381931069863
25 44 0.0559501462270442
25 77 0.0146196836848452
25 183 0.182708785820556
25 276 0.0107966656141977
25 307 0.055187047351896
25 339 0.0397576569991044
25 341 0.175861579181904
25 350 0.0486634441256831
25 355 0.0781162925163876
25 368 0.000334190807109182
25 381 0.164814619784043
25 401 0.00799569485787989
25 471 0.0824548473795109
25 476 0.023020892626254
25 496 0.00570614052793827
25 504 0.0613951494969793
25 525 0.144730619639726
25 550 0.118719507720088
25 564 0.0812000439809905
25 587 0.0303141960114055
25 594 0.165300624227291
25 674 0.0219248816979077
25 720 0.138563890153118
25 733 0.0267443977183151
26 8 0.199746035978942
26 10 0.236487808001784
26 13 0.0678769085397683
26 16 0.0376165495394183
26 17 0.242758773920262
26 27 0.187112951609459
26 29 0.0133807372947254
26 34 0.0811079600567217
26 36 0.0267635954034201
26 38 0.134327690827613
26 39 0.0895156890354498
26 49 0.0494357705770207
26 50 0.023669123296004
26 57 0.128445709263287
26 101 0.107614093239755
26 104 0.0230550904646678
26 134 0.218727559746955
26 148 0.0177510243035563
26 160 0.109814752756492
26 201 0.126419250439285
26 233 0.200540616289853
26 237 0.0415280905457645
26 267 0.0418267294775158
26 304 0.218401677815953
26 327 0.0106179879679485
26 335 0.220035864628488
26 366 0.0447303126458571
26 394 0.0726768220909978
26 427 0.237408707580452
26 454 0.0333035130753891
26 497 0.101276044314671
26 548 0.0030909485298039
26 584 0.0547213590556342
26 599 0.152256153222473
26 635 0.125532303863768
26 646 0.0270285574080525
26 681 0.248985071283218
26 693 0.0108346898317572
26 743 0.0533308000977482
27 14 0.219620327717838
27 15 0.0272443421345132
27 17 0.0941657005603719
27 18 0.135079472755623
27 19 0.0851351931314982
27 23 0.0460590729346636
27 26 0.187112951609459
27 28 0.0933236610299185
27 34 0.101558336528359
27 37 0.179697205114196
27 38 0.130728748592822
27 40 0.223225411397679
27 100 0.0434037444500877
27 106 0.521565320767559
27 115 0.148966424791414
27 128 0.0719239028191901
27 151 0.264854281276953
27 177 0.17627394516899
27 180 0.010119984287676
27 198 0.178624031231635
27 247 0.00408408440018054
27 292 0.093103196765939
27 388 0.0490976933726211
27 396 0.283692017764907
27 435 0.117506074671015
27 481 0.402867768964611
27 506 0.260565116810053
27 595 0.0265023853184307
27 649 0.0795021539385332
27 687 0.00403121700034711
28 17 0.0989287081815092
28 18 0.0255176497434578
28 27 0.0933236610299185
28 29 0.0902489074890989
28 33 0.1169367081456
28 34 0.300223097201524
28 35 0.0269177948815435
28 41 0.0996732085642516
28 43 0.0510395548096915
28 44 0.0978492239745911
28 45 0.0328947955704844
28 77 0.231868161457449
28 106 0.348550911906624
28 110 0.0196841040230018
28 112 0.260728318906971
28 132 0.023517123929903
28 149 0.131035320749688
28 179 0.203292034597204
28 211 0.0319133816815894
28 215 0.126177297907
28 290 0.000229031551431333
28 344 0.248784572147751
28 358 0.137576706308189
28 420 0.0129824120928923
28 423 0.0415620346841767
28 471 0.00662034164798922
28 484 0.0641915081042608
28 496 0.00115508244393381
28 520 0.0916257403072822
28 527 0.0485471523953129
28 576 0.00907455977641223
28 640 0.104913973858802
28 655 0.222036051923116
28 729 0.0465838247004248
29 13 0.0284320990406394
29 17 0.048664505262122
29 19 0.205809167679375
29 22 0.130626693988528
29 26 0.0133807372947254
29 28 0.0902489074890989
29 32 0.0261075662960121
29 33 0.0275499732683439
29 35 0.0954555366773709
29 40 0.058143360530718
29 41 0.0361665579658135
29 46 0.0725406092369112
29 68 0.254884896826275
29 132 0.0126011025414499
29 142 0.14333357676674
29 179 0.0273718968887428
29 182 0.040280472964469
29 229 0.126917219359437
29 230 0.148466657510883
29 266 0.080499830519441
29 289 0.150437580004605
29 343 0.084161465462964
29 344 0.0142645732536727
29 356 0.0136471835994611
29 363 0.0751990251575603
29 375 0.229624370290295
29 395 0.0631474945607736
29 431 0.08025216653047
29 472 0.173983191206208
29 515 0.0251907374486749
29 537 0.0501746255015936
29 571 0.0549433289594747
29 639 0.024609320140177
29 667 0.133544747558024
29 699 0.0696385926609792
29 715 0.105773796925415
29 716 0.225249777650581
29 747 0.0115659439147019
30 5 0.130273934758174
30 15 0.037573504208322
30 19 0.0514725886852661
30 33 0.0142564692775932
30 39 0.13651276197645
30 41 0.100569583992652
30 45 0.0574578910536859
30 46 0.134676290629724
30 75 0.368909922297798
30 84 0.0292410384592059
30 90 0.0612653933365829
30 95 0.179853222504103
30 181 0.184469257392594
30 243 0.559587386572793
30 281 0.0116549805363969
30 287 0.58677002008762
30 292 0.161146376228398
30 331 0.056097300755989
30 338 0.074680479016548
30 363 0.105014589978591
30 487 0.081719201485691
30 504 0.0753177979736569
30 541 0.20155618190637
30 574 0.200002985830871
30 634 0.0108817246997371
30 674 0.187611916014199
30 700 0.0820404247837321
31 5 0.0353831701126538
31 15 0.0250796826288533
31 21 0.121062615488856
31 23 0.0116292885771181
31 24 0.0508840973158602
31 33 0.0669515276691852
31 36 0.0450289910537374
31 37 0.168819494373915
31 40 0.396815903332689
31 42 0.186989202375563
31 47 0.0502638778398534
31 48 0.258597330830458
31 108 0.0178772362951068
31 110 0.0282191313781551
31 115 0.0738310825713836
31 120 0.42303530359937
31 132 0.042431926048454
31 141 0.365282936036861
31 157 0.0294155953964271
31 171 0.00643885947641174
31 188 0.0582986245933288
31 213 0.0486198833565277
31 233 0.0892063460676759
31 234 0.226695150981737
31 263 0.247854539331323
31 267 0.0625994676474484
31 313 0.0422740330428418
31 326 0.00260843127551455
31 333 0.0366065375782378
31 374 0.141281042744953
31 403 0.0651362456861025
31 506 0.0211903890495752
31 553 0.195611019831037
31 556 0.102490878294169
31 561 0.301492802181648
31 604 0.0395708269366608
31 610 0.0169207679482867
31 633 0.0231940320447392
31 644 0.0906804069267628
31 651 0.0109923313146857
31 669 0.0214402285641783
31 684 0.227834710600523
31 709 0.0432201771737177
31 714 0.00647369720908395
32 15 0.0197301309148623
32 16 0.0204552368010299
32 17 0.00126149332405986
32 18 0.367823742698725
32 19 0.0656251383296376
32 21 0.058106142528962
32 29 0.0261075662960121
32 37 0.569483684801553
32 42 0.295766823252927
32 44 0.0205752694940712
32 45 0.108708312631761
32 47 0.0581701402982218
32 50 0.155775813822268
32 75 0.00749351266017304
32 197 0.0175817862149845
32 212 0.132233279954062
32 232 0.0571682212496543
32 253 0.0507382312690938
32 272 0.205651723734162
32 376 0.0121767534187393
32 384 0.0869340201941865
32 448 0.0770903752014032
32 533 0.276632011097523
32 545 0.0580321754737184
32 582 0.00757305534224018
32 587 0.0622013149054679
32 591 0.0360822230005141
32 733 0.0789718032063691
33 24 0.270304385271953
33 25 0.0884931765650814
33 28 0.1169367081456
33 29 0.0275499732683439
33 30 0.0142564692775932
33 31 0.0669515276691852
33 38 0.0960450700884324
33 42 0.0290384071731098
33 47 0.107741839779403
33 49 0.0326348945082877
33 65 0.24701540667739
33 81 0.00777309609665351
33 85 0.229156223820277
33 88 0.300679433581089
33 121 0.0190059952792289
33 122 0.046634805352544
33 135 0.024782124877075
33 141 0.14634913410386
33 188 0.026452990614433
33 312 0.0281576957409558
33 334 0.156529583325793
33 370 0.135828544132963
33 423 0.0600239897343834
33 429 0.281726871294386
33 443 0.0454162507381801
33 451 0.349666082137453
33 453 0.0586698693690229
33 550 0.0582185610063046
33 571 0.00388912011975963
33 601 0.0156376644835252
33 604 0.00662618624186896
33 611 0.254050728578986
33 612 0.0295092393955352
33 688 0.0657752586457374
33 706 0.0798811507572448
33 713 0.0657266611035373
33 716 0.203450800039583
34 6 0.0505052035791443
34 19 0.0928859313530691
34 20 0.020488420033308
34 21 0.114630131649218
34 23 0.0354166478432026
34 26 0.0811079600567217
34 27 0.101558336528359
34 28 0.300223097201524
34 36 0.107416474896646
34 39 0.0522648503060682
34 45 0.0524484569521797
34 46 0.0478822324047758
34 52 0.109208555810316
34 92 0.00519519705074706
34 115 0.04082916588634
34 186 0.256367772641243
34 196 0.264932361619047
34 197 0.0879317891334318
34 250 0.0188540512138958
34 253 0.105281371571121
34 273 0.291727028592005
34 289 0.0777538821252445
34 304 0.123867584115755
34 329 0.134885169580382
34 353 0.0057886107032578
34 369 0.0488739660198669
34 452 0.0382828709599942
34 526 0.164828759447971
34 533 0.0477910877795756
34 681 0.201057048877127
34 693 0.0638657387550856
34 732 0.0247798954276765
34 741 0.0249396066968402
35 9 0.0757067707836243
35 17 0.111557974405181
35 18 0.0685028819679556
35 24 0.0427031197259354
35 25 0.0574749812637709
35 28 0.0269177948815435
35 29 0.0954555366773709
35 41 0.0071112716767251
35 44 0.0622581460901096
35 47 0.113268795741322
35 63 0.123199427550884
35 80 0.0671634155246451
35 82 0.171747977117755
35 150 0.11471441346369
35 163 0.0325082777368437
35 187 0.0729123541548704
35 190 0.109396534069272
35 201 0.103660063643185
35 225 0.0116530948618743
35 267 0.0217692287112067
35 279 0.0125250958716348
35 318 0.0630011353291035
35 354 0.00925477297183134
35 408 0.00187864354756283
35 412 0.0543965787707087
35 456 0.0563576921086799
35 462 0.0617980030867306
35 481 0.161996063819396
35 526 0.156678114935281
35 600 0.0397487150275475
35 621 0.0493446548544054
35 623 0.086696100471178
35 637 0.293955969988177
35 686 0.0961768161345458
35 700 0.00433032624773233
36 4 0.0272597333774677
36 21 0.031727636665604
36 26 0.0267635954034201
36 31 0.0450289910537374
36 34 0.107416474896646
36 41 0.488200298051455
36 43 0.00802429602639982
36 92 0.0200876704671617
36 144 0.0971033588443221
36 151 0.0253119452180646
36 165 0.0110069114028362
36 214 0.0676977031156034
36 248 0.0396748916634405
36 273 0.00489378478421433
36 323 0.072152013141405
36 386 0.212067563652743
36 403 0.0279644896090937
36 431 0.0315071569121778
36 458 0.00710571514212602
36 486 0.0489548737030542
36 494 0.0561736967313276
36 515 0.105845914772907
36 550 0.0421871238928871
36 620 0.121581730821036
36 673 0.0901225000783153
36 683 0.0735592059874932
36 724 0.18215583194004
36 741 0.091347406608637
37 12 0.0799014368008737
37 13 0.0228493303478673
37 20 0.069398191348802
37 21 0.162965823356396
37 27 0.179697205114196
37 31 0.168819494373915
37 32 0.569483684801553
37 38 0.0688565442393223
37 39 0.0317861882867629
37 48 0.1893236951998
37 49 0.0569307148936902
37 50 0.233490154331038
37 52 0.160344737419683
37 54 0.080862122116501
37 57 0.00447434258231713
37 99 0.362449995784375
37 153 0.162761452302278
37 168 0.00769015631335687
37 187 0.166795221205327
37 208 0.814913415612576
37 230 0.141354486463979
37 236 0.0662180940514409
37 237 0.0370105043198408
37 257 0.0873271655854572
37 271 0.128569461596691
37 280 0.119383766242142
37 329 0.0914775954876574
37 333 0.0589614386034148
37 342 0.214702970448456
37 343 0.254315945867237
37 374 0.227367720802003
37 397 0.44131903392476
37 424 0.0420048483618156
37 448 0.281694581805486
37 484 0.0341397074843213
37 492 0.105073602876815
37 545 0.124337775099896
37 573 0.0700043694158538
37 586 0.180420231322881
37 657 0.125824656159667
37 664 0.0407045550339923
38 2 0.0968925245425732
38 5 0.0425181243997668
38 20 0.224071288890087
38 22 0.00757511496411611
38 24 0.219131545894502
38 26 0.134327690827613
38 27 0.130728748592822
38 33 0.0960450700884324
38 37 0.0688565442393223
38 42 0.117560013602439
38 51 0.0511172805226447
38 53 0.016995043800678
38 56 0.104568490684275
38 82 0.0712524100283864
38 94 0.0662846521766409
38 109 0.191605875947543
38 194 0.240299242676915
38 205 0.0139036766032966
38 209 0.0716791691708202
38 272 0.405083486345139
38 304 0.0975952002005639
38 331 0.0699010952391833
38 350 0.122699898726317
38 361 0.0731668293457005
38 362 0.0141755843310403
38 409 0.00804723963032052
38 428 0.0750406208285647
38 620 0.277787231962824
38 661 0.214871481171945
38 676 0.17772285681924
38 683 0.125141311538761
39 22 0.019211433934745
39 25 0.0565641331386477
39 26 0.0895156890354498
39 30 0.13651276197645
39 34 0.0522648503060682
39 37 0.0317861882867629
39 45 0.00461906594833786
39 46 0.0015466649861887
39 47 0.0828511440793133
39 48 0.0893346308374793
39 49 0.0291848558570526
39 52 0.180865116542513
39 56 0.0865283914394472
39 57 0.0838732458435818
39 80 0.011602448408373
39 126 0.0502469803386663
39 140 0.078691330500746
39 184 0.293412237250245
39 216 0.0817017302271023
39 264 0.504648572727256
39 319 0.0543988334481071
39 331 0.0668292386508915
39 382 0.0974367420301389
39 427 0.0222870958970398
39 430 0.165623373706727
39 454 0.183651098917907
39 503 0.180613918507696
39 504 0.0759776218232879
39 508 0.0517670882708008
39 557 0.00850746791348153
39 560 0.0626460184479531
39 595 0.115035068091036
39 597 0.0197056908684588
39 629 0.0506374415291644
39 650 0.0904209775303532
39 666 0.108173632027409
39 689 0.220174373322599
39 706 0.0676686339893189
40 24 0.0319763009393878
40 25 0.0594381931069863
40 27 0.223225411397679
40 29 0.058143360530718
40 31 0.396815903332689
40 51 0.0836349376268938
40 52 0.200412440886031
40 55 0.0790959136180518
40 56 0.104125632495475
40 74 0.0135002959517508
40 105 0.0551132140309497
40 136 0.00179011608196947
40 223 0.00320962482240451
40 249 0.00389708362382292
40 307 0.0395469581943317
40 318 0.399574436920335
40 330 0.32835181363115
40 331 0.0694928745865821
40 356 0.0351574132982985
40 377 0.00381997975116151
40 385 0.0450420633246453
40 393 0.0763907626089441
40 399 0.0531953951454284
40 464 0.0444418021105589
40 470 0.189103618077829
40 475 0.0830389086471826
40 519 0.0204214855676139
40 520 0.17251786625556
40 533 0.213424533215731
40 567 0.094182489840479
40 623 0.0189291260378723
40 633 0.106815519486487
40 635 0.00380206956835021
40 644 0.284321098212387
40 661 0.0591175975095012
40 682 0.0470312965483323
40 705 0.0738976886932439
40 729 0.279260557827117
41 28 0.0996732085642516
41 29 0.0361665579658135
41 30 0.100569583992652
41 35 0.0071112716767251
41 36 0.488200298051455
41 45 0.218886629371818
41 49 0.0349515820501188
41 52 0.0604308967153649
41 79 0.0113162940569032
41 97 0.0511893749107038
41 110 0.0817497038358014
41 144 0.163756766758952
41 167 0.045392735188365
41 176 0.0520335473090997
41 208 0.172550580339662
41 220 0.0103360773140345
41 224 0.165346367369971
41 230 0.298186757380295
41 235 0.0262650953509126
41 248 0.0847090682664531
41 251 0.0159590250570219
41 256 0.289851655850458
41 259 0.0376988105944853
41 262 0.0446847927298366
41 264 0.0154802207806627
41 270 0.223116559125958
41 273 0.287394386342533
41 287 0.191408000331828
41 368 0.0177207035158693
41 374 0.0194511359436228
41 385 3.8482841432117e-05
41 439 0.171116796988082
41 464 0.0187731008997068
41 538 0.141873247181281
41 570 0.0662538853740974
41 618 0.0605877939486654
41 622 0.0691813366476879
41 627 0.233556532463775
41 637 0.0855868297738645
41 638 0.00960348016519522
41 642 0.0494417609422472
41 646 0.326597992942366
41 649 0.152566511491007
41 661 0.450877846784466
41 679 0.0014547454508829
41 692 0.0406316360812998
41 717 0.275621911472714
41 722 0.120102060894666
42 31 0.186989202375563
42 32 0.295766823252927
42 33 0.0290384071731098
42 38 0.117560013602439
42 46 0.0161981842960711
42 48 0.0841029315530143
42 49 0.0211993872396439
42 51 0.0201215078568705
42 86 0.0640345964156447
42 90 0.00115307038227473
42 94 0.250548513011381
42 110 0.0194343545170824
42 157 0.00127994955332788
42 164 0.0575665034694447
42 177 0.0922619579678563
42 179 0.115866907416668
42 187 0.0379696447213005
42 213 0.0175941940040863
42 214 0.121559461170486
42 249 0.0834200897884398
42 269 0.0122477793705444
42 301 0.0162840003809624
42 303 0.218041458396929
42 317 0.0537920287264199
42 358 0.180148479454694
42 409 0.233490038858519
42 440 0.039622480831088
42 471 0.254650592886317
42 492 0.00079572025270871
42 500 0.0979181652904321
42 508 0.046402709801894
42 535 0.16089436219235
42 551 5.42240944465965e-05
42 625 0.0726385636976511
42 626 0.0276447064643224
42 650 0.163411791814156
42 669 0.110884437521605
42 679 0.0217678799366989
42 702 0.047965292141036
42 713 0.200619829792126
42 717 0.0184110648016265
43 28 0.0510395548096915
43 36 0.00802429602639982
43 44 0.0295684813554031
43 45 0.00672123694045135
43 48 0.072924023010384
43 60 0.0234879253078046
43 94 0.0774309187290942
43 120 0.0867895355490939
43 137 0.162623131535813
43 196 0.0330730865684582
43 218 0.0875204366716823
43 229 0.00172926245624991
43 231 0.0418533459753714
43 240 0.0558056274140627
43 247 0.0560069681631384
43 266 0.070696940379784
43 275 0.0283985398986158
43 309 0.00556798524103843
43 322 0.132998341413308
43 334 0.0445154680887903
43 352 0.0413280407546367
43 354 0.0874560795508313
43 355 0.0112673116407516
43 366 0.0199966738367659
