0 1 0.133785383345628
0 5 0.268560202737364
0 9 0.0374920699277785
0 14 0.0683699082625289
0 108 0.0362254449120148
0 119 0.0427319878583323
0 203 0.0778904733554029
0 353 0.167981485955526
0 392 0.36976615600262
0 476 0.128726262333713
0 524 0.0312466276837652
0 632 0.063000794220845
0 642 0.223216642902152
0 656 0.0433257274263687
0 657 0.0321158903955428
0 667 0.0678020135502396
0 757 0.00781845056604109
0 795 0.000308331937172789
0 805 0.610693078732816
0 921 0.000819526534432985
0 1030 0.0529003088676949
0 1057 0.20163544956768
0 1123 0.13082270809341
1 0 0.133785383345628
1 4 0.0296904427145083
1 9 0.0974994313567492
1 10 0.0134908340203671
1 13 0.0605662571393756
1 58 0.0220091139835112
1 100 0.155449328955345
1 104 0.0492793201668112
1 142 0.114542166195197
1 155 0.00696004075220711
1 272 0.029511996639338
1 313 0.106705699057599
1 356 0.288619734899522
1 359 0.105292114895284
1 392 0.125808147372429
1 399 0.107042828267354
1 501 0.276443678250738
1 660 0.1570037469494
1 818 0.0429525756291837
1 857 0.217626019867609
1 895 0.0377811362505291
1 1116 0.10574758523878
1 1238 0.0695527911483473
1 1244 0.13551335360318
1 1246 0.332804941405734
2 3 0.0204664787152288
2 5 0.125030159450944
2 6 0.189630618391994
2 8 0.0192940638013048
2 15 0.0376062548688123
2 34 0.0146360362617468
2 40 0.126802396556112
2 74 0.164715263665023
2 83 0.150944677783499
2 112 0.0704664437411346
2 246 0.146135065676844
2 460 0.0301063926156373
2 509 0.140643653514011
2 535 0.0821328926657898
2 621 0.0145758243445203
2 661 0.0647084228833563
2 680 0.0396144354814264
2 719 0.0891398427572052
2 779 0.472533199284502
2 900 0.141945869714846
2 1041 0.304253288937777
2 1094 0.000340370475929416
2 1182 9.43829854901605e-05
2 1209 0.122157431505036
2 1228 0.0708353639581616
2 1240 0.0599924821960258
2 1243 0.349502673298475
2 1244 0.0517798158431251
2 1245 0.0167873550856476
2 1247 0.00775353984336572
3 2 0.0204664787152288
3 6 0.694868870840192
3 8 0.0331181321684477
3 9 0.00216564977965794
3 14 0.0554203726594273
3 104 0.0378269999541459
3 156 0.0618607383255809
3 324 0.106533997381344
3 382 0.0197964508195987
3 388 0.0921486557600943
3 480 0.0321815569923151
3 546 0.161757145390061
3 588 0.0967404115621216
3 615 0.091105360884796
3 629 0.0451751652860575
3 755 0.00290943598083274
3 810 0.0653329912968278
3 813 0.072914641165663
3 890 0.0351739050509558
3 919 0.179263189043866
3 995 0.0462055124187829
3 1004 0.105371094593171
3 1007 0.127430632708955
3 1025 0.0704895471949894
3 1032 0.177049934616629
3 1063 0.144020694590921
3 1081 0.117654067007711
3 1084 0.106993792799059
3 1132 0.110675657116602
3 1187 0.000873769896575019
3 1244 0.114122786454396
3 1245 0.152570233572909
3 1248 0.340882325182761
4 1 0.0296904427145083
4 10 0.0329102349741245
4 11 0.0450355943942406
4 95 0.0831503177082868
4 160 0.278035901202432
4 224 0.0398293705527201
4 505 0.115008527586755
4 519 0.177162430698891
4 537 0.00272531836388163
4 598 0.0432238571471598
4 791 0.129685124269076
4 819 0.0196858813807457
4 939 0.0247874403565599
4 993 0.0339628763411938
4 1043 0.258696630760977
4 1051 0.0265646578976345
4 1101 0.000616046602791037
4 1180 0.0417615543305044
4 1242 0.254445315524845
4 1247 0.125058380315226
4 1248 0.0466437368326532
5 0 0.268560202737364
5 2 0.125030159450944
5 10 0.0532780611883172
5 12 0.000487666841896896
5 40 0.0173306228641687
5 55 0.0218073598872932
5 63 0.13129873680518
5 133 0.0625009157608978
5 195 0.0542791198323309
5 253 0.0815435891563095
5 297 0.141060751529177
5 354 0.0248625633414195
5 400 0.00780379818681819
5 474 0.162240218679264
5 527 0.312868044319286
5 650 0.0665152941848315
5 711 0.0779917242091392
5 1005 0.00937300868775701
5 1052 0.315189812181109
5 1146 0.00840911265366251
5 1246 0.0482853330757078
6 2 0.189630618391994
6 3 0.694868870840192
6 9 0.00353407508055832
6 11 0.0294001669482431
6 13 0.0036201942032395
6 18 0.0289110551860427
6 20 0.0737072781710306
6 93 0.0669730854389055
6 128 0.362537654928276
6 296 0.0984335964104723
6 315 0.0220276320846398
6 332 0.0198646102586976
6 392 0.0835951490723839
6 407 0.110841838910418
6 434 0.0318217477949418
6 588 0.162834834856552
6 736 0.147908457562898
6 745 0.048338591891676
6 754 0.461387301174339
6 770 0.0542633378601635
6 875 0.372131995026803
6 914 0.0697752804038066
6 932 0.129003099139562
6 978 0.0241208270145776
6 994 0.211025399869654
6 1074 0.384992014202862
6 1149 0.0159609433723557
6 1194 0.111250245823547
6 1245 0.00046686442109174
7 9 0.21777984180406
7 19 0.11863186874056
7 21 0.0941243750768967
7 33 0.0353224867229771
7 61 0.136783262579329
7 118 0.24114140240847
7 190 0.098772929248751
7 226 0.0700801061592914
7 247 0.221349465302889
7 271 0.146710727757749
7 285 0.0696142098860629
7 406 0.0124827161648802
7 440 0.325431133728885
7 464 0.0941422353365896
7 480 0.211570452741852
7 513 0.193662730694683
7 736 0.0494978777352837
7 771 0.0399995976223456
7 861 0.0747608199753996
7 896 3.43296426003027e-06
7 941 0.139605512983032
7 951 0.0943295375056726
7 1016 0.230278777776358
7 1109 0.54423133421447
7 1134 0.038436701371047
7 1183 0.101830711239876
7 1199 0.0189277823313989
7 1211 0.0145402521687578
7 1244 0.0302869950704418
7 1245 0.00237983834564343
7 1246 0.0918281055567224
7 1247 0.0285390661528826
8 2 0.0192940638013048
8 3 0.0331181321684477
8 9 0.039875130809419
8 12 0.175594503056306
8 16 0.123081833575659
8 18 0.0340993603356014
8 67 0.181044191717113
8 95 0.0120466869569276
8 108 0.0128106032216506
8 121 0.367400978122872
8 165 0.0277113380822447
8 203 0.0183961690381022
8 205 0.0571065011845058
8 403 0.257049548642632
8 412 0.329684922050595
8 434 0.037123093131132
8 470 0.0449935147609967
8 488 0.0618092587730638
8 603 0.0542346586562282
8 885 0.260710643138994
8 941 0.187430231888225
8 1088 0.10106381721147
8 1104 0.19694220461819
8 1195 0.248203755689491
9 0 0.0374920699277785
9 1 0.0974994313567492
9 3 0.00216564977965794
9 6 0.00353407508055832
9 7 0.21777984180406
9 8 0.039875130809419
9 15 0.00117314445655027
9 16 0.498972775442597
9 17 0.046301443058985
9 20 0.301155184408837
9 23 0.00366842102504974
9 161 0.0232764556380331
9 273 0.0458930864478698
9 290 0.136143558650267
9 402 0.00433891838147734
9 450 0.062154386066722
9 470 0.029853125901678
9 471 0.137289941834065
9 547 0.00324573992128434
9 621 0.0785801126266887
9 710 0.128865196005418
9 741 0.100100864389231
9 846 0.00883068943716914
9 1029 0.357874849586673
9 1099 0.00954020325199779
9 1132 0.154774391099647
9 1174 0.184816902825604
9 1175 0.104742324974782
9 1246 0.0468013369318465
9 1249 0.066153267336972
10 1 0.0134908340203671
10 4 0.0329102349741245
10 5 0.0532780611883172
10 14 0.135349672040461
10 15 0.113676035536469
10 18 0.0190683021279444
10 19 0.0332796776067611
10 189 0.0303254423961206
10 300 0.00371008641815987
10 394 0.119875066651038
10 509 0.336968216173215
10 646 0.0534229023623499
10 732 0.0743844513490785
10 825 0.01965115126347
10 841 0.0535000134766612
10 852 0.337423205167139
10 869 0.0299872186997838
10 897 0.0485715022862487
10 985 0.160695507053771
10 1096 0.0126972907632148
10 1184 0.00127077566826547
10 1201 0.0314997306847349
10 1212 0.162462848823077
10 1247 0.181433590642954
11 4 0.0450355943942406
11 6 0.0294001669482431
11 13 0.033146206596453
11 14 0.0165175653386816
11 25 0.0508795390021223
11 44 0.0522066737249466
11 53 0.241739461181728
11 76 0.00449189627115925
11 144 0.0737921508547592
11 206 0.0917797311073658
11 254 0.0137514525472062
11 271 0.0472245176177808
11 308 0.111696703936158
11 312 0.0514186148548012
11 360 0.0673104692742714
11 459 0.106221386078923
11 519 0.0535369948440605
11 534 0.0375378412220161
11 539 0.127771908699129
11 615 0.00301729923929155
11 727 0.0436630722536857
11 735 0.0606061120644117
11 788 0.015972100719298
11 802 0.0373352325123057
11 932 0.0726636858148515
11 951 0.159131655283115
11 1035 0.114987159374483
11 1183 0.146786890303691
11 1246 0.0580324299877017
11 1247 0.037190265191769
11 1248 0.0416372124222461
11 1249 0.0611725040182939
12 5 0.000487666841896896
12 8 0.175594503056306
12 16 0.00645905198248044
12 26 0.382049742967299
12 66 0.384261280706557
12 154 0.0438242302193034
12 157 0.0694305363562414
12 307 0.0121283026209716
12 345 0.013403275413656
12 374 0.0042723237931779
12 472 0.0971644194259123
12 553 0.00484057214816444
12 603 0.0897668354057355
12 692 0.145502391952995
12 740 0.144931525173304
12 747 0.108197842352854
12 797 0.0340179347033986
12 865 0.0276869143044901
12 896 0.265951954679776
12 902 0.486539494956658
12 941 0.00602078123053641
13 1 0.0605662571393756
13 6 0.0036201942032395
13 11 0.033146206596453
13 14 0.0260402966617058
13 16 0.00126270392798174
13 21 0.0733388949504662
13 43 0.180933406079743
13 48 0.0622762703421707
13 137 0.166592393215327
13 190 0.241932503148318
13 351 0.0168335757668396
13 513 0.0524730778819014
13 569 0.090839241646731
13 576 0.0374627038927605
13 620 0.0691505689185738
13 664 0.0363155467773585
13 700 0.0766224485309454
13 723 0.0140452563615929
13 824 0.0222957062879623
13 985 0.17030053781307
13 1048 0.110497369692762
13 1079 0.0697027574434798
13 1212 0.062490730894392
14 0 0.0683699082625289
14 3 0.0554203726594273
14 10 0.135349672040461
14 11 0.0165175653386816
14 13 0.0260402966617058
14 19 0.0298565402593806
14 20 0.00303316516561181
14 27 0.0064716455720493
14 28 0.0531250470518909
14 62 0.163280821202549
14 190 0.290221486007594
14 275 0.0752264053411101
14 362 0.157820220691505
14 370 0.0163386182236306
14 433 0.0591381782683465
14 599 0.0052435712230951
14 635 0.0189211868638086
14 677 0.0235311984544905
14 702 0.0678762090831407
14 945 0.0884461188508887
14 964 0.0216984490253538
14 972 0.0104863965697855
14 974 0.0374605425489737
14 1059 0.15352379580173
14 1149 0.0424632985850917
14 1231 0.0697862707490802
15 2 0.0376062548688123
15 9 0.00117314445655027
15 10 0.113676035536469
15 17 0.152925209518844
15 20 0.0939226065000397
15 22 0.00657584303020411
15 124 0.0326324327135004
15 167 0.397597186440453
15 288 0.0706116698803595
15 319 0.0486344663045766
15 384 0.0691128585451006
15 455 0.0124399878945367
15 598 0.180344045079653
15 654 0.0329087693625319
15 674 0.000229218309153879
15 768 0.0157804302422481
15 789 0.0322592886465574
15 798 0.101949756717376
15 996 0.130847690953696
15 1079 0.0281129376378214
15 1093 0.0539602506334353
15 1169 0.107693387379434
15 1183 0.0398628211910372
15 1212 0.152719929895262
15 1234 0.0437195361513828
16 8 0.123081833575659
16 9 0.498972775442597
16 12 0.00645905198248044
16 13 0.00126270392798174
16 17 0.152666839306901
16 20 0.168840088932852
16 25 0.0226605271809471
16 28 0.0134334917173722
16 55 0.151345567459928
16 56 0.039434274538696
16 98 0.048101855423239
16 110 0.00871926830898582
16 140 0.118404977674755
16 163 0.138959909500747
16 250 0.0153053350125494
16 287 0.00971709815036948
16 473 0.0264051640396009
16 501 0.0706527707147962
16 516 0.0414012343411933
16 538 0.122023085179463
16 645 0.165435462264567
16 693 0.109493087642132
16 706 0.0308155375092954
16 859 0.00952755503281713
16 895 0.0752456049216997
16 1018 0.217938447986742
16 1077 0.0212817212391599
16 1168 0.0436133790071927
16 1187 0.0447768273716843
17 9 0.046301443058985
17 15 0.152925209518844
17 16 0.152666839306901
17 19 0.277998603937385
17 22 0.0550613186867009
17 49 0.136833964132834
17 54 0.134683948084602
17 59 0.0225859162493867
17 125 0.0310276544213703
17 142 0.136600856194773
17 249 0.293145082169896
17 267 0.0260080932245462
17 355 0.0426413307056903
17 431 0.263383843375149
17 458 0.137644943257799
17 546 0.216100343469708
17 589 0.0761698156975242
17 976 0.123585363307159
17 1045 0.044958991637323
17 1067 0.475259516771848
17 1091 0.0426946513250546
17 1121 0.0058570673346431
17 1126 0.0533847617571309
18 6 0.0289110551860427
18 8 0.0340993603356014
18 10 0.0190683021279444
18 25 0.0216183794413071
18 31 0.106320956465947
18 70 0.0500234963541261
18 139 0.167938766079293
18 167 0.0801828344547632
18 176 0.0650873839398808
18 337 0.0575900830165031
18 415 0.0199591627259433
18 435 0.0896149491042212
18 499 0.372372615508843
18 533 0.0299479412679281
18 584 0.107480477803185
18 604 0.109488025543573
18 672 0.0201879364158908
18 684 0.102906011565964
18 735 0.387474861106787
18 848 0.0396148610550336
18 923 0.0201163219322195
18 978 0.0125205905971425
18 984 0.00576846850780262
18 1014 0.182372417309468
18 1059 0.203767705005924
18 1064 0.0919382434892361
19 7 0.11863186874056
19 10 0.0332796776067611
19 14 0.0298565402593806
19 17 0.277998603937385
19 22 0.025198463406701
19 25 0.0168089448373149
19 28 0.0903864094629959
19 29 0.0630806889857067
19 32 0.0792965374963385
19 48 0.23438379406034
19 62 0.212384881657337
19 131 0.00401875957040776
19 136 0.00254859740021437
19 147 0.0074650180929152
19 167 0.105773327703271
19 193 0.0590717391863356
19 413 0.0357289260424338
19 534 0.0601440573446362
19 546 0.0171899080880002
19 585 0.0114962125002271
19 627 0.00305950884906268
19 659 0.0514285553308184
19 724 0.105660356277475
19 753 0.0627295164470642
19 969 0.02949790721541
19 993 0.124547967558087
19 1126 0.131877416393987
20 6 0.0737072781710306
20 9 0.301155184408837
20 14 0.00303316516561181
20 15 0.0939226065000397
20 16 0.168840088932852
20 21 0.0116280563489144
20 25 0.0802625197404661
20 27 0.204042614574359
20 28 0.186338575862756
20 30 0.0214815576316074
20 61 0.0158872637203338
20 114 0.100468569349705
20 157 0.0801021165538925
20 308 0.0939052789131841
20 328 0.174612665399141
20 369 0.353895523457528
20 374 0.196796100282045
20 393 0.285389712775052
20 516 0.000739255422794267
20 556 0.16793044927555
20 568 0.0117671772981889
20 590 0.0323410474128936
20 605 0.017232912006273
20 624 0.141686043949208
20 634 0.071293117887276
20 683 0.0605910539149166
20 732 0.0530000541974362
20 754 0.158359378596233
20 768 0.0597539041565872
20 885 0.0938397947005182
20 912 0.191998054264373
20 1063 0.084087019761161
20 1094 0.0163311664470716
20 1232 0.0459950272762697
21 7 0.0941243750768967
21 13 0.0733388949504662
21 20 0.0116280563489144
21 22 0.136083695476153
21 24 0.082672533498534
21 95 0.100664923985369
21 122 0.00294133433635791
21 249 0.0396688988279928
21 275 0.0213707025430721
21 446 0.149120326433494
21 486 0.170955183767881
21 497 0.0667359053989171
21 596 0.052983631701715
21 613 0.119433483609538
21 636 0.179034223598463
21 675 0.0237193823828006
21 683 0.000856091247183589
21 688 0.174966850017807
21 785 0.0535423473281302
21 805 0.0234818331732674
21 824 0.102521714760706
21 836 0.0232232317026916
21 937 0.0589570557854174
21 1010 0.120397463536338
21 1117 0.172429898779529
21 1129 0.0217084667660817
21 1137 0.00943359985368852
21 1154 0.0205645420763236
21 1224 0.297433741848712
21 1226 0.00309192860247771
21 1234 0.0962768383067837
21 1244 0.0212741387718289
21 1245 0.00750726847283769
22 15 0.00657584303020411
22 17 0.0550613186867009
22 19 0.025198463406701
22 21 0.136083695476153
22 27 0.0412441214500696
22 32 0.143495829461317
22 35 0.15896665514412
22 36 0.0933262198695909
22 65 0.394207143589536
22 148 0.317176727614372
22 156 0.153732336559904
22 160 0.0286537442549152
22 166 0.0868698476387992
22 223 0.132083526203407
22 302 0.0289547370205735
22 386 0.015407675768093
22 402 0.167822803691627
22 442 0.269558889380338
22 504 0.00642648826534902
22 562 0.179616124207629
22 661 0.0648716151713421
22 738 0.0451109402699647
22 822 0.0480636576382297
22 896 0.00376464136578709
22 909 0.228237746974233
22 991 0.025742775185455
22 1012 0.212906602086117
22 1170 0.0428646512915529
22 1209 0.0154970315932755
23 9 0.00366842102504974
23 24 0.104644052839517
23 27 0.296349110860016
23 70 0.0354726404018629
23 101 0.00994118327206026
23 161 0.0525947801792241
23 315 0.0983910441685493
23 338 0.0340645356532641
23 399 0.000683229904943504
23 431 0.152794674467643
23 492 0.027115425829673
23 520 0.112528203638767
23 534 0.0671582555827729
23 579 0.232399129210869
23 660 0.0339716061923694
23 670 0.212594087342019
23 707 0.0689464231690671
23 719 0.255907890212219
23 767 0.197764149270086
23 816 0.302630242594681
23 817 0.0350581797333032
23 820 0.00460183163295852
23 864 0.0824288879716288
23 927 0.0359849857218945
23 1001 0.0843759655019564
23 1022 0.0247762345195324
23 1025 0.00476697079214515
23 1076 0.0855051179882
23 1225 0.00999579955635745
23 1249 0.0243056207189663
24 21 0.082672533498534
24 23 0.104644052839517
24 26 0.108667902592979
24 30 0.00843027060348349
24 31 0.110219797614333
24 34 0.121402379235076
24 37 0.0581274638038665
24 89 0.0246977876675873
24 108 0.086428677838322
24 201 0.00357874663447135
24 222 0.198921472453837
24 260 0.033914333312363
24 261 0.013007589509993
24 291 0.0730705503386028
24 376 0.16509035525324
24 472 0.24515133252322
24 479 0.228249909265603
24 533 0.0392223767545269
24 534 0.0483497032205944
24 717 0.0318347163870653
24 769 0.0870397498114042
24 812 0.0275607014461437
24 816 0.00125438536914014
24 928 0.00226288602161914
24 945 0.0518869452427859
24 1008 0.0609276820923469
24 1077 0.111557768172181
24 1139 0.0801291186323496
24 1195 0.200571876294432
25 11 0.0508795390021223
25 16 0.0226605271809471
25 18 0.0216183794413071
25 19 0.0168089448373149
25 20 0.0802625197404661
25 27 0.0661106539458788
25 38 0.00828130369823208
25 54 0.0489217853308491
25 77 0.0270705309446459
25 146 0.0204056248165852
25 163 0.104835054447066
25 384 0.0186467398457328
25 491 0.108240215608749
25 502 0.17020458073589
25 545 0.0259344546862594
25 676 0.190399063436459
25 737 0.0484757473192326
25 799 0.0277877161425365
25 874 0.15655195831545
25 992 0.196937044077932
25 1019 0.0713680146820713
25 1063 0.0134396408344345
25 1214 0.0103692023188486
26 12 0.382049742967299
26 24 0.108667902592979
26 35 0.473793262412006
26 36 0.0557393817237066
26 37 0.279233459524319
26 158 0.0372762506402737
26 186 0.0910045604575416
26 258 0.0775862841621363
26 381 0.0158840477467124
26 399 0.132418741406288
26 474 0.181044035622443
26 527 0.257206156031473
26 545 0.0150772193032864
26 561 0.13108455061063
26 592 0.245608728736115
26 598 0.0143188538230018
26 603 0.0269902083880615
26 669 0.315430703769793
26 672 0.0395765848581072
26 727 0.177250895762842
26 833 0.0413234526346975
26 899 0.0444913888259448
26 957 0.0243508539640562
26 998 0.164811651474415
26 1041 0.226512502295881
26 1042 0.137059617343629
26 1052 0.103150251743602
26 1064 0.134135133646142
26 1176 0.110375059335489
27 14 0.0064716455720493
27 20 0.204042614574359
27 22 0.0412441214500696
27 23 0.296349110860016
27 25 0.0661106539458788
27 28 0.149775863612522
27 29 0.20209174842804
27 34 0.150831816229868
27 124 0.0100379814517864
27 151 0.253914173963312
27 192 0.0509539364001711
27 264 0.0667222933654193
27 277 0.0680108132987494
27 435 0.00856554518126451
27 441 0.155500833561463
27 504 0.0270698025704328
27 529 0.0670786567324669
27 535 0.222962315563033
27 548 0.013997406319062
27 570 0.0731843220187427
27 629 0.0147021366264736
27 638 0.413129683094903
27 712 0.0482669708664113
27 770 0.059199156734014
27 866 0.0985608789071042
27 973 0.0213827241275612
27 1058 0.0364509421844129
27 1079 0.025669609168105
28 14 0.0531250470518909
28 16 0.0134334917173722
28 19 0.0903864094629959
28 20 0.186338575862756
28 27 0.149775863612522
28 32 0.184457816006806
28 34 0.0300149152003165
28 35 0.0835950906570797
28 36 0.1529681925566
28 41 0.0261733714770027
28 57 0.038708902924762
28 98 0.127769363556305
28 101 0.0547574348181372
28 210 0.00194379239225775
28 264 0.0897591271598004
28 295 0.31625693920029
28 359 0.0245322222981883
28 486 0.164571517255926
28 656 0.0270916710918658
28 719 0.034609715358605
28 826 0.0275725770873836
28 829 0.303093974876133
28 843 0.0654096710857398
28 974 0.0422651593439138
28 1226 0.151893203567104
29 19 0.0630806889857067
29 27 0.20209174842804
29 37 0.0431962133259621
29 42 0.0163644074419269
29 117 0.0570400128114941
29 130 0.0575532620164734
29 140 0.114804037018088
29 212 0.0747757536120462
29 226 0.0995016366513509
29 243 0.0486024280619111
29 383 0.0676122653868586
29 413 0.0211289588102467
29 422 0.0226147434702164
29 444 0.000194237305665707
29 464 0.0542029737581363
29 571 0.0915995953082471
29 578 0.0564631393045618
29 686 0.0285821247504379
29 765 0.199131278713727
29 769 0.0392605299029876
29 909 0.206935247354816
29 922 0.0428705226704507
29 1081 0.224861178293813
29 1152 0.148070377989118
30 20 0.0214815576316074
30 24 0.00843027060348349
30 32 0.0328317305046919
30 34 0.033224880661984
30 40 0.301231538536111
30 43 0.141052546213423
30 62 0.146840017930293
30 133 0.0882315943803893
30 245 0.239780023017599
30 248 0.132516325376478
30 262 0.093196439134327
30 267 0.0108560952476115
30 312 0.00491386251696601
30 379 0.0634221019236895
30 545 0.102830361389909
30 597 0.499087251420531
30 809 0.023834263427725
30 870 0.0107718642023236
30 987 0.00315121462076435
30 1006 0.0268307513447749
31 18 0.106320956465947
31 24 0.110219797614333
31 36 0.0906001902392888
31 40 0.0144713144018224
31 42 0.0694447651305733
31 44 0.116658862825672
31 92 0.0680174389335349
31 117 0.13765103573169
31 120 0.477443376145465
31 243 0.0496318997276385
31 265 0.156261088934893
31 306 0.358165941930523
31 385 0.109208099780723
31 441 0.108373286256034
31 492 0.328679944258328
31 523 0.154109013323494
31 575 0.309871200929097
31 685 0.00460328993959651
31 720 0.190580003482627
31 952 0.116975554911137
31 1111 0.000156083112807026
31 1147 0.022666504139923
31 1205 0.0026522562290691
32 19 0.0792965374963385
32 22 0.143495829461317
32 28 0.184457816006806
32 30 0.0328317305046919
32 35 0.0105741329494814
32 89 0.00844665035856362
32 284 0.00576369047709688
32 338 0.0340928145927171
32 341 0.0638956302576964
32 364 0.0380305799022941
32 375 0.0234368692168585
32 407 0.0733612136067768
32 434 0.0410302511286809
32 451 0.0311895551015467
32 533 0.22953374978199
32 609 0.0150003886125252
32 658 0.0880445221362179
32 709 0.439737493044554
32 816 0.229431366403455
32 825 0.153762631690255
32 865 0.057186352018932
32 872 0.0995019215628181
32 886 0.00621439373077409
32 968 0.00463225057133057
32 1047 0.159879823746785
32 1129 0.0190229591412189
32 1157 0.108917437851356
32 1194 0.0361262577899718
32 1219 0.419360816805939
32 1238 0.0268723560202203
33 7 0.0353224867229771
33 35 0.0518249762574593
33 36 0.204135306898311
33 46 0.0639018466897161
33 47 0.00669582383312409
33 118 0.0606405788297892
33 140 0.0937280207902828
33 222 0.0731102163033256
33 319 0.0143645763895304
33 371 0.20067999065159
33 474 0.0776684668384485
33 507 0.0203145548493132
33 512 0.215479337300787
33 521 0.153034376633849
33 522 0.00168563536778586
33 528 0.0199942638249005
33 613 0.000238712052311788
33 678 0.0941630018982806
33 749 0.277433615433286
33 775 0.322915613527565
33 826 0.0173465587845892
33 860 0.0197018370073291
33 937 0.00459070542744941
33 961 0.0357980689366596
33 1017 0.0851935683175151
33 1095 0.0140957727315001
33 1118 0.00704717585165728
33 1124 0.0391696449791044
34 2 0.0146360362617468
34 24 0.121402379235076
34 27 0.150831816229868
34 28 0.0300149152003165
34 30 0.033224880661984
34 36 0.173655764601525
34 37 0.0744923436301892
34 39 0.0624463983870058
34 40 0.00767554400728415
34 41 0.0676060303672685
34 44 0.0519425356875102
34 59 0.0162959483124797
34 100 0.069509729237455
34 280 0.158727354946424
34 331 0.0328645813873643
34 384 0.0466701512658762
34 403 0.0861603781598408
34 409 0.0624926096012474
34 476 0.0185900112408199
34 548 0.0782934409498176
34 553 0.0144436827612818
34 570 0.0728647469161795
34 593 0.0496874147286295
34 778 0.0606167889195757
34 878 0.0811253068726746
34 919 0.197206550550299
34 1006 0.115512101936171
34 1052 0.0309140312362926
34 1129 0.174930262506982
34 1217 0.0891408420313676
35 22 0.15896665514412
35 26 0.473793262412006
35 28 0.0835950906570797
35 32 0.0105741329494814
35 33 0.0518249762574593
35 43 0.0462394229597113
35 46 0.169680840108122
35 49 0.0922218698504028
35 162 0.126490464337244
35 248 0.241207609592066
35 289 0.0346918069275913
35 299 0.127046559987054
35 318 0.288972047070041
35 356 0.00871920143976269
35 374 0.262339823440786
35 462 0.000988613295256933
35 479 0.0270003933268755
35 509 0.045404817780954
35 524 0.0957782236567767
35 563 0.028710179459585
35 573 0.190601130770923
35 665 0.0315647990777189
35 718 0.066163289005068
35 786 0.017579864932828
35 998 0.024567114684357
35 1002 0.0354043537083665
35 1102 0.155426377211296
35 1122 0.0278626625001417
35 1148 0.0441063060898298
35 1182 0.102116969080373
35 1230 0.130225190257715
35 1241 0.160009636357572
36 22 0.0933262198695909
36 26 0.0557393817237066
36 28 0.1529681925566
36 31 0.0906001902392888
36 33 0.204135306898311
36 34 0.173655764601525
36 39 0.240979599194966
36 42 0.0284187862324631
36 45 0.0229247717702231
36 47 0.0542118639958025
36 49 0.0613982206672787
36 65 0.0674938311776039
36 71 0.191327969972021
36 89 0.0662145917779096
36 195 0.111244543765911
36 224 0.0126735597806417
36 233 0.0648371545137832
36 267 0.110354504494
36 298 0.118058836060317
36 344 0.0421598196691692
36 376 0.0744304956608174
36 415 0.0804773919172041
36 477 0.0522984251764097
36 595 0.0776152691190848
36 618 0.188068654921941
36 660 0.0135445173651789
36 723 0.262005329463796
36 751 0.298995300204928
36 768 0.291222815692347
36 825 0.108856034476512
36 961 0.261339810846173
36 1120 0.192040566415355
37 24 0.0581274638038665
37 26 0.279233459524319
37 29 0.0431962133259621
37 34 0.0744923436301892
37 40 0.0570355939834509
37 42 0.178214919246069
37 47 0.125561381072611
37 51 0.120412133456436
37 88 0.0556343407218589
37 169 0.0126565785428059
37 178 0.0333190663645334
37 196 0.0301691741266228
37 222 0.0598857478451169
37 236 0.0362422807286292
37 299 0.0905582887313957
37 303 0.0243824198181911
37 390 0.101920192162916
37 413 0.0437699894080738
37 521 0.0287644012558506
37 530 0.0575263764830629
37 562 0.157087448909843
37 584 0.0800658825718737
37 609 0.0989665667569554
37 682 0.012899195054288
37 779 0.0899226958849236
37 833 0.0158959950535808
37 1004 0.0526369509409237
37 1078 0.346802764502243
37 1150 0.0449282261694362
37 1224 0.0680576078169688
38 25 0.00828130369823208
38 43 0.0122375333423971
38 252 0.201078053345307
38 254 0.0326287144103733
38 298 0.0714188613149509
38 314 0.0220265715008814
38 373 0.115814872989945
38 541 0.0544907236395378
38 578 0.06570021409253
38 678 0.117763471545334
38 775 0.0223059883459252
38 795 0.0993556269650924
38 868 0.0577388247269288
38 904 0.0889198927772319
38 929 0.00849162787892603
38 999 0.320701726494986
38 1091 0.0607078426971318
38 1125 0.173120439500026
38 1130 0.0975463599095206
38 1157 0.343389214144075
38 1238 0.161057739356965
39 34 0.0624463983870058
39 36 0.240979599194966
39 40 0.00245220521056904
39 41 0.0248636692174333
39 47 0.0010319672488075
39 48 0.0801433630400088
39 53 0.0276404288630238
39 65 0.287994273073125
39 138 0.0636205850548755
39 236 0.0739904617527836
39 244 0.136572411963512
39 255 0.0750096443213802
39 453 0.0274204477076381
39 514 0.160514349868634
39 524 0.063997353793147
39 585 0.104664904487476
39 598 0.0654453858035001
39 619 0.0601316920059317
39 690 0.0317873285294509
39 748 0.00593024263538155
39 807 0.0975447292045302
39 813 0.12041349795806
39 864 0.133235933810824
39 906 0.0624877995720433
39 960 0.00514018547929154
39 1036 0.0916800575992907
39 1040 0.0286396052568782
39 1232 0.0349937319256566
40 2 0.126802396556112
40 5 0.0173306228641687
40 30 0.301231538536111
40 31 0.0144713144018224
40 34 0.00767554400728415
40 37 0.0570355939834509
40 39 0.00245220521056904
40 51 0.0867298568749094
40 53 0.120476905603821
40 64 0.0372620820289411
40 73 0.140200768214853
40 177 0.202175548676529
40 211 0.000303531308584658
40 231 0.0928978285994247
40 250 0.0731771763209574
40 296 0.543577093076195
40 310 0.00451709655312665
40 371 0.076932687160838
40 482 0.0589470240369504
40 496 0.0529468472002391
40 610 0.0440753919519765
40 676 0.0492358009971404
40 689 0.0566210087362031
40 695 0.10145863447319
40 718 0.229537273528454
40 759 0.00863920290715259
40 907 0.0894218820168605
40 1084 0.327635268622639
40 1109 0.0756666780427273
40 1237 0.0812064838877912
41 28 0.0261733714770027
41 34 0.0676060303672685
41 39 0.0248636692174333
41 42 0.0639740121270936
41 46 0.0576973715636213
41 53 0.178524336660473
41 210 0.323340733623448
41 251 0.0353838967486146
41 256 0.0743848474573935
41 290 0.0221302640407582
41 350 0.211956254346265
41 356 0.128387796984115
41 379 0.011513552067343
41 534 0.0783376887494217
41 535 0.0840956573640241
41 587 0.0543968967769763
41 654 0.0181526056343896
41 664 0.195953092439889
41 712 0.114932347405407
41 725 0.0171417273109001
41 731 0.0611263462118436
41 909 0.0836113738418271
41 964 0.0667780429817082
41 967 0.196972805640635
41 1042 0.00450552601020973
41 1142 0.257568665134468
41 1159 0.237383901339405
41 1163 0.106447497220535
41 1193 0.0449287356989615
42 29 0.0163644074419269
42 31 0.0694447651305733
42 36 0.0284187862324631
42 37 0.178214919246069
42 41 0.0639740121270936
42 43 0.0466623134884782
42 47 0.000575318620437898
42 49 0.0826340384549898
42 50 0.071321069098992
42 53 0.205936334090054
42 55 0.0373823453766323
42 140 0.243931645498728
42 248 0.113109377901707
42 304 0.00182350506250177
42 364 0.0333122540338612
42 367 0.0802038626900196
42 383 0.16076435694278
42 422 0.130782409183026
42 428 0.0460073404362965
42 461 0.151913042114642
42 485 0.084267209590398
42 535 0.238412125055831
42 552 0.00379056947719265
42 558 0.052289349847361
42 565 0.192693466448274
42 622 0.0326670624973666
42 759 0.176856121583655
42 866 0.115401854761746
42 868 0.0154217174152811
42 968 0.242359059224333
42 970 0.0530686549459622
42 1004 0.000836275578097839
42 1063 0.0157523363293417
42 1143 0.0183992701929058
42 1246 0.0343785354440944
43 13 0.180933406079743
43 30 0.141052546213423
43 35 0.0462394229597113
43 38 0.0122375333423971
43 42 0.0466623134884782
43 45 0.144808244802797
43 47 0.135841609873906
43 50 0.000790367847828436
43 52 0.000138811693839855
43 56 0.0554359881541419
43 57 0.0504778710720784
43 75 0.49199628373136
43 81 0.054810578779231
43 87 0.143446679526436
43 127 0.0302855220418096
43 191 0.088257066954503
43 282 0.239947976710422
43 332 0.228837469199786
43 458 0.0850989642750253
43 490 0.0224416236783777
43 511 0.0495201930650275
43 512 0.28600877799522
43 636 0.153065029353575
43 665 0.110610014160278
43 716 0.485751938706311
43 759 0.0853640394869318
43 763 0.137397880820387
43 932 0.342939301094807
43 966 0.127759729362775
43 1042 0.0651894463254416
43 1160 0.148915376655526
43 1218 0.206549678568025
44 11 0.0522066737249466
44 31 0.116658862825672
44 34 0.0519425356875102
44 47 0.00360513140913157
44 48 0.400346098117215
44 51 0.0868127518150957
44 58 0.174640229130055
44 92 0.0419783381954434
44 141 0.0410685926948782
44 275 0.0262620127323802
44 294 0.167373914735218
44 304 0.0412250183334646
44 338 0.0429984598807954
44 340 0.00186230811530025
44 353 0.0472205286029078
44 409 0.0979033459327565
44 417 0.19042439929108
44 517 0.0238714336184566
44 621 0.016520917736442
44 680 0.0620024601368484
44 780 0.117434740896703
44 793 0.1325156738712
44 874 0.0140329376428317
44 925 0.00253526544524865
44 970 0.110198260105954
44 1105 0.0486305787432488
44 1165 0.169496615345931
44 1196 0.00796914793679087
45 36 0.0229247717702231
45 43 0.144808244802797
45 46 0.0683366964625831
45 47 0.022238310956399
45 54 0.0462468933316184
45 57 0.096371926117209
45 163 0.158128528907299
45 235 0.00194451553308062
45 246 0.00825749864105258
45 258 0.038778246007023
45 294 0.0432052416443653
45 377 0.119192046100342
45 406 0.084303212732796
45 559 0.0434118977022446
45 586 0.43725423730102
45 595 0.0316448987237734
45 626 0.0161109543867306
45 658 0.233354962059999
45 758 0.109554421081813
45 773 0.0307499444408959
45 856 0.195732044362868
45 863 0.0650932317906473
45 868 0.0348054513925681
45 878 0.329585571646199
45 901 0.0131133843700256
45 958 0.161782078800847
45 959 0.0629565099565301
45 1158 0.0133583739780355
46 33 0.0639018466897161
46 35 0.169680840108122
46 41 0.0576973715636213
46 45 0.0683366964625831
46 54 0.0962800301302985
46 60 0.0864758953003362
46 114 0.690362390130505
46 173 0.410279959064495
46 261 0.29329750989952
46 299 0.106402792910767
46 391 0.0829105855876794
46 396 0.0993459541009225
46 418 0.110789525661148
46 459 0.0856218699115629
46 784 0.097001485025681
46 834 0.0427722706749465
46 974 0.280606676428608
46 977 0.0491591567363111
46 994 0.0232832110322268
46 1092 0.0400757452928273
46 1115 0.139078765491386
46 1157 0.00681954867398166
46 1159 0.0884881577792198
46 1210 0.0134773318454873
47 33 0.00669582383312409
47 36 0.0542118639958025
47 37 0.125561381072611
47 39 0.0010319672488075
47 42 0.000575318620437898
47 43 0.135841609873906
47 44 0.00360513140913157
47 45 0.022238310956399
47 48 0.326524442037255
47 56 0.00594832987583923
47 61 0.0740120119852652
47 74 0.0698370514597045
47 75 0.00597870395780117
47 274 0.000391827678243519
47 287 0.000508453754727831
47 377 0.0701936131328416
47 383 0.094616177436314
47 487 0.311645530221304
47 499 0.0969555916866842
47 538 0.286816875935428
47 542 0.197590486374488
47 584 0.0129486255642734
47 586 0.0505451215052888
47 602 0.00796333907877009
47 628 0.0355701442345731
47 781 0.067822206218945
47 901 0.0461690634569207
47 1033 0.172780637533554
47 1058 0.152012521948338
47 1189 0.0083092603674522
47 1199 0.530300213818464
48 13 0.0622762703421707
48 19 0.23438379406034
48 39 0.0801433630400088
48 44 0.400346098117215
48 47 0.326524442037255
48 50 0.00487488955129931
48 56 0.0523103709350454
48 176 0.0127941416638276
48 289 0.00327016255126037
48 386 0.148531948515381
48 409 0.134819526620634
48 437 0.21967924742107
48 468 0.051298569941995
48 525 0.171495596294981
48 620 0.118797813850271
48 667 0.225638203164845
48 708 0.0164204889705122
48 738 0.0189602737565425
48 795 0.0071301936736326
48 842 0.0870212681904724
48 846 0.0722965927917812
48 849 0.00422798868982883
48 940 0.00747187554459613
48 988 0.136072553203909
48 1032 0.0437564504566995
48 1123 0.111881711693705
48 1175 0.249258743734541
48 1184 0.0371320033100396
49 17 0.136833964132834
49 35 0.0922218698504028
49 36 0.0613982206672787
49 42 0.0826340384549898
49 52 0.0257856641010643
49 57 0.298150967411488
49 60 0.00230505838378788
49 61 0.000119771289589848
49 63 0.00428661884525183
49 108 0.215154651936622
49 109 0.0674747233027904
49 246 0.23594551148002
49 301 0.0312791618132853
49 420 0.0732924786533523
49 487 0.00151295903434422
49 512 0.0304339582510195
49 552 0.23082822991897
49 575 0.183732695989607
49 581 0.151855963098328
49 623 0.129204453710061
49 673 0.0433057646898319
49 677 0.285215079281664
49 688 0.0477538006796526
49 709 0.0805862659541666
49 796 0.0820349420577137
49 896 0.17614672751107
49 1012 0.0624348745068361
49 1025 0.301322843051695
49 1114 0.0356930872387702
49 1183 0.016709657964253
49 1207 0.0571922078849629
49 1248 0.441342055889878
50 42 0.071321069098992
50 43 0.000790367847828436
50 48 0.00487488955129931
50 57 0.0640910758541957
50 60 0.0414166044798051
50 62 0.380049203304432
50 106 0.164599030123982
50 126 0.00506058519857024
50 204 0.322469759806339
50 245 0.0137137551187583
50 275 0.198954392010057
50 508 0.0384309063068428
50 544 0.028727422048132
50 567 0.0874546605304602
50 596 0.186087704762345
50 659 0.0308395216919925
50 738 0.191050892925733
50 745 0.0206419244517361
50 816 0.0665010977090773
50 1040 0.0287777650598502
50 1154 0.125496672522468
50 1230 0.0828898609980041
51 37 0.120412133456436
51 40 0.0867298568749094
51 44 0.0868127518150957
51 52 0.139922302005664
51 56 0.00387460875437168
51 61 0.145338432697594
51 62 0.0632862422883915
51 65 0.026213285046867
51 123 0.512267082865233
51 273 0.0190669425516811
51 443 0.126079091446086
51 572 0.150576082605688
51 624 0.0566688993548496
51 756 0.0628558867242557
51 790 0.0430045826937424
51 1057 0.00684589190668567
51 1150 0.101327627314391
51 1237 0.105511982390178
51 1238 0.00480228647276628
52 43 0.000138811693839855
52 49 0.0257856641010643
52 51 0.139922302005664
52 53 0.182908355288496
52 54 0.0371930688232648
52 56 0.0109761670061183
52 62 0.14617825186104
52 65 0.10079599790117
52 66 0.0695068599719249
52 126 0.0467699718306178
52 129 0.00123789443594474
52 155 0.040092253127776
52 363 0.123861631103987
52 364 0.0439053026038764
52 380 0.145945580587985
52 486 0.348171421951071
52 492 0.0873258826463734
52 507 0.0618389680617584
52 517 0.0896296315947755
52 518 0.230245421118213
52 619 0.0186684085107618
52 626 0.0364998277800824
52 686 0.0646945290586989
52 697 0.0188204351951636
52 825 0.0465570921728737
52 1059 0.00498906659551192
52 1165 0.254710549138012
52 1195 0.0758884855728884
52 1207 0.25088841444485
53 11 0.241739461181728
53 39 0.0276404288630238
53 40 0.120476905603821
53 41 0.178524336660473
53 42 0.205936334090054
53 52 0.182908355288496
53 54 0.0325387771764343
53 57 0.0720137166579335
53 61 0.14726429450902
53 63 0.0257083618393067
53 64 0.0310378767282042
53 65 0.179030186853128
53 67 0.132810367656022
53 132 0.0167682694383724
53 141 0.0513302289075383
53 378 0.0769376452000214
53 557 0.203497266253833
53 705 0.0902168354448098
53 707 0.119556093313952
53 727 0.191253634035499
53 752 0.0358060337924441
53 828 0.00338048730210992
53 851 0.120626172835195
53 870 0.276665834527875
53 1062 0.00736643973764501
53 1189 0.173124139058533
54 17 0.134683948084602
54 25 0.0489217853308491
54 45 0.0462468933316184
54 46 0.0962800301302985
54 52 0.0371930688232648
54 53 0.0325387771764343
54 59 0.0672675213258649
54 60 0.0609491944284058
54 66 0.0702927264984897
54 82 0.0176947723679281
54 126 0.21034638546499
54 140 0.0196422626969437
54 184 0.0910442364099293
54 231 0.0626588677635781
54 247 0.176619291897606
54 338 0.207727939463672
54 377 0.00707180791920872
54 392 0.044190347194083
54 439 0.147344054938921
54 523 0.0147390225260426
54 546 0.197771932557114
54 564 0.0388259255285797
54 575 0.223286099382332
54 731 0.0402469740323287
54 844 0.0728130749252748
54 903 0.0690906966412982
54 993 0.0124662251265339
54 1036 0.00280412840199176
54 1194 0.0916156372920721
55 5 0.0218073598872932
55 16 0.151345567459928
55 42 0.0373823453766323
55 67 0.171676782380927
55 256 0.0661265040408339
55 273 0.123226237658192
55 378 0.0787508491893723
55 466 0.084912365629171
55 472 0.0506468092459675
55 478 0.00469144543128522
55 520 0.099684301849253
55 592 0.00329715479748801
55 710 0.397643137796328
55 711 0.0189799606016659
55 716 0.138685396385729
55 795 0.023491272104585
