0 2 0.0717610610003408
0 6 0.108134164071691
0 7 0.203550738234449
0 15 0.028927393398527
0 204 0.154480441315099
0 274 0.176495159280333
0 313 0.019037687179346
0 332 0.120143333912473
0 335 0.133550449370625
0 365 0.145562778136554
0 424 0.05558597691771
0 459 0.0481638904419849
0 484 0.0707433713756267
0 487 0.251462972150125
0 513 0.330213935366604
0 604 0.219666069962292
0 632 0.00256170161785641
0 670 0.0346415479839504
0 692 0.131473889105954
0 793 0.0465257618509188
0 923 0.138382924401191
0 989 0.171605346205895
0 991 0.152282826321199
0 992 0.417853990383758
0 993 0.10955487522619
0 998 0.0543902186936289
1 4 0.228219449105304
1 5 0.19936170210525
1 6 0.178711662955531
1 7 0.0231589433818978
1 13 0.00481762392577975
1 52 0.0175962504652882
1 144 0.075756772588713
1 240 0.00847522548123717
1 280 0.141442923089285
1 380 0.0652971583451231
1 404 0.076178091489715
1 420 0.117824474799577
1 482 0.0779743735687774
1 538 0.108326307802341
1 559 0.0319667131853989
1 575 0.000629600353995858
1 635 0.0342307826722908
1 805 0.0919749205474726
1 850 0.321653998260466
1 886 0.0182203171828565
1 987 0.00528169148497067
1 994 0.039967377997613
2 0 0.0717610610003408
2 3 0.00197831414909161
2 10 0.244264429256397
2 12 0.101722536778143
2 13 0.0114792748458304
2 16 0.214297093316174
2 177 0.0996197394231958
2 273 0.217179964606077
2 321 0.0507349496393501
2 329 0.489368234447864
2 355 0.00368872586538497
2 386 0.065851831771854
2 393 0.0252003704554212
2 395 0.0729520898976671
2 437 0.0220084941564317
2 443 0.0404680925771799
2 500 0.158739170263383
2 566 0.181247033619369
2 579 0.545310387569357
2 597 0.555488105094684
2 611 0.0438899097290631
2 659 0.0934503029718867
2 740 0.299761298647478
2 870 0.0676254450770148
2 997 0.0391210373708213
3 2 0.00197831414909161
3 7 0.0224326456716722
3 11 0.326618735564777
3 13 0.0414520257577533
3 14 0.106579857295028
3 51 0.346492186993748
3 53 0.189933474387084
3 69 0.164996896833514
3 78 0.104694554106903
3 206 0.176990503768174
3 207 0.033371446098214
3 237 0.0869072278098852
3 295 0.170038289992752
3 397 0.0392160758310982
3 426 0.0207080907628369
3 443 0.079012289737226
3 445 0.0446362042779007
3 449 0.0359728211000937
3 610 0.21537014734785
3 629 0.0100419801122013
3 651 0.0114025756535566
3 690 0.0361967162527832
3 722 0.100680032994421
3 752 0.150570702475012
3 815 0.0450575071886893
3 817 0.186937722985444
3 832 0.0141642940281637
3 943 0.0719878923875663
3 990 0.165098783558202
3 991 0.0340592675817516
3 992 0.108515820010019
3 994 0.124462276386338
4 1 0.228219449105304
4 7 0.105106223386111
4 9 0.131423609170269
4 10 0.0017112011333793
4 12 0.249847707128341
4 13 0.0821334456382717
4 15 0.124872460152669
4 17 0.0491408681895321
4 36 0.0030433944315781
4 95 0.173206064161248
4 143 0.0439835023620864
4 211 0.0527493255352781
4 252 0.263814020915767
4 351 0.28636515358791
4 370 0.0117662870165734
4 402 0.0691685395544519
4 480 0.300951578275089
4 484 0.0223996976769083
4 523 0.104454633868653
4 525 0.173366934939446
4 626 0.172125953095643
4 659 0.177819225525096
4 662 0.00113809353553413
4 688 0.316573194204906
4 750 0.00476555147632137
4 763 0.200892620772765
4 807 0.0558874232764155
4 854 0.0275642898271689
4 873 0.233909108814609
4 894 0.00134053054383731
4 952 0.126527949638644
4 997 0.191276660080106
5 1 0.19936170210525
5 6 0.197513291012656
5 8 0.228164508184454
5 11 0.0620167657293287
5 87 0.0920259120352208
5 116 0.00369535195458561
5 198 0.139492659452974
5 239 0.0113088017755581
5 310 0.0582503008015081
5 368 0.0231052576361346
5 391 0.0171261776067989
5 479 0.0535508530059278
5 484 0.0212174001277202
5 549 0.122440532665887
5 571 0.0109059897975912
5 655 0.0890450773017966
5 684 0.0767984074727448
5 713 0.0830078941858354
5 721 0.0302698103936764
5 725 0.0212856319495893
5 728 0.01161753364633
5 819 0.0477438669939103
5 938 0.110191665984275
5 992 0.0508396854417795
6 0 0.108134164071691
6 1 0.178711662955531
6 5 0.197513291012656
6 7 0.152096770124498
6 13 0.472866935732969
6 17 0.0210532035757739
6 19 0.272053146517858
6 191 0.446793486610689
6 254 0.0531807300388469
6 268 0.0741442149621716
6 270 0.0627613241886784
6 288 0.125037316893787
6 289 0.0141209914554718
6 323 0.0935693498182979
6 343 0.106337967105312
6 348 0.0971605746389993
6 351 0.412711869374307
6 392 0.636120437312016
6 397 0.187214945015061
6 446 0.0815924192961428
6 457 0.0580934607859813
6 490 0.192770306549453
6 554 0.188820660102318
6 582 0.150853601028661
6 588 0.0358744376324814
6 696 0.0376273497543717
6 701 0.0694979634489908
6 719 0.308399426734602
6 747 0.121538604304999
6 750 0.202201054587603
6 805 0.00452979078780765
6 907 0.0160489530081944
6 987 0.0295876806515066
6 993 0.0593714259364128
6 995 0.0281970600684478
7 0 0.203550738234449
7 1 0.0231589433818978
7 3 0.0224326456716722
7 4 0.105106223386111
7 6 0.152096770124498
7 9 0.0118259787542263
7 13 0.086904621339248
7 15 0.178416954923921
7 18 0.0796993307455551
7 20 0.0692429830577037
7 140 0.0288315174588464
7 191 0.0316241097880852
7 354 0.0874135403944686
7 374 0.0476631514928519
7 464 0.112194014566338
7 666 0.0747407297024958
7 692 0.146844376396259
7 703 0.0198666443355636
7 739 0.132504376511953
7 867 0.14106420212244
7 977 0.185916344166221
7 993 0.111572651132008
8 5 0.228164508184454
8 11 0.0635618292482339
8 16 0.103687967289855
8 79 0.132288408603826
8 85 0.0240558960711454
8 124 0.214719966583299
8 161 0.0742453823486395
8 229 0.0826690607453548
8 448 0.00330731141533495
8 475 0.00796230559567923
8 516 0.174263134633623
8 589 0.234122438813368
8 758 0.106533959367131
8 823 0.129262565576688
8 832 0.101890443630467
8 868 0.258107278941459
8 881 0.0397055316241963
8 947 0.0694895265690576
8 968 0.198516643395748
8 994 0.216794541898345
9 4 0.131423609170269
9 7 0.0118259787542263
9 13 0.0642313457936059
9 14 0.032923187268592
9 16 0.0962870034042977
9 17 0.0120465514543556
9 23 0.131603574609398
9 25 0.0681975327196641
9 76 0.054040809209525
9 104 0.440077734857156
9 171 0.364507266463126
9 191 0.102125946927089
9 244 0.0143473664275681
9 305 0.0169905755649279
9 419 0.00376485344224586
9 489 0.496663600884811
9 515 0.149600543708446
9 590 0.0379724230252681
9 625 0.0495374282796527
9 639 0.0121205390398074
9 673 0.338138240382008
9 755 0.00597416825821447
9 758 0.279043860372751
9 759 0.0917950614529301
9 851 0.0886849567507114
9 875 0.173795639870474
9 882 0.0101075226950674
9 886 0.089243014697005
9 975 0.0668988569545016
10 2 0.244264429256397
10 4 0.0017112011333793
10 11 0.0256904048439314
10 15 0.0378874346584358
10 19 0.185624386356049
10 22 0.0330258181272046
10 24 0.0802519199082679
10 26 0.00268257630505134
10 73 0.00352056405631823
10 129 0.669422543978055
10 178 0.277587705818377
10 218 0.0851133793947863
10 226 0.416170567131799
10 370 0.170282061355291
10 378 0.0569750151289572
10 468 0.227394526596085
10 504 0.137936913645887
10 511 0.958377045742167
10 577 0.149036072280846
10 578 0.0171240725215839
10 603 0.0618964032697819
10 615 0.00580588562412358
10 647 0.140418239207648
10 750 0.070543099495205
10 818 0.110637783909271
10 831 0.299627222169027
10 887 0.0245170347585522
10 912 0.0370758407330618
10 997 0.00780232774271968
11 3 0.326618735564777
11 5 0.0620167657293287
11 8 0.0635618292482339
11 10 0.0256904048439314
11 17 0.0166305885612724
11 21 0.0296295037558253
11 22 0.0536498441345544
11 133 0.0559873419758044
11 158 0.0771395270858983
11 184 0.0219082431801828
11 195 0.0811075218628269
11 202 0.0789546938631363
11 221 0.176763554965383
11 328 0.0635539805173329
11 335 0.104665707777424
11 352 0.00626996663971642
11 410 0.0103134221763515
11 542 0.240169940960944
11 548 0.0888280411370777
11 629 0.33277670030024
11 663 0.218094339983985
11 714 0.139029952892288
11 794 0.065760361194172
11 806 0.330486941498248
11 841 0.162697277398949
11 879 0.0148805890856542
11 991 0.0441946573906338
12 2 0.101722536778143
12 4 0.249847707128341
12 14 0.00160969259364268
12 15 0.293583602970813
12 16 0.117043080777111
12 25 0.0103354559156193
12 96 0.0309162266512141
12 174 0.137613404389425
12 180 0.0395839862486
12 194 0.107771548671136
12 248 0.0649102503411838
12 263 0.0159778516586284
12 429 0.0210477931201294
12 431 0.126040021377814
12 504 0.0613405410290104
12 528 0.0880686817877414
12 591 0.0281785527347386
12 654 0.0750676501628475
12 659 0.0741183506868609
12 811 0.0732040324705025
12 815 0.0389347651127788
12 872 0.0298165514023104
12 895 0.0146808456279138
12 897 0.0359038523222001
12 912 0.161117803956545
12 989 0.00615206854059137
12 999 0.176331128862208
13 1 0.00481762392577975
13 2 0.0114792748458304
13 3 0.0414520257577533
13 4 0.0821334456382717
13 6 0.472866935732969
13 7 0.086904621339248
13 9 0.0642313457936059
13 18 0.0528121618289034
13 20 0.111021880804446
13 26 0.0864381022037337
13 86 0.0501903896338645
13 96 0.00676467806224443
13 202 0.0906166834307851
13 209 0.461475769971277
13 226 0.00246693392377006
13 432 0.118936432067341
13 538 0.0397724978422425
13 623 0.0348830419769937
13 675 0.299133059060683
13 734 0.0156292494077755
13 771 0.464395017442459
13 792 0.296556090011347
13 814 0.0429947785483102
13 882 0.0206801002326048
13 886 0.223406254800795
13 923 0.0441823805829834
14 3 0.106579857295028
14 9 0.032923187268592
14 12 0.00160969259364268
14 32 0.388699089895971
14 48 0.052134500555384
14 71 0.0384555063252514
14 106 0.402015388743824
14 180 0.0156768380727996
14 190 0.0370784696165738
14 255 0.0518517905604074
14 301 0.164026373644126
14 308 0.228262169647684
14 340 0.0144286378741469
14 384 0.0696803555350561
14 426 0.382057611480083
14 537 0.0261701674972747
14 557 0.14290227573304
14 633 0.0381429236769502
14 637 0.500544470746537
14 737 0.0521734144744198
14 790 0.116973875165059
14 828 0.116192375449482
14 842 0.192364935227578
14 976 0.0158630565786043
15 0 0.028927393398527
15 4 0.124872460152669
15 7 0.178416954923921
15 10 0.0378874346584358
15 12 0.293583602970813
15 20 0.00713565193423293
15 27 0.12021322183448
15 28 0.0243221768932734
15 73 0.289643721990922
15 130 0.0858347314477365
15 329 0.0875906304818388
15 355 0.0248188729356852
15 372 0.225395465837073
15 529 0.0192062257261951
15 540 0.0249331022280252
15 594 0.153907269997056
15 692 0.024073017649133
15 710 0.166434131299387
15 727 0.670600531920984
15 762 0.0767685859381417
15 764 0.101518890259479
15 773 0.169491099231874
15 834 0.0960183081170359
15 911 0.00258931038859433
16 2 0.214297093316174
16 8 0.103687967289855
16 9 0.0962870034042977
16 12 0.117043080777111
16 25 0.0441095299394768
16 26 0.102974691138438
16 29 0.00278437398143471
16 32 0.240440656603816
16 46 0.0056912136526597
16 70 0.0117301479299574
16 218 0.378887842682308
16 225 0.013024508158084
16 227 0.103703997295772
16 231 0.479249741426144
16 265 0.147173227816504
16 405 0.00209006647354027
16 421 0.297883872905641
16 443 0.00464802432395015
16 472 0.485966518810892
16 510 0.024254904478694
16 570 0.143243820139974
16 638 0.0116751103186011
16 651 0.0333135550944591
16 720 0.359164635117759
16 763 0.0267223393591732
16 896 0.172865348259292
16 977 0.147158099473478
17 4 0.0491408681895321
17 6 0.0210532035757739
17 9 0.0120465514543556
17 11 0.0166305885612724
17 18 0.222057723366115
17 19 0.0355756791064749
17 22 0.0348477175064546
17 25 0.0216284614091252
17 49 0.00710627024885063
17 97 0.0632064119958237
17 127 0.0492151860180796
17 164 0.0612659974844502
17 176 0.126262170736637
17 274 0.164066097084141
17 348 0.0151741340744508
17 353 0.029504086847839
17 398 0.0882174050638055
17 402 0.125818418599132
17 467 0.123400861583123
17 474 0.164178167099557
17 490 0.00282335031035901
17 495 0.113831304030195
17 563 0.453710689668434
17 593 0.23715436419621
17 611 0.0395025077873143
17 635 0.0612511278993833
17 668 0.0838867904389054
17 688 0.0265393947512983
17 708 0.11379234999385
17 709 0.26514488733695
17 730 0.0847927068276582
17 755 0.292174193368285
17 773 0.170719376184208
17 850 0.401354991443938
17 900 0.195504048785703
17 948 0.00513704956044368
17 955 0.236910697053353
17 959 0.0705719413631426
17 965 0.350522369161591
17 998 0.0242279555690785
18 7 0.0796993307455551
18 13 0.0528121618289034
18 17 0.222057723366115
18 23 0.430072641475632
18 24 0.206763162283878
18 25 0.0544213131769416
18 28 0.01558231534723
18 29 0.00594116577744417
18 59 0.238414823414708
18 108 0.341761217191895
18 113 0.203536761220881
18 123 0.0391831598499841
18 177 0.0184655427402639
18 273 0.0517968199860982
18 379 0.0667359095966957
18 417 0.61973879029496
18 590 0.0348000829533968
18 630 0.0289728124801864
18 632 0.224591649918686
18 685 0.093251640351849
18 687 0.0374552220842321
18 726 0.219835335086563
18 770 0.0708293566441897
18 774 0.0528060762212545
18 804 0.0686098511833679
18 827 0.0417364613053413
18 850 0.146665090056958
18 865 0.018171376728149
18 889 0.0584777436429238
18 995 0.061372228404642
18 997 0.0309031453359723
19 6 0.272053146517858
19 10 0.185624386356049
19 17 0.0355756791064749
19 20 0.259096363533419
19 22 0.00767508970263716
19 31 0.0583512895953826
19 33 0.0513763454997482
19 70 0.0795910399148773
19 97 0.0258384651775896
19 116 0.1552649624079
19 186 0.0560798478324121
19 270 0.157911333244363
19 295 0.0158022100427206
19 390 0.0487735710821186
19 399 0.0175115039476984
19 474 0.1868816227715
19 491 0.0152707254085539
19 554 0.0921985723946909
19 694 0.186797618933407
19 718 0.168308925475846
19 748 0.213386036572305
19 768 0.21019995435398
19 873 0.0363634223625983
19 902 0.166543357595983
19 939 0.148103336676565
19 952 0.0288431277108824
20 7 0.0692429830577037
20 13 0.111021880804446
20 15 0.00713565193423293
20 19 0.259096363533419
20 21 0.283165139328747
20 23 0.0197105811380196
20 26 0.0346270469394504
20 28 0.0180239343321852
20 31 0.00425743341049685
20 72 0.161528217181103
20 84 0.073930836833464
20 134 0.00945598931504669
20 152 0.146280422282585
20 184 0.0414957656886779
20 195 0.0421110170950579
20 206 0.0101161355126333
20 297 0.240249839200548
20 302 0.0165245809546349
20 303 0.0486804146959319
20 325 0.102129778326866
20 326 0.18841961072828
20 414 0.146814081374858
20 424 0.00920436371708042
20 485 0.0184646452453678
20 588 0.0705991405137418
20 717 0.0985730291900052
20 875 0.0934787660532765
20 944 0.0214155831886974
20 947 0.0131597707573129
20 961 0.178697652885786
20 975 0.0375659051654827
21 11 0.0296295037558253
21 20 0.283165139328747
21 22 0.0392764630585028
21 23 0.0633384099505707
21 29 0.108572834162066
21 34 0.205205226372792
21 64 0.202203087147485
21 183 0.0230269625791042
21 198 0.0374949019217066
21 250 0.124027176837687
21 252 0.125668641501406
21 261 0.137684690059577
21 283 0.0966596779855573
21 324 0.19885069407564
21 357 0.0906964889403815
21 363 0.0708224444655604
21 428 0.173283321250527
21 470 0.20159868180733
21 471 0.0576719821023753
21 527 0.0636031945193414
21 579 0.250838908463906
21 663 0.284816785377048
21 666 0.221835749593823
21 692 0.0858781492753213
21 713 0.111261592491542
21 721 0.0413798222588667
21 724 0.140712559681774
21 752 0.449917218481882
21 780 0.124373732818629
21 787 0.0644012318627943
21 797 0.125444076197943
21 863 0.045950613668953
21 909 0.106515513209578
21 922 0.626708856849196
21 932 0.154157352066982
22 10 0.0330258181272046
22 11 0.0536498441345544
22 17 0.0348477175064546
22 19 0.00767508970263716
22 21 0.0392764630585028
22 26 0.0926691011291855
22 33 0.0558365394591893
22 35 0.117691620903682
22 50 0.070741442526144
22 108 0.0468553844023988
22 204 0.0754829899309287
22 296 0.0573234692689272
22 344 0.215494673207085
22 381 0.059160722812403
22 429 0.106375313100461
22 430 0.135444405692662
22 476 0.123056519580064
22 496 0.107584078238285
22 508 0.149217453562336
22 509 0.00121332491283597
22 561 0.301942981673637
22 588 0.02188019127779
22 603 0.092603293092278
22 606 0.114945895173661
22 645 0.00382774808306824
22 692 0.445158947600109
22 754 0.0528252006033876
22 835 0.249448156403739
22 876 0.0312422947128965
22 918 0.00791403823454618
22 919 0.104791932685241
22 974 0.124365190134942
22 981 0.00646955054136947
23 9 0.131603574609398
23 18 0.430072641475632
23 20 0.0197105811380196
23 21 0.0633384099505707
23 26 0.365804390524171
23 29 0.0294086113620754
23 35 0.354339643322305
23 50 0.0879329924787519
23 114 0.0252021784225466
23 127 0.209135845999761
23 152 0.0112496659285627
23 189 0.00270687537672902
23 213 0.0790582644994543
23 264 0.00911918321988287
23 265 0.354325269400092
23 272 0.317084478138123
23 276 0.00438897942338429
23 334 0.0576874021403516
23 359 0.205658175673727
23 443 0.0126068518691938
23 446 0.00843872979083236
23 447 0.227911624279485
23 463 0.0464686888710182
23 512 0.00679350623830381
23 573 0.0425448599783447
23 865 0.0188231867978884
23 868 0.157670312888887
23 877 0.2197720393701
23 911 0.0662692024605957
23 934 0.0338473375040742
23 944 0.310348818713707
23 987 0.0293115106631002
24 10 0.0802519199082679
24 18 0.206763162283878
24 26 0.0563983288039571
24 29 0.16236042656651
24 32 0.148261095604914
24 35 0.0677552396781174
24 42 0.094873662863479
24 43 0.0211987001221689
24 102 0.021243394699227
24 208 0.0102420227731409
24 219 0.0881703403461351
24 235 0.10769864990734
24 251 0.139595653139101
24 312 0.033694813332936
24 326 0.222953729470112
24 369 0.0309662501404712
24 381 0.0897991609367468
24 412 0.0282650375143223
24 420 0.0463619740855779
24 493 0.185214496094181
24 494 0.0361054977040154
24 522 0.0327057127136204
24 543 0.0434931205560054
24 550 0.0466130436053691
24 586 0.170087599305704
24 640 0.0308406776533068
24 647 0.0553843005697096
24 739 0.215977684361473
24 740 0.0181063972993605
24 750 0.0407585600251401
24 791 0.139124285167376
24 817 0.00934430001459719
24 850 0.149627902278493
24 893 0.114534451723074
24 902 0.161603925155849
24 950 0.262226384632916
24 951 0.135724143623842
24 973 0.161429535019176
25 9 0.0681975327196641
25 12 0.0103354559156193
25 16 0.0441095299394768
25 17 0.0216284614091252
25 18 0.0544213131769416
25 26 0.00400623464550258
25 28 0.0102510984390122
25 34 0.00630478198778782
25 36 0.21075407095786
25 38 0.0309736857535768
25 43 0.124450770523642
25 45 0.104580068720589
25 65 0.063613463900793
25 119 0.283261601565219
25 123 0.244245766571901
25 204 0.0889515608582154
25 258 0.113140930532922
25 265 0.0704145868222281
25 328 0.169238868468722
25 454 0.0247391211515974
25 473 0.179795849514795
25 488 0.25201106075874
25 525 0.209399086029488
25 563 0.232007801263018
25 619 0.0806410822275732
25 802 0.154052479457573
25 809 0.00831170342015304
25 840 0.0913467100312752
25 982 0.0426518190858661
26 10 0.00268257630505134
26 13 0.0864381022037337
26 16 0.102974691138438
26 20 0.0346270469394504
26 22 0.0926691011291855
26 23 0.365804390524171
26 24 0.0563983288039571
26 25 0.00400623464550258
26 27 0.194033985130574
26 30 0.0506384873697715
26 34 0.0715228792140668
26 37 0.118383782122134
26 180 0.287340633494552
26 289 0.0134547680151279
26 335 0.18450617419171
26 347 0.185972324040661
26 418 0.0119590652571957
26 466 0.0846613049173071
26 471 0.00090419313376133
26 512 0.0310023443900729
26 643 0.105955948761081
26 790 0.146714399792973
26 820 0.000666128329676885
26 897 0.138878951351693
26 915 0.194688699150312
26 937 0.0817863084888595
26 943 0.213123827143903
27 15 0.12021322183448
27 26 0.194033985130574
27 28 0.103558022472067
27 32 0.22173675057298
27 35 0.285254544649889
27 64 0.294190380395896
27 80 0.00913080002311622
27 135 0.0146136883757213
27 157 0.0748727528803942
27 184 0.188040410261601
27 201 0.225086447633098
27 301 0.382797993088348
27 328 0.252478479468838
27 342 0.11619216335656
27 356 0.0801345949399465
27 367 0.0906563895167505
27 420 0.00450410340541054
27 431 0.000491076523382092
27 458 0.0438750505635991
27 475 0.103154916095499
27 624 0.0731955048858778
27 666 0.0263563113846258
27 703 0.0780890597405973
27 713 0.070480568629579
27 769 0.0899117850263314
27 806 0.0321920892151294
27 841 0.012382536268178
27 905 0.131951731046234
27 932 0.225099766230801
27 936 0.141523890608218
28 15 0.0243221768932734
28 18 0.01558231534723
28 20 0.0180239343321852
28 25 0.0102510984390122
28 27 0.103558022472067
28 37 0.693185864107222
28 38 0.366158819809327
28 41 0.0579986890420908
28 56 0.118795946314212
28 143 0.0307003838066975
28 145 0.141711358048389
28 288 0.0799251566417146
28 319 0.119899929643604
28 394 0.0488985557549117
28 402 0.00214259049391963
28 425 0.0264568170630033
28 524 0.311719058875329
28 578 0.0442743983166158
28 579 0.224418677276401
28 586 0.0101431551165503
28 615 0.0523816611873699
28 707 0.02143759391378
28 761 0.0504745691107268
28 934 0.115742667097873
28 973 0.00371742000263013
28 990 0.0348349265115092
29 16 0.00278437398143471
29 18 0.00594116577744417
29 21 0.108572834162066
29 23 0.0294086113620754
29 24 0.16236042656651
29 31 0.0101064688969012
29 34 0.0897157002459451
29 37 0.204716235324793
29 38 0.0244715740484083
29 164 0.234644110155563
29 189 0.0989948109135885
29 263 0.0897523489608779
29 286 0.103514074907716
29 310 0.0870656621318112
29 370 0.0249601130204556
29 384 0.0318939139760178
29 389 0.0114736019840558
29 393 0.117033412691718
29 574 0.0490022015359573
29 613 0.0354122691483616
29 641 0.0189972479281284
29 662 0.00696884791986785
29 665 0.000718156213982498
29 666 0.0223425698094487
29 672 0.267155081907211
29 709 0.156000623894593
29 716 0.170153203380517
29 768 0.248423866260461
29 788 0.137704046927058
29 824 0.28674311023503
29 836 0.216820063533638
29 975 0.141879504633492
30 26 0.0506384873697715
30 31 0.252981312222113
30 34 0.162883660399766
30 37 0.0227503342818724
30 42 0.014020678418716
30 60 0.532336810123609
30 73 0.360601839849041
30 82 0.0273003068213802
30 99 0.0547342144971974
30 134 0.0773267286942499
30 181 0.133658718245876
30 191 0.092939407813113
30 209 0.0489945802170896
30 244 0.008138339768602
30 260 0.234787522705891
30 348 0.128217304670982
30 360 0.0836717542612041
30 415 0.17843554793077
30 497 0.0337588836364143
30 532 0.0885895509223581
30 628 0.0063840727365821
30 647 0.0212042668760734
30 662 0.0128850647058099
30 697 0.243019822972448
30 723 0.00183959282882225
30 772 0.00659129198419164
30 783 0.00575746699557768
30 980 0.0408439073974449
31 19 0.0583512895953826
31 20 0.00425743341049685
31 29 0.0101064688969012
31 30 0.252981312222113
31 32 0.163639770777588
31 34 0.0213101240753914
31 35 0.321342261820564
31 142 0.0216553606429239
31 154 0.146644379611387
31 176 0.0320023663553756
31 225 0.120752968872815
31 231 0.0588586214481542
31 263 0.160605302306111
31 314 0.0477631664755945
31 345 0.0664106566192787
31 421 0.0568231365112442
31 455 0.236456435539408
31 484 0.056356291819639
31 529 0.0442133073505184
31 579 0.0748287474020415
31 670 0.104833704226756
31 676 0.0650555582354204
31 688 0.466660478451794
31 772 0.131789565837588
31 855 0.110393003282546
31 929 0.0674707636535073
32 14 0.388699089895971
32 16 0.240440656603816
32 24 0.148261095604914
32 27 0.22173675057298
32 31 0.163639770777588
32 33 0.00535418406662627
32 38 0.155476639366293
32 41 0.220009029257406
32 65 0.0478235761667956
32 128 0.0478784406336548
32 153 0.0254327587428355
32 197 0.239608298151817
32 229 0.0877711831023041
32 286 0.0519533363657345
32 336 0.262379880397341
32 358 0.11451425888773
32 446 0.00656299084404228
32 451 0.0217693013053586
32 489 0.0113186306147015
32 542 0.0294256003173009
32 620 0.0987632850385267
32 660 0.121179132066586
32 718 0.0819096933331733
32 785 0.0769688034979303
32 806 0.0732412670034303
32 844 0.0962822408658843
32 846 0.143477633421692
32 865 0.0127006907988348
32 943 0.171757421268954
33 19 0.0513763454997482
33 22 0.0558365394591893
33 32 0.00535418406662627
33 34 0.314196769462909
33 36 0.358487628971125
33 45 0.136572301793014
33 56 0.0996414266751167
33 86 0.331721488505167
33 119 0.0255277143476384
33 131 0.0587947775104096
33 164 0.266475397944463
33 169 0.133718937012616
33 210 0.0452144108994932
33 376 0.0149362171634318
33 416 0.00826724918058443
33 434 0.035818500784294
33 436 0.126053820059861
33 480 0.0773716559063078
33 498 0.146282340931161
33 512 0.0829455113261181
33 569 0.0558861638907155
33 604 0.0335144578273655
33 630 0.000208361557032286
33 749 0.117588214099697
33 829 0.198251534814198
33 838 0.00442750593496293
33 931 0.256923846370968
33 966 0.335339145514514
33 971 0.18077623876533
34 21 0.205205226372792
34 25 0.00630478198778782
34 26 0.0715228792140668
34 29 0.0897157002459451
34 30 0.162883660399766
34 31 0.0213101240753914
34 33 0.314196769462909
34 37 0.10589023519756
34 39 0.0514694933003341
34 41 0.380461493995079
34 42 0.262295005850345
34 44 0.268652853869947
34 46 0.0148422322559629
34 48 0.319323018377044
34 169 0.0567062031326547
34 172 0.192637595851502
34 237 0.027387875725299
34 310 0.116373732977055
34 330 0.209451136376807
34 419 0.125490447750404
34 532 0.207761458418415
34 554 0.112209656921181
34 602 0.0530071689367379
34 701 0.110503420057739
34 791 0.00605707494204703
34 942 0.0501068518801899
34 995 0.0695116177520352
35 22 0.117691620903682
35 23 0.354339643322305
35 24 0.0677552396781174
35 27 0.285254544649889
35 31 0.321342261820564
35 39 0.265554141296844
35 44 0.121448377537979
35 45 0.0149982300125782
35 48 0.0808696182550753
35 49 0.0237653191871654
35 142 0.10260743355846
35 177 0.341712897083222
35 263 0.199538025355762
35 339 0.027534523144
35 359 0.137278622292291
35 492 0.0601367183489406
35 496 0.0153546024166497
35 508 0.251039274923741
35 573 0.199513181918037
35 649 0.169030743386905
35 761 0.0526694539243944
35 764 0.216342538078875
35 778 0.0138041747181959
35 797 0.0901908043066224
35 807 0.00914238544381708
35 815 0.0564332788534591
35 835 0.0462280952037249
35 838 0.121620913378319
35 872 0.0022767427383829
35 934 0.105365392150624
35 958 0.348127326611674
35 966 0.0390317902566196
36 4 0.0030433944315781
36 25 0.21075407095786
36 33 0.358487628971125
36 39 0.098367738944717
36 41 0.054823301351721
36 43 0.0813862716012951
36 48 0.0595925125745322
36 83 0.0462512968578834
36 99 0.0534895120073387
36 103 0.0820794510871604
36 146 0.634123424830348
36 189 0.0309087688407275
36 208 0.149789089763884
36 240 0.262218775443316
36 249 0.228382794147264
36 281 0.0799315087549029
36 394 0.138903423488588
36 432 0.0821399218956419
36 455 0.0207280357637307
36 683 0.164912146543037
36 731 0.0926791345959975
36 807 0.0374119907478189
36 828 0.012810118490517
36 869 0.154030972167531
36 950 0.0998768354151141
36 955 0.0401782010772779
36 969 0.108113960623953
36 982 0.00140855711361284
37 26 0.118383782122134
37 28 0.693185864107222
37 29 0.204716235324793
37 30 0.0227503342818724
37 34 0.10589023519756
37 40 0.089023565989238
37 43 0.292968635381258
37 47 0.198325828366677
37 49 0.175006446053828
37 97 0.00866032356853625
37 170 0.1835147724802
37 204 0.402360469334359
37 283 0.0350947870091949
37 386 0.22648482576351
37 461 0.0861626780424128
37 535 0.0487792329165218
37 551 0.0243417732798201
37 610 0.036420265896904
37 631 0.0198300682042847
37 690 0.0566703468321169
37 691 0.00325415576690705
37 779 0.0755034880596201
37 793 0.306159625874367
37 877 0.069209168338902
37 914 0.634513515342205
37 945 0.0609051849560793
37 979 0.0267285901737112
38 25 0.0309736857535768
38 28 0.366158819809327
38 29 0.0244715740484083
38 32 0.155476639366293
38 43 0.00818048068014384
38 45 0.0358210658339298
38 49 0.302282930620373
38 51 0.161330079755718
38 53 0.176361579199054
38 136 0.0819475626897007
38 162 0.292632868036327
38 245 0.00988699509503573
38 259 0.0995179313959962
38 260 0.0383150741065165
38 317 0.0483763891195109
38 326 0.0186747354118754
38 383 0.160147704794602
38 387 0.00184422847819798
38 437 0.0874718879483355
38 446 0.0188527946765011
38 627 0.0430689935950935
38 653 0.0160628568202492
38 722 0.0261000518335243
38 750 0.0722016358956672
38 795 0.0597096592018385
38 821 0.0258741064577559
38 844 0.121550595159315
38 861 0.159567864041824
38 875 0.052510722814897
38 879 0.00197344930263317
38 890 0.0402940613614656
38 947 0.0856335721153954
38 998 0.324582256224923
39 34 0.0514694933003341
39 35 0.265554141296844
39 36 0.098367738944717
39 43 0.0266904351006763
39 47 0.408325936309315
39 49 0.0426423336415029
39 51 0.033535935313535
39 80 0.0903448106653667
39 100 0.0174015059444579
39 115 0.391163969214904
39 117 0.218919330927873
39 118 0.0712589979336463
39 158 0.0321820482217626
39 250 0.338721996998299
39 293 0.149529187838418
39 309 0.108905401678721
39 372 0.623536462226681
39 391 0.0723328731931916
39 461 0.073802551213947
39 523 0.135252607402368
39 538 0.0462351280677067
39 563 0.0575480231985091
39 607 0.0244903330465231
39 625 0.072298018151508
39 690 0.0710464323101185
39 699 0.0703672607040019
39 705 0.0400060758369113
39 710 0.0782006766951953
39 843 0.121393112702404
39 861 0.0587519452713166
39 872 0.19500640074322
40 37 0.089023565989238
40 47 0.131226220546753
40 51 0.0352903328915701
40 52 0.0354242632191419
40 134 0.107474989677097
40 138 0.185887283887517
40 149 0.0513108872856322
40 166 0.206434934922952
40 195 0.056268839620724
40 218 0.191990199982343
40 238 0.0455532229725798
40 329 0.0784773965046643
40 339 0.278447397455692
40 340 0.0197265987272905
40 381 0.184848026343785
40 405 0.0489188099475369
40 407 0.0643524488257561
40 455 0.135426231324813
40 481 0.0386017451957918
40 483 0.134564217887286
40 571 0.0159804888030231
40 575 0.127047055355342
40 601 0.0390210343961497
40 660 0.0292935361463508
40 712 0.0779918936483782
40 783 0.139116775132265
40 800 0.0192494256481702
40 807 0.308517118910121
40 878 0.144945276669792
40 938 0.00765759575569895
40 963 0.0728025153700657
41 28 0.0579986890420908
41 32 0.220009029257406
41 34 0.380461493995079
41 36 0.054823301351721
41 49 0.150394792864853
41 52 0.120057914885588
41 55 0.155421409151034
41 56 0.158055409092382
41 162 0.157341272634889
41 420 0.0448338263653293
41 440 0.0710680241494346
41 477 0.177293946868941
41 508 0.0133657345562088
41 652 0.0062586285661522
41 691 0.0228166870935212
41 702 0.160035298480797
41 740 0.197078262186876
41 815 0.101415224465915
41 817 0.0451696696264251
41 823 0.0681354490537587
41 863 0.0231778582506309
41 866 0.0494821732860315
41 911 0.108032733389885
41 974 0.010612644253057
41 985 0.0645754551713042
41 986 0.131613022127765
42 24 0.094873662863479
42 30 0.014020678418716
42 34 0.262295005850345
42 44 0.0614186286772822
42 47 0.257126008242292
42 85 0.0575501702744528
42 107 0.0793553904709752
42 182 0.0627772162749703
42 186 0.02388004982318
42 369 0.10362793897197
42 451 0.144998710714684
42 483 0.043142626725564
42 502 0.33967183207218
42 593 0.092185040614231
42 602 0.183405095910703
42 640 0.18229630219928
42 649 0.0266955209906026
42 675 0.0201050300949344
42 835 0.0698112751088037
42 895 0.0849617777806971
42 921 0.0639345009734676
43 24 0.0211987001221689
43 25 0.124450770523642
43 36 0.0813862716012951
43 37 0.292968635381258
43 38 0.00818048068014384
43 39 0.0266904351006763
43 49 0.0538317432345448
43 54 0.0617238885526355
43 113 0.240597746389355
43 298 0.206951517365788
43 428 0.197630457770715
43 452 0.00550333039068075
43 584 0.0242161233713812
43 603 0.0935319771691667
43 641 0.126032240853046
43 664 0.159265936572841
43 666 0.125258019512346
43 692 0.262956734988783
43 723 0.147205236301867
43 725 0.0458875780178712
43 742 0.126760034239932
43 777 0.00722761517487911
43 873 0.274248530257063
43 925 0.0159026657941517
43 966 0.00846482014095459
44 34 0.268652853869947
44 35 0.121448377537979
44 42 0.0614186286772822
44 45 0.0340512828571446
44 49 0.391612571534168
44 53 0.00607022526411667
44 54 0.0492185950700001
44 55 0.0288802078416093
44 64 0.0104689517742323
44 69 0.329927220477393
44 85 0.259835606789793
44 172 0.058290512661568
44 206 0.107366485685734
44 220 0.0144672163535657
44 312 0.00211755528636869
44 380 0.0778802852522378
44 412 0.1090634273299
44 524 0.0718004466032136
44 679 0.0249668166362264
44 700 0.0362831529987051
44 757 0.119882777473824
44 767 0.0601392977138575
44 780 0.241734071385916
44 794 0.242368539636058
44 828 0.123564775756836
44 871 0.1213341374067
44 975 0.00312678826195424
45 25 0.104580068720589
45 33 0.136572301793014
45 35 0.0149982300125782
45 38 0.0358210658339298
45 44 0.0340512828571446
45 52 0.0228620761307226
45 53 0.324769965871522
45 56 0.0199528216032968
45 60 0.119053036570267
45 157 0.0772650825499774
45 159 0.449360846390516
45 192 0.12962966327037
45 216 0.358474117590757
45 280 0.0395448571658983
45 320 0.276164604603727
45 358 0.078428836272652
45 492 0.370611524261833
45 595 0.0270437055190723
45 614 0.403259920114404
45 636 0.10948702306525
45 703 0.0346127478998432
45 734 0.162009259035906
45 758 0.025132531117213
45 782 0.0618089170814277
45 870 0.00411630451830371
45 954 0.141387235325103
46 16 0.0056912136526597
46 34 0.0148422322559629
46 56 0.0459694368652037
46 127 0.0349407142573095
46 140 0.235222355607762
46 255 0.0410250226916985
46 317 0.178951922732449
46 329 0.0137958401768921
46 348 0.217199325003144
46 354 0.0552163949629457
46 437 0.0847096428345638
46 479 0.0319969053408087
46 542 0.17558464669227
46 578 0.271833224028188
46 615 0.478506440005183
46 619 0.0204070818965289
46 639 0.201796578726747
46 679 0.0887468916277639
46 681 0.0193546359574427
46 701 0.1121048296834
46 818 0.204494626251006
46 832 0.102383609092721
46 867 0.468915399022136
46 955 0.414993405395736
47 37 0.198325828366677
47 39 0.408325936309315
47 40 0.131226220546753
47 42 0.257126008242292
47 48 0.233786498226077
47 51 0.272200000951178
47 52 0.0248582523989215
47 57 0.252098786017221
47 182 0.154733437021703
47 204 0.113304019304658
47 208 0.152039995308185
47 222 0.0246564588932017
47 232 0.0671495947900063
47 236 0.05632403957596
47 277 0.415446254901954
47 474 0.0073714031511924
47 494 0.0175640892219394
47 512 0.0990208626456732
47 578 0.242547568084244
47 714 0.051374268781771
47 733 0.0617604614025851
47 738 0.276046804993168
47 752 0.0335691698149618
47 760 0.004268259529887
47 841 0.0875039819927475
47 867 0.0265305819605584
47 981 0.0273936093308299
47 983 0.0969864051048532
48 14 0.052134500555384
48 34 0.319323018377044
48 35 0.0808696182550753
48 36 0.0595925125745322
48 47 0.233786498226077
48 49 0.0987809948949864
48 51 0.312074090090327
48 93 0.176925763821696
48 118 0.315640818024278
48 135 0.331839652798731
48 160 0.0778608412739788
48 199 0.0494808067770291
48 212 0.271766241460381
48 262 0.130764631226588
48 430 0.0990580352420787
48 532 0.0381312875461816
48 654 0.286470826160992
48 668 0.0365650257634169
48 714 0.00790192878142862
48 730 0.254027381258122
48 784 0.0394678427325422
48 810 0.00332957759391613
48 811 0.349384778697392
48 955 0.0937974227165327
49 17 0.00710627024885063
49 35 0.0237653191871654
49 37 0.175006446053828
49 38 0.302282930620373
49 39 0.0426423336415029
49 41 0.150394792864853
49 43 0.0538317432345448
49 44 0.391612571534168
49 48 0.0987809948949864
49 50 0.119275947513294
49 56 0.0241825191853216
49 58 0.523914630004595
49 61 0.0540156337053192
49 96 0.0506521655515788
49 109 0.165279722882968
49 118 0.00166950399530193
49 208 0.081277093821041
49 225 0.01920926737735
49 258 0.0879154289481352
49 314 0.168355598389718
49 658 0.139237061821107
49 672 0.0704816619446217
49 789 0.0452135740424384
50 22 0.070741442526144
50 23 0.0879329924787519
50 49 0.119275947513294
50 52 0.0304168576696952
50 58 0.566433238378544
50 79 0.2406876084798
50 92 0.221447794811353
50 152 0.00207083228690885
50 165 0.146771310562602
50 206 0.0236457464127899
50 246 0.0475091261559276
50 286 0.0685700987752028
50 312 0.166594191392362
50 398 0.12335265813923
50 504 0.0731918799951408
50 594 0.0625769086637088
50 618 0.00620226022185136
50 630 0.0406971800263239
50 633 0.0744644519619517
50 658 0.0898897163232082
50 747 0.0117272308923541
50 765 0.0421217037907087
50 810 0.169854830491364
50 876 0.140998353542346
50 884 0.0868679669023604
51 3 0.346492186993748
51 38 0.161330079755718
51 39 0.033535935313535
51 40 0.0352903328915701
51 47 0.272200000951178
51 48 0.312074090090327
51 57 0.164489880406243
51 59 0.00811483200924513
51 61 0.184001109581011
51 63 0.0714375349131297
51 64 0.0505570655176686
51 69 0.245212747162881
51 79 0.00143441035139789
51 81 0.214591475483485
51 108 0.52677483859352
51 116 0.493247853005952
51 193 0.26823087359706
51 223 0.0323236815120637
51 255 0.128060681131408
51 316 0.0810840871304327
51 334 0.000940182212786074
51 443 0.216409509839303
51 495 0.118146818853858
51 567 0.189420116534829
51 651 0.401300047782726
51 656 0.331503701464141
51 768 0.00144679818995568
51 812 0.180563215104146
51 860 0.0147037528379531
52 1 0.0175962504652882
52 40 0.0354242632191419
52 41 0.120057914885588
52 45 0.0228620761307226
52 47 0.0248582523989215
52 50 0.0304168576696952
52 54 0.279244849529764
52 55 0.0803511140512173
52 56 0.0693209657055823
52 58 0.00187494865421776
52 60 0.0378229094263218
52 62 0.023837323802948
52 64 0.300104788077122
52 65 0.0248113314620835
52 82 0.0820317993327332
52 122 0.013524772110474
52 140 0.0943419381229087
52 145 0.0698797458834265
52 180 0.151905887099406
52 203 0.0552313566890526
52 255 0.0125282061892671
52 280 0.447025331377318
52 307 0.141955943940441
52 370 0.0113879340633026
52 410 0.176582343055251
52 434 0.136357937716035
52 439 0.0500314283227225
52 442 0.149800501981764
52 475 0.0932650145696024
52 485 0.177834953212683
52 488 0.00292108432616605
52 628 0.0916369765256554
52 641 0.0730524063605106
52 682 0.083702601883006
52 697 0.00107678938899037
52 703 0.0520130087300018
52 755 0.0440389120984047
52 922 0.0786237228851662
52 965 0.0726308893978049
52 998 0.181608865882757
53 3 0.189933474387084
53 38 0.176361579199054
53 44 0.00607022526411667
53 45 0.324769965871522
53 55 0.414368454059084
53 67 0.0297785620324705
53 85 0.0306972038005219
53 142 0.0569454014395667
53 205 0.0351517639980365
53 229 0.185438884443409
53 250 0.366526703878487
53 291 0.055589253760963
53 303 0.12415319992023
53 393 0.135198727476569
53 398 0.103062206462623
53 474 0.0465207821161838
53 659 0.19505240056437
53 670 0.0931750394974399
53 672 0.205804833275055
53 697 0.14380011930798
53 723 0.0915282540840402
53 734 0.0299089378944359
53 850 0.0801462445588304
53 945 0.0302893365480956
54 43 0.0617238885526355
54 44 0.0492185950700001
54 52 0.279244849529764
54 60 0.0547064649001751
54 61 0.160263176297293
54 64 0.0641120721423947
54 68 0.198975705801981
54 100 0.141893162922587
54 129 0.130790437168153
54 172 0.0838316618307608
54 178 0.00739228082614276
54 263 0.0599333054591973
54 296 0.101933931801419
