0 2 0.0429030093272486
0 4 0.122604313659095
0 5 0.184390422505703
0 7 0.295217039973859
0 8 0.153798666737774
0 9 0.151491651766917
0 10 0.0695429106607962
0 11 0.0921646654933112
0 12 0.185002701158385
0 15 0.0764221521105235
0 17 0.0423679298720798
0 18 0.274681336068638
0 35 0.0153446677041283
0 50 0.154904344966187
0 65 0.102942883022927
0 92 0.14214670290992
0 128 0.0328519123350625
0 144 0.0102886633858958
0 192 0.0992755215687405
0 262 0.04856682456177
0 263 0.356566763678774
0 279 0.0161403981860387
0 289 0.0742935417452794
0 301 0.0731336938668275
0 415 0.0624539534285874
0 420 0.119538605480535
0 431 0.062412507849091
0 449 0.121503776576403
0 459 0.0694896457325115
0 466 0.112787561618324
0 478 0.0499769981441076
0 482 0.0846151206061413
0 483 0.000893860407977086
0 485 0.0391476105334273
0 488 0.0613173633977475
0 491 0.0609999417787356
0 492 0.136097851398096
0 493 0.0125826293772204
0 495 0.0291475518137119
1 4 0.153177267730383
1 7 0.121651795832628
1 9 0.113527673020346
1 10 0.823237027907208
1 12 0.0796995211052428
1 18 0.140868810417001
1 19 0.0564694878995506
1 27 0.012936902794779
1 58 0.523203621905897
1 66 0.0686039898159244
1 74 0.0323657722484292
1 79 0.0658476644132706
1 97 0.0698985131973265
1 108 0.45599866652599
1 115 0.127357315409041
1 161 0.117750590682596
1 215 0.00362301206205595
1 223 0.0437691427892791
1 269 0.0806449261857405
1 279 0.0320283126841838
1 307 0.076225146044372
1 309 0.0675119225534049
1 313 0.0474677050025716
1 329 0.0402839068139064
1 383 0.0929353707508476
1 407 0.0832594380892042
1 487 0.0666628132682987
1 488 0.00585967948544609
1 489 0.0586925640077341
1 491 0.289530004842127
1 494 0.0319586859968414
1 498 0.0825516838634173
1 499 0.164152985182519
2 0 0.0429030093272486
2 6 0.0287499627636739
2 7 0.284106302368657
2 9 0.161047658327551
2 11 0.0351190641539674
2 12 0.0388738068602657
2 13 0.259737254447319
2 14 0.0330005358514448
2 17 0.0691667176990471
2 18 0.0424733771365735
2 34 0.125596851785111
2 46 0.0776773544280441
2 78 0.00153107718275962
2 94 0.0616692021081914
2 108 0.0736751786207911
2 110 0.0118765727920782
2 119 0.325750753115571
2 148 0.0194633957430652
2 173 0.208401083369599
2 177 0.194575742209993
2 179 0.0544291734253672
2 198 0.11601179821735
2 305 0.0118460686480365
2 311 0.0329380108855368
2 315 0.0536101904482225
2 355 0.277003896479739
2 369 0.223439666695756
2 375 0.069177886136078
2 378 0.0498431878767859
2 381 0.367883214669397
2 399 0.171981838843996
2 402 0.359114728145743
2 405 0.0218574578244135
2 407 0.309925813372489
2 416 0.573245690164207
2 448 0.141192733421638
2 463 0.00593706306737172
2 485 0.0278635761748345
2 487 0.262872028370194
2 488 0.0407806272932839
2 490 0.0371826929927425
2 491 0.227099387349872
2 494 0.0354395277336464
2 495 0.0259260422255951
2 498 0.112355878486442
3 4 0.113067733921323
3 5 0.195676482383042
3 7 0.0785339741865458
3 8 0.0260501584449186
3 10 0.0985527065460316
3 16 0.0144064665650557
3 18 0.0264168964092611
3 19 0.1651091574665
3 20 0.0541949212135524
3 21 0.0367987972732054
3 40 0.00218292626988846
3 55 0.0130422275589877
3 61 0.00328958037653503
3 70 0.177394319954081
3 89 0.0869587512194004
3 91 0.00984534988153171
3 168 0.033167791769655
3 181 0.0694735543065785
3 184 0.148846310506146
3 185 0.020040420869147
3 209 0.322094929888398
3 222 0.00133596367388893
3 235 0.14987942878851
3 273 0.467640521703495
3 287 0.0823118494499098
3 307 0.0490688144774013
3 357 0.0450910877896842
3 382 0.119316926349041
3 402 0.171964307314907
3 412 0.381929593724492
3 434 0.086837154738917
3 444 0.0281832566113249
3 486 0.231146200930031
3 487 0.095171341054954
3 489 0.0319745032043336
3 491 0.0321398907309893
3 493 0.0541906654332718
3 494 0.00390590702834208
3 495 0.0825776112710538
3 499 0.0601719382208836
4 0 0.122604313659095
4 1 0.153177267730383
4 3 0.113067733921323
4 6 0.0147600335969008
4 8 0.210584113848541
4 10 0.161424358909482
4 12 0.209304622331246
4 14 0.151486268657709
4 19 0.09054944299669
4 20 0.0249457864283839
4 27 0.0421811954891821
4 120 0.07221815820536
4 131 0.0991177012528103
4 198 0.0422370782239481
4 221 0.0288343690054619
4 314 0.0173708354880223
4 381 0.235368209617578
4 401 0.00743416513905361
4 410 0.0395653180040668
4 412 0.224802057522637
4 414 0.0364041795834796
4 417 0.139298787733667
4 462 0.0154908077454218
4 486 0.0504825042019318
4 488 0.0138888625626604
4 489 0.0255711538672357
4 496 0.312836745149308
4 497 0.0209356810089461
4 498 0.11219901997384
4 499 0.0230510231045776
5 0 0.184390422505703
5 3 0.195676482383042
5 6 0.0550877808506616
5 7 0.135916591270022
5 9 0.107335499180863
5 10 0.0164880761078236
5 11 0.00419540903294596
5 13 0.0367986827962996
5 17 0.190447685861296
5 18 0.349188516070868
5 21 0.0230890152996899
5 22 0.0947098313026553
5 27 0.108505880819302
5 63 0.118499740134652
5 68 0.0787740247899474
5 100 0.396020234410227
5 139 0.153556717540199
5 165 0.053255172513457
5 189 0.498221128255737
5 244 0.148631630928165
5 245 0.0825377957182157
5 288 0.0620546898983539
5 303 0.0301271889769701
5 319 0.153287255828911
5 347 0.150638626178604
5 351 0.176912141080048
5 378 0.0270069857922903
5 432 0.0930300154237525
5 438 0.0121406942567082
5 488 0.0168306947042107
5 489 0.115397797473608
5 492 0.0158978535251534
5 494 0.0223673621387729
5 495 0.248777653780766
5 498 0.0954467523634009
6 2 0.0287499627636739
6 4 0.0147600335969008
6 5 0.0550877808506616
6 7 0.620547930349013
6 9 0.116311057012306
6 10 0.264468598245179
6 12 0.0175444026186525
6 14 0.050808331150994
6 15 0.0146779331370599
6 18 0.0737454487601759
6 19 0.383998940317748
6 20 0.189932452160443
6 23 0.104168311177637
6 24 0.15176590010816
6 63 0.0548156020728222
6 70 0.0105760675463123
6 121 0.260364618409654
6 180 0.0439404530652265
6 203 0.0154758625048734
6 231 0.151616829194366
6 286 0.117638025050912
6 346 0.03479298947473
6 349 0.0834082647822127
6 354 0.0580739606403678
6 404 0.0230359914782785
6 443 0.0279466900462804
6 458 0.0422357136879927
6 485 0.00619842641081262
6 488 0.212949656942023
6 491 0.0236683609822353
6 492 0.0484679953987662
6 499 0.311507512372032
7 0 0.295217039973859
7 1 0.121651795832628
7 2 0.284106302368657
7 3 0.0785339741865458
7 5 0.135916591270022
7 6 0.620547930349013
7 13 0.0241040033791687
7 16 0.0320205313272817
7 17 0.0348584842326987
7 18 0.00889811369871509
7 20 0.082902510873715
7 21 0.0916617759010002
7 22 0.144141880650774
7 23 0.153784940175457
7 24 0.0242892049808358
7 41 0.0902262653895332
7 75 0.0182057668091783
7 91 0.137491839681108
7 110 0.08349038790087
7 155 0.296039060039794
7 179 0.0328119001719166
7 181 0.152331037560779
7 190 0.0458474285360364
7 304 0.16833170085507
7 334 0.0183308167980102
7 344 0.0587180379594803
7 391 0.0109583385376754
7 422 0.00116574154322575
7 450 0.168595209693351
7 489 0.000699710361602598
7 491 0.126800342609857
7 492 0.589085282133999
7 494 0.252366133819016
7 496 0.115507632096705
7 498 0.0351584407739703
8 0 0.153798666737774
8 3 0.0260501584449186
8 4 0.210584113848541
8 10 0.017466038126458
8 11 0.101665255411756
8 12 0.34599803726077
8 16 0.0663975665515881
8 19 0.118810410602969
8 20 0.0137739352167306
8 22 0.027156172857355
8 23 0.207639469369613
8 25 0.05548668097987
8 26 0.225758634070923
8 28 0.0894799368730164
8 36 0.0245722163873964
8 58 0.0866709967738798
8 85 0.0761795029873379
8 105 0.279153327518457
8 119 0.1125414436426
8 152 0.127569886446716
8 177 0.0693878374758624
8 193 0.020397632738835
8 213 0.0318221838076517
8 253 0.0207809308407502
8 264 0.0617922447574063
8 307 0.302939220864875
8 316 0.0914294591737658
8 336 0.163158798029189
8 357 0.0341065874471376
8 367 0.110638009092164
8 438 0.175963508207116
8 482 0.0835377969033138
8 491 0.0306429188880045
8 492 0.115857646639234
8 493 0.0326843951164052
8 495 0.074149500834762
8 496 0.000979467870483908
8 499 0.0240413775708395
9 0 0.151491651766917
9 1 0.113527673020346
9 2 0.161047658327551
9 5 0.107335499180863
9 6 0.116311057012306
9 10 0.0740341375935393
9 11 0.0302889034022385
9 12 0.0180804560974385
9 13 0.217048328830881
9 14 0.0444833444020059
9 15 0.0595770834064241
9 16 0.16603514828128
9 17 0.042083822355983
9 18 0.135646826391742
9 20 0.354784976705163
9 22 0.0159037381823306
9 23 0.343952587327405
9 27 0.214850050187143
9 48 0.254543495437102
9 89 0.0243315992114471
9 152 0.0450114656335712
9 164 0.125082577949144
9 169 0.112223312122952
9 235 0.0915105282060094
9 241 0.222056663549711
9 247 0.346556877687566
9 268 0.042727218982571
9 299 0.35643186896478
9 326 0.0921296989611692
9 378 0.184682411079171
9 442 0.0421982706377005
9 447 0.038388681482674
9 494 0.14400115016791
9 495 0.219313286635645
9 498 0.0174574558898885
10 0 0.0695429106607962
10 1 0.823237027907208
10 3 0.0985527065460316
10 4 0.161424358909482
10 5 0.0164880761078236
10 6 0.264468598245179
10 8 0.017466038126458
10 9 0.0740341375935393
10 11 0.0374126745127459
10 12 0.300851689774482
10 13 0.0184816575891171
10 15 0.0143173436918273
10 17 0.106513135819583
10 18 0.144250372416073
10 20 0.163188922791144
10 24 0.0586247351618413
10 25 0.401907374946123
10 27 0.0062504913035451
10 62 0.342158187253986
10 96 0.0219081959748901
10 97 0.0276512163566213
10 126 0.135440282956236
10 167 0.0307875615015417
10 181 0.0143597309324434
10 236 0.0343341856506075
10 355 0.0810742435056711
10 359 0.0174855496134971
10 406 0.248649283104745
10 444 0.103523522518395
10 454 0.227457561050597
10 492 0.0542037614909589
10 493 0.0315076466114368
10 494 0.115844417745571
10 496 0.0233546287314935
10 497 0.163400859122449
10 498 0.0648995122487786
11 0 0.0921646654933112
11 2 0.0351190641539674
11 5 0.00419540903294596
11 8 0.101665255411756
11 9 0.0302889034022385
11 10 0.0374126745127459
11 14 0.0323867993037891
11 16 0.089966478701362
11 19 0.0193197549763237
11 21 0.125775317564833
11 22 0.105152453679038
11 24 0.151340586331792
11 26 0.10783830646471
11 27 0.153400701588789
11 32 0.0314285673235928
11 42 0.0862949810496097
11 78 0.0641918804170145
11 123 0.0644816193908281
11 127 0.00637677195268432
11 141 0.0406617084031862
11 145 0.0722601379000008
11 221 0.00659337328563041
11 224 0.00340440280068841
11 238 0.294440910610621
11 244 0.0283868429661422
11 247 0.0213560401594809
11 297 0.236757103802835
11 306 0.0672079314771456
11 325 0.0634663762039581
11 328 0.000187495603517494
11 342 0.113607977222729
11 357 0.0229424757477148
11 388 0.0369693392299497
11 391 0.0648616318286215
11 428 0.135973377013545
11 439 0.0584064880285431
11 453 0.00952313042016495
11 493 0.0121217747022858
11 494 0.125269070009245
11 499 0.0785953311673557
12 0 0.185002701158385
12 1 0.0796995211052428
12 2 0.0388738068602657
12 4 0.209304622331246
12 6 0.0175444026186525
12 8 0.34599803726077
12 9 0.0180804560974385
12 10 0.300851689774482
12 15 0.11310049404989
12 16 0.0558271288422522
12 19 0.503241016566371
12 21 0.0185866775336263
12 23 0.030249017148074
12 27 0.0110868819499428
12 28 0.081338451395815
12 30 0.0604821811173338
12 46 0.161337523822809
12 74 0.175964417105155
12 143 0.138296037118968
12 144 0.00037564176471215
12 166 0.0525319199036371
12 206 0.13743345259673
12 207 0.467478928887988
12 300 0.0538184647281608
12 351 0.0684120279097869
12 354 0.0117787725000397
12 359 0.190164756043968
12 363 0.304683099744354
12 364 0.212903880618735
12 366 0.391053690822077
12 393 0.0494072680297084
12 396 0.0879094647833609
12 443 0.160995434923204
12 454 0.0407442574998958
12 470 0.0373288881295013
12 496 0.20414661652974
12 497 0.014648111854796
13 2 0.259737254447319
13 5 0.0367986827962996
13 7 0.0241040033791687
13 9 0.217048328830881
13 10 0.0184816575891171
13 14 0.0984285946939869
13 16 0.112084535746624
13 17 0.182565403313448
13 21 0.0689610488864303
13 22 0.0904208125193877
13 26 0.0412600941601411
13 28 0.229911201136334
13 29 0.0290671612404471
13 30 0.126128556643428
13 61 0.533444975613463
13 72 0.101604087097229
13 75 0.0261494108170656
13 104 0.0776625619847275
13 128 0.398476527083879
13 140 0.108199125813467
13 156 0.0596632796146686
13 166 0.204026532126686
13 167 0.19026490656406
13 210 0.145931666274511
13 222 0.167050071018114
13 284 0.000572205396086286
13 293 0.0616218890317077
13 330 0.118179091189437
13 349 0.0339480134377354
13 396 0.179395273707068
13 401 0.0386813319569154
13 410 0.000441602207984375
13 456 0.10455410345297
13 495 0.0130946419294815
13 498 0.0350125579825519
13 499 0.0369778890633129
14 2 0.0330005358514448
14 4 0.151486268657709
14 6 0.050808331150994
14 9 0.0444833444020059
14 11 0.0323867993037891
14 13 0.0984285946939869
14 16 0.180762436519739
14 25 0.0501562169186029
14 26 0.120513640375095
14 28 0.325934949999131
14 29 0.0637667629190637
14 52 0.253767393963593
14 54 0.304136328951258
14 64 0.136655585592767
14 82 0.162458324655705
14 103 0.17835751688201
14 132 0.193391922543493
14 142 0.433711172104385
14 180 0.298094993412732
14 191 0.179792956920914
14 192 0.240835063577971
14 229 0.0159736807934675
14 268 0.0465702125032576
14 301 0.133528948141051
14 312 0.231021546286785
14 314 0.0348502871385479
14 367 0.122449115246386
14 478 0.0616878981688288
14 496 0.0291596669402548
14 497 0.0477945502329479
14 498 0.0574378301630487
15 0 0.0764221521105235
15 6 0.0146779331370599
15 9 0.0595770834064241
15 10 0.0143173436918273
15 12 0.11310049404989
15 16 0.296387775541744
15 19 0.0948523610913605
15 21 0.00243026582551537
15 22 0.00901156661709542
15 23 0.16091511673687
15 24 0.0796098243162852
15 26 0.244283398505101
15 29 0.0168878956539695
15 40 0.0600905065112473
15 41 0.0527016500941753
15 66 0.293123557814541
15 91 0.0768059066461275
15 174 0.158224376055504
15 211 0.166565869706106
15 216 0.0696493566811888
15 253 0.0428707822454732
15 269 0.0609906100713999
15 362 0.0562093088887161
15 384 0.0832489813771214
15 400 0.00796420405487794
15 409 0.0601237409414306
15 434 0.00744539073911046
15 453 0.0256658821286888
15 495 0.00495473341393774
15 498 0.268277771204528
16 3 0.0144064665650557
16 7 0.0320205313272817
16 8 0.0663975665515881
16 9 0.16603514828128
16 11 0.089966478701362
16 12 0.0558271288422522
16 13 0.112084535746624
16 14 0.180762436519739
16 15 0.296387775541744
16 18 0.42037704288171
16 21 0.136046258458411
16 27 0.00918688867249943
16 28 0.00131942432229172
16 29 0.105874911263947
16 30 0.0431052354191966
16 32 0.159215193421969
16 62 0.192295188737481
16 81 0.19499079408881
16 98 0.0603380680877956
16 139 0.0102092160180256
16 148 0.0991318848106493
16 151 0.070276533894955
16 160 0.176317715582582
16 224 0.0121334916952913
16 233 0.225831951913164
16 255 0.0576348708988488
16 256 0.0717884604326461
16 306 0.050336941908204
16 315 0.0137894538420205
16 341 0.0953381116148462
16 384 0.195589642904231
16 434 0.0490581454796585
16 476 0.00716950203627358
16 481 0.143392528823621
16 491 0.0367625858774277
16 498 0.0552133037776211
17 0 0.0423679298720798
17 2 0.0691667176990471
17 5 0.190447685861296
17 7 0.0348584842326987
17 9 0.042083822355983
17 10 0.106513135819583
17 13 0.182565403313448
17 19 0.164828473674907
17 20 0.00513996472402173
17 25 0.0289189011296032
17 26 0.0213641707115215
17 30 0.212902497620857
17 31 0.0509505637553845
17 32 0.0412584169589348
17 33 0.353729007324755
17 34 0.0943486090210084
17 45 0.00450488979280127
17 53 0.177241923013453
17 77 0.0457337731355341
17 212 0.466297827121563
17 273 0.091329538067853
17 331 0.105413715507593
17 349 0.114542871737095
17 350 0.429140254153925
17 352 0.0800687031360385
17 359 0.0629707681352708
17 387 0.274294776139248
17 411 0.167826380903954
17 423 0.0915106197566417
17 431 0.0129585298315046
17 433 0.0645120866975145
17 444 0.00698622805808478
17 447 0.095809037468396
18 0 0.274681336068638
18 1 0.140868810417001
18 2 0.0424733771365735
18 3 0.0264168964092611
18 5 0.349188516070868
18 6 0.0737454487601759
18 7 0.00889811369871509
18 9 0.135646826391742
18 10 0.144250372416073
18 16 0.42037704288171
18 19 0.034681430048264
18 21 0.0470942560547439
18 24 0.0851134393391931
18 25 0.098609601851698
18 30 0.201393578532342
18 32 0.181099887408327
18 33 0.0846357857549363
18 42 0.152192752772153
18 132 0.0993624961136074
18 156 0.144950449444577
18 180 0.135865161912955
18 201 0.367253184360365
18 225 0.0675893223726105
18 230 0.255907659300517
18 233 0.0234556311018493
18 240 0.0995895312710567
18 252 0.0204062542915071
18 275 0.0260113581320328
18 307 0.0324229015811096
18 323 0.49090015583567
18 349 0.00596534832107011
18 352 0.00528951240751249
18 360 0.473220680028
18 396 0.057840026280117
18 424 0.0767075695019626
18 461 0.408295251070626
18 465 0.012683537040537
18 467 0.0234952682700258
18 470 0.0875876993907491
18 475 0.0420141396068448
18 477 0.0537715720539114
18 484 0.162497711644859
18 485 0.0850187930212592
18 497 0.183388573697351
19 1 0.0564694878995506
19 3 0.1651091574665
19 4 0.09054944299669
19 6 0.383998940317748
19 8 0.118810410602969
19 11 0.0193197549763237
19 12 0.503241016566371
19 15 0.0948523610913605
19 17 0.164828473674907
19 18 0.034681430048264
19 20 0.0134789755783413
19 21 0.261536277047729
19 22 0.0925874825963102
19 23 0.0789800849328281
19 25 0.0242668034896467
19 26 0.228615041856539
19 27 0.357144830743726
19 29 0.228674046830502
19 30 0.0579723324614592
19 33 0.123871788685788
19 34 0.110946639811078
19 35 0.140350382134354
19 123 0.385759864614153
19 131 0.168895456299979
19 174 0.142681722118403
19 220 0.0448084499603288
19 292 0.00589909938684081
19 307 0.0300866114473971
19 316 0.0159183554874586
19 333 0.0268083185431473
19 342 0.0497014999957796
19 354 0.19579242616043
20 3 0.0541949212135524
20 4 0.0249457864283839
20 6 0.189932452160443
20 7 0.082902510873715
20 8 0.0137739352167306
20 9 0.354784976705163
20 10 0.163188922791144
20 17 0.00513996472402173
20 19 0.0134789755783413
20 21 0.0291578692570847
20 24 0.160112151974951
20 25 0.0249270721467237
20 26 0.081194197585195
20 27 0.123835770285771
20 28 0.0382030891480435
20 31 0.0619892994284253
20 32 0.0122646216444302
20 54 0.0551224099232589
20 62 0.0956929135923463
20 84 0.307935960024701
20 129 0.0363100462614988
20 133 0.012509735244925
20 138 0.0583750299334144
20 160 0.00331558434649532
20 184 0.0154825110887453
20 210 0.207494097638178
20 215 0.0798596985500615
20 277 0.0113471172046003
20 278 0.0802894147269732
20 285 0.0154147837062413
20 402 0.267758986840967
20 404 0.20120112650318
20 451 0.0345874127697944
20 457 0.0165079131309262
21 3 0.0367987972732054
21 5 0.0230890152996899
21 7 0.0916617759010002
21 11 0.125775317564833
21 12 0.0185866775336263
21 13 0.0689610488864303
21 15 0.00243026582551537
21 16 0.136046258458411
21 18 0.0470942560547439
21 19 0.261536277047729
21 20 0.0291578692570847
21 22 0.220198033263248
21 23 0.225833388757138
21 24 0.291345425583547
21 25 0.018844258956641
21 26 0.0554034368548494
21 28 0.0959425286865225
21 30 0.252214402088881
21 31 0.1077123901872
21 32 0.19924012520594
21 34 0.0596462494602563
21 36 0.369777685017585
21 37 0.141566771863125
21 38 0.0317092462059704
21 39 0.0251390785433753
21 69 0.238962140506575
21 120 0.00308456730119762
21 135 0.00553313530257339
21 164 0.0739425191581923
21 232 0.0240566480233905
21 233 0.0188513958278792
21 287 0.0253601730898236
21 312 0.391911208455451
21 349 0.0572420352799319
21 375 0.0702598916801931
21 412 0.0207055566107674
21 424 0.0301882684309132
21 471 0.0285428310962221
21 472 0.00771583812725329
21 480 0.385303089780811
21 481 0.127797309627993
22 5 0.0947098313026553
22 7 0.144141880650774
22 8 0.027156172857355
22 9 0.0159037381823306
22 11 0.105152453679038
22 13 0.0904208125193877
22 15 0.00901156661709542
22 19 0.0925874825963102
22 21 0.220198033263248
22 24 0.000327453031750085
22 27 0.0260862228160509
22 30 0.0666850543847213
22 32 0.143268634368841
22 35 0.197032632453174
22 39 0.00855472229045607
22 40 0.0218503699202644
22 47 0.0472259293136265
22 129 0.180677435730941
22 140 0.0180708444689876
22 148 0.00381976979871688
22 150 0.063915842550487
22 189 0.032860293408491
22 232 0.141825985583071
22 239 0.0579706188416931
22 248 0.201802344985871
22 252 0.0100331141882162
22 300 0.0691288438616944
22 302 0.0217519177047442
22 308 0.00377363724169795
22 310 0.0219190253574324
22 347 0.0631515960508558
22 387 0.0365166000097878
22 436 0.0513919817165079
22 441 0.0547544780633463
22 484 0.105618845623432
23 6 0.104168311177637
23 7 0.153784940175457
23 8 0.207639469369613
23 9 0.343952587327405
23 12 0.030249017148074
23 15 0.16091511673687
23 19 0.0789800849328281
23 21 0.225833388757138
23 24 0.0916738785841168
23 25 0.14312478978226
23 31 0.212122236934829
23 34 0.0336950250591195
23 35 0.139364445513208
23 38 0.0617806385956227
23 40 0.168601964656885
23 41 0.0333217500330838
23 87 0.108712261649087
23 113 0.0247807038390361
23 137 0.336996435937466
23 152 0.0354087111269827
23 161 0.0514729596024828
23 221 0.136037731362493
23 230 0.00745649884574995
23 253 0.296598241361716
23 266 0.0246913886241834
23 268 0.020654740075759
23 294 0.220245083658599
23 316 0.138362093070453
23 386 0.0533255524806666
23 472 0.115413561553582
23 483 0.231692496068888
24 6 0.15176590010816
24 7 0.0242892049808358
24 10 0.0586247351618413
24 11 0.151340586331792
24 15 0.0796098243162852
24 18 0.0851134393391931
24 20 0.160112151974951
24 21 0.291345425583547
24 22 0.000327453031750085
24 23 0.0916738785841168
24 25 0.223651895316842
24 26 0.378112172168246
24 31 0.042578701228311
24 33 0.023156658352494
24 35 0.171421254737059
24 37 0.0450051987914879
24 38 0.0708856707927018
24 40 0.187616226833527
24 42 0.0638816435863242
24 50 0.054210856417483
24 65 0.0177163132475611
24 87 0.343905757288497
24 174 0.175598142932238
24 182 0.290828211426961
24 192 0.0890848975423943
24 207 0.180583356666411
24 234 0.128356251709559
24 271 0.00105028845291738
24 282 0.0366619699314061
24 341 0.0518572458929742
24 349 0.127909473304288
24 358 0.0710785779826093
24 376 0.0399964194596022
24 393 0.191123545149419
24 431 0.467359409222089
24 445 0.170967116117139
24 477 0.0464074824236217
25 8 0.05548668097987
25 10 0.401907374946123
25 14 0.0501562169186029
25 17 0.0289189011296032
25 18 0.098609601851698
25 19 0.0242668034896467
25 20 0.0249270721467237
25 21 0.018844258956641
25 23 0.14312478978226
25 24 0.223651895316842
25 26 0.200743230798544
25 27 0.17842902620989
25 29 0.228610769355054
25 30 0.0190670752745208
25 31 0.0470483548912007
25 33 0.0759932671179299
25 34 0.162815072712028
25 35 0.153263258088778
25 37 0.459678895276839
25 38 0.0493279238358343
25 39 0.0909125980731084
25 40 0.0113903041799281
25 43 0.0712598989890811
25 129 0.121715250429609
25 133 0.0373480406314003
25 135 0.100063324774469
25 143 0.104163386115728
25 177 0.0732040862095482
25 191 0.00151478305094468
25 210 0.0790925783440615
25 272 0.222638135371536
25 294 0.232909401732015
25 324 0.204790242324596
25 337 0.111393983911517
25 363 0.17474647810178
25 371 0.0338021466740115
25 379 0.0860389056371013
25 412 0.142888208554149
25 431 0.0243621273249238
25 448 0.075710658859127
25 468 0.110387503447123
26 8 0.225758634070923
26 11 0.10783830646471
26 13 0.0412600941601411
26 14 0.120513640375095
26 15 0.244283398505101
26 17 0.0213641707115215
26 19 0.228615041856539
26 20 0.081194197585195
26 21 0.0554034368548494
26 24 0.378112172168246
26 25 0.200743230798544
26 27 0.149724033301392
26 28 0.280342367913626
26 29 0.0978775114996602
26 33 0.0305983593720109
26 37 0.00948877329952141
26 38 0.0363177739397397
26 39 0.0759512104606855
26 41 0.0506441334269589
26 57 0.00390187789417096
26 116 0.0143656635199724
26 119 0.0908215545963426
26 125 0.0115849684558091
26 142 0.0177569885480529
26 155 0.0230932962978533
26 175 0.0358359290601044
26 189 0.0682958199583923
26 211 0.194817369070057
26 223 0.255852190049106
26 245 0.0357513619444335
26 262 0.156389642065738
26 263 0.0179718734630154
26 273 0.0570199127337915
26 297 0.0278846178983452
26 335 0.0964246244876961
26 350 0.164447482457394
26 364 0.0195571789912706
26 375 0.143540294313623
26 379 0.01344575355022
26 391 0.128958869229107
26 487 0.00932683120662831
27 1 0.012936902794779
27 4 0.0421811954891821
27 5 0.108505880819302
27 9 0.214850050187143
27 10 0.0062504913035451
27 11 0.153400701588789
27 12 0.0110868819499428
27 16 0.00918688867249943
27 19 0.357144830743726
27 20 0.123835770285771
27 22 0.0260862228160509
27 25 0.17842902620989
27 26 0.149724033301392
27 31 0.126746678210041
27 33 0.122193942508197
27 34 0.0652592007955599
27 35 0.0287024665901781
27 37 0.080176692995262
27 38 0.156529744451215
27 41 0.0569173214749056
27 77 0.356920834538935
27 94 0.212841953287163
27 108 0.00193786006362693
27 110 0.0178749102009971
27 151 0.279169489495215
27 160 0.0850331308036591
27 191 0.131118661910926
27 229 0.081227060764962
27 246 0.00844856978417514
27 258 0.161131676432901
27 335 0.0763273301496408
27 378 0.100104129289099
27 391 0.246320086626927
27 429 0.0114403889052934
27 457 0.0474776773939329
27 459 0.080765720454848
27 479 0.0675302160720859
28 8 0.0894799368730164
28 12 0.081338451395815
28 13 0.229911201136334
28 14 0.325934949999131
28 16 0.00131942432229172
28 20 0.0382030891480435
28 21 0.0959425286865225
28 26 0.280342367913626
28 31 0.109713453524434
28 33 0.0904659055734584
28 35 0.00441718574838286
28 36 0.382670250336979
28 40 0.220346698057735
28 41 0.0657142619006441
28 42 0.1155425518781
28 44 0.141924329499135
28 109 0.330997085157093
28 139 0.204108579715377
28 142 0.129044257860414
28 174 0.0365246281145105
28 191 0.0124355443426484
28 198 0.0685327604595692
28 204 0.0878329309720757
28 280 0.0317248684593451
28 299 0.110812401869374
28 316 0.0200137720221084
28 339 0.0147985825775994
28 349 0.0487251652245825
28 354 0.0075883141313384
28 363 0.102664492274418
28 459 0.016208000933409
28 467 0.16426692235601
28 481 0.0864925518813686
29 13 0.0290671612404471
29 14 0.0637667629190637
29 15 0.0168878956539695
29 16 0.105874911263947
29 19 0.228674046830502
29 25 0.228610769355054
29 26 0.0978775114996602
29 31 0.0429818152753001
29 33 0.00796411757358243
29 34 0.0645580776447302
29 35 0.0269549214205181
29 40 0.110668734253621
29 41 0.171159585313979
29 42 0.237520586794264
29 44 0.0447141478710957
29 45 0.0184985618502775
29 74 0.212622149916737
29 79 0.0383202811918569
29 166 0.0175606431710204
29 190 0.255787162761814
29 191 0.0279933277476008
29 207 0.192500137456248
29 210 0.0375481887603737
29 224 0.0653040720107439
29 282 0.0398891326533106
29 302 0.141350674859284
29 323 0.220710928886217
29 339 0.00752077729217433
29 369 0.0393460100350321
29 379 0.12000729249372
29 381 0.120670245890443
29 400 0.217877971934345
29 402 0.655612195329764
29 436 0.187951842365845
29 455 0.126438940410917
29 480 0.051714753783073
29 481 0.0477196972490342
29 491 0.147342226076203
30 12 0.0604821811173338
30 13 0.126128556643428
30 16 0.0431052354191966
30 17 0.212902497620857
30 18 0.201393578532342
30 19 0.0579723324614592
30 21 0.252214402088881
30 22 0.0666850543847213
30 25 0.0190670752745208
30 33 0.171968007206734
30 34 0.314528049318418
30 35 0.166199526451289
30 36 0.0191784708197842
30 39 0.198482399355214
30 42 0.118697161503134
30 43 0.0863341448103093
30 44 0.188744188227442
30 45 0.0391134329076021
30 46 0.0309731602054929
30 48 0.179422108710835
30 67 0.179971922784535
30 118 0.0239561608854184
30 147 0.218081477167769
30 170 0.00220740083712887
30 171 0.00590172902664407
30 221 0.12441904904276
30 243 0.00398482638532869
30 253 0.139664127975658
30 279 0.104862930160087
30 280 0.118128652221174
30 287 0.022049054225374
30 382 0.0040835122701157
30 385 0.0973158988938827
30 401 0.0965827818445765
30 438 0.119642226082664
31 17 0.0509505637553845
31 20 0.0619892994284253
31 21 0.1077123901872
31 23 0.212122236934829
31 24 0.042578701228311
31 25 0.0470483548912007
31 27 0.126746678210041
31 28 0.109713453524434
31 29 0.0429818152753001
31 32 0.185276861266398
31 33 0.0747614453524358
31 37 0.0703056554157096
31 39 0.0769032095611673
31 40 0.185262473031974
31 42 0.000595989753278196
31 45 0.0800877179865518
31 46 0.0509741069871876
31 62 0.289898806721862
31 132 0.0373797984716293
31 139 0.0241038057418974
31 157 0.170687663419021
31 172 0.328751185385864
31 191 0.120206698844489
31 227 0.0367106108675582
31 243 0.0138880115876026
31 300 0.314492454218759
31 393 0.203292268539544
31 419 0.144860603458686
31 422 0.00992830696556291
31 439 0.0630729843354898
31 452 0.0404176458854792
31 492 0.0242135424384416
32 11 0.0314285673235928
32 16 0.159215193421969
32 17 0.0412584169589348
32 18 0.181099887408327
32 20 0.0122646216444302
32 21 0.19924012520594
32 22 0.143268634368841
32 31 0.185276861266398
32 34 0.333318049809796
32 38 0.0454427961909206
32 40 0.0290087836760269
32 43 0.350450458409999
32 44 0.0473165204019683
32 46 0.155050624377059
32 49 0.0205460422924772
32 50 0.150518240017427
32 58 0.10347221241129
32 73 0.0929688388017173
32 88 0.0717809031919778
32 98 0.18494754907642
32 101 0.0254624101621578
32 102 0.210890980930165
32 113 0.0291209934968604
32 140 0.013376703346194
32 207 0.102634682492799
32 225 0.149196392701452
32 229 0.0621176439388518
32 284 0.0630097225039821
32 343 0.0414986240973852
32 423 0.149553243255729
32 481 0.0228610545740633
32 488 0.00652226033530608
32 498 0.0587013077732699
33 17 0.353729007324755
33 18 0.0846357857549363
33 19 0.123871788685788
33 24 0.023156658352494
33 25 0.0759932671179299
33 26 0.0305983593720109
33 27 0.122193942508197
33 28 0.0904659055734584
33 29 0.00796411757358243
33 30 0.171968007206734
33 31 0.0747614453524358
33 35 0.0802011059329264
33 36 0.745450106949578
33 37 0.133650909325253
33 40 0.0718864138898628
33 43 0.131244991964305
33 49 0.154082107227339
33 50 0.130663018314598
33 51 0.0793143260378167
33 71 0.162779205127601
33 113 0.205579813106874
33 125 0.00103137557832704
33 182 0.187410433333101
33 203 0.221531799380063
33 227 0.0555493074819569
33 229 0.149758902630819
33 250 0.028155247320745
33 277 0.0429781533432564
33 421 0.0858507426465307
33 470 0.0403702924210152
33 491 0.0389659848910968
34 2 0.125596851785111
34 17 0.0943486090210084
34 19 0.110946639811078
34 21 0.0596462494602563
34 23 0.0336950250591195
34 25 0.162815072712028
34 27 0.0652592007955599
34 29 0.0645580776447302
34 30 0.314528049318418
34 32 0.333318049809796
34 35 0.0712248105681186
34 40 0.0522611674056984
34 42 0.0922792486039802
34 43 0.138591471620832
34 44 0.182720050237987
34 45 0.0151616058524273
34 46 0.307504289846852
34 47 0.00328922121473934
34 49 0.00361177045425517
34 50 0.0278309882615768
34 51 0.0706735424254886
34 56 0.0614932316034048
34 68 0.154850564129652
34 71 0.0727466373898252
34 131 0.12723140114386
34 143 0.0111720176904396
34 165 0.192276229597943
34 169 0.115268815173192
34 210 0.159613238219222
34 228 0.0182001066521832
34 265 0.0977898939470788
34 313 0.183399581800016
34 334 0.257594926081446
34 368 0.0959798565189546
34 376 0.00120336141187396
34 428 0.169517982381011
35 0 0.0153446677041283
35 19 0.140350382134354
35 22 0.197032632453174
35 23 0.139364445513208
35 24 0.171421254737059
35 25 0.153263258088778
35 27 0.0287024665901781
35 28 0.00441718574838286
35 29 0.0269549214205181
35 30 0.166199526451289
35 33 0.0802011059329264
35 34 0.0712248105681186
35 38 0.0993767348804939
35 40 0.0297584260475739
35 44 0.143199657957606
35 46 0.265437131132454
35 47 0.0691052637274573
35 48 0.0450016135995533
35 50 0.0976013513447661
35 51 0.123345929214656
35 52 0.244554341654464
35 53 0.0457469883957258
35 78 0.0913148675238096
35 79 0.0145042629117136
35 99 0.18289708369387
35 129 0.0154695045697967
35 160 0.106277781130505
35 242 0.320278005474816
35 255 0.199418533135714
35 326 0.0730453607015083
35 349 0.252104743291949
35 355 0.0243798229114493
35 379 0.04087354421777
35 433 0.0597068406325986
35 454 0.0469061307546141
35 475 0.0913226892193511
36 8 0.0245722163873964
36 21 0.369777685017585
36 28 0.382670250336979
36 30 0.0191784708197842
36 33 0.745450106949578
36 38 0.02032886443324
36 39 0.215341816125809
36 40 0.00273591048444887
36 43 0.0564915233053662
36 44 0.0570409497367887
36 49 0.336221672100389
36 52 0.189428214124783
36 54 0.081424493380289
36 56 0.0124201305924469
36 77 0.0604063888105298
36 86 0.134379919512374
36 119 0.173544549730768
36 127 0.00950737448050777
36 152 0.212213136913018
36 274 0.0108633413462343
36 360 0.788361360060033
36 398 0.0658490403777523
36 469 0.0466028170920112
36 487 0.0614866205373547
37 21 0.141566771863125
37 24 0.0450051987914879
37 25 0.459678895276839
37 26 0.00948877329952141
37 27 0.080176692995262
37 31 0.0703056554157096
37 33 0.133650909325253
37 38 0.152316452886885
37 40 0.347371283655191
37 41 0.0117477972076187
37 42 0.0435276483898462
37 43 0.0672166977155983
37 45 0.327957527795804
37 46 0.2574316876709
37 47 0.427685930842047
37 48 0.343816539176223
37 50 0.0566910042305511
37 51 0.446137520705865
37 53 0.0867121925640874
37 54 0.0978930530343894
37 55 0.195821000387775
37 64 0.0453294455080286
37 67 0.14345794819944
37 79 0.0229837312828916
37 122 0.150519981661711
37 216 0.504436564746454
37 256 0.0304683883670377
37 284 0.108222761984989
37 286 0.0574653873568813
37 299 0.161267240074146
37 303 0.59617936770506
37 314 0.119038736731456
37 328 0.00830330319516608
37 332 0.212674774611711
37 369 0.131263496006578
37 437 0.174840200062125
37 438 0.0440134624950857
37 472 0.175608315847963
37 474 0.00839061995813707
38 21 0.0317092462059704
38 23 0.0617806385956227
38 24 0.0708856707927018
38 25 0.0493279238358343
38 26 0.0363177739397397
38 27 0.156529744451215
38 32 0.0454427961909206
38 35 0.0993767348804939
38 36 0.02032886443324
38 37 0.152316452886885
38 39 0.156262935159202
38 40 0.0524155418140841
38 41 0.0182925119774149
38 42 0.496242977840663
38 44 0.581139164504947
38 46 0.0905791091951317
38 48 0.0031746724686036
38 49 0.0968993829671404
38 50 0.0684964661306743
38 52 0.0146982149057375
38 53 0.180373518564131
38 95 0.0565626706580126
38 129 0.0378350171196242
38 150 0.0744991517940145
38 157 0.0297485452195829
38 199 0.034958770568
38 217 0.0213394555934491
38 223 0.0888143974714472
38 226 0.141855210047619
38 251 0.0569815354936291
38 270 0.0166128177398146
38 297 0.0547191336694839
38 352 0.00765132985342155
38 356 0.0702819722364089
38 366 0.0806081150096849
38 451 0.280658753727902
38 462 0.163397204466937
38 484 0.00564230021421894
38 486 0.157661956098433
39 21 0.0251390785433753
39 22 0.00855472229045607
39 25 0.0909125980731084
39 26 0.0759512104606855
39 30 0.198482399355214
39 31 0.0769032095611673
39 36 0.215341816125809
39 38 0.156262935159202
39 40 0.133265412652461
39 41 0.150601288307406
39 42 0.0865163575799443
39 44 0.0777675762420979
39 45 0.224572098685794
39 46 0.00238741087396661
39 48 0.0376539395511815
39 51 0.125375600208076
39 52 0.0956955714670348
39 53 0.0121095427300952
39 55 0.127571036432945
39 56 0.317735277127459
39 124 0.0435065277041109
39 151 0.0689251315390298
39 209 0.0231195545647007
39 214 0.0622238434632842
39 247 0.002461459715926
39 248 0.0321277114454312
39 250 0.0188335084309859
39 297 0.00684845742078382
39 406 0.134450698100248
39 461 0.00187676954488353
39 470 0.0199999823604838
40 3 0.00218292626988846
40 15 0.0600905065112473
40 22 0.0218503699202644
40 23 0.168601964656885
40 24 0.187616226833527
40 25 0.0113903041799281
40 28 0.220346698057735
40 29 0.110668734253621
40 31 0.185262473031974
40 32 0.0290087836760269
40 33 0.0718864138898628
40 34 0.0522611674056984
40 35 0.0297584260475739
40 36 0.00273591048444887
40 37 0.347371283655191
40 38 0.0524155418140841
40 39 0.133265412652461
40 42 0.127411171066183
40 44 0.0018341461542091
40 45 0.11734097349886
40 46 0.158961005782673
40 47 0.0912096817749251
40 48 0.0628878397706389
40 49 0.261166013109099
40 51 0.0704593450600489
40 52 0.0288566261739406
40 53 0.0636090889250466
40 55 0.0502016392737039
40 56 0.150352369256627
40 110 0.0366902971756771
40 128 0.0255553343111255
40 236 0.104829027715169
40 279 0.0374763354933418
40 367 0.155321111706459
40 371 0.078902250945015
40 401 0.0514060022908024
40 431 0.0248951327308142
41 7 0.0902262653895332
41 15 0.0527016500941753
41 23 0.0333217500330838
41 26 0.0506441334269589
41 27 0.0569173214749056
41 28 0.0657142619006441
41 29 0.171159585313979
41 37 0.0117477972076187
41 38 0.0182925119774149
41 39 0.150601288307406
41 42 0.0417267148716915
41 43 0.0290937592618607
41 44 0.169788494126504
41 47 0.261065270288059
41 50 0.00488513935937492
41 51 0.0377621568475068
41 53 0.00358237489450954
41 54 0.0553418429833662
41 56 0.187000064889515
41 57 0.136794209896163
41 59 0.268661835219829
41 66 0.00667509142920108
41 69 0.0364057542007494
41 74 0.0918482023130707
41 104 0.213222789799399
41 118 0.248449467832634
41 121 0.0255500225824979
41 128 0.110890411655277
41 145 0.0191324336198764
41 152 0.214586987123732
41 175 0.0988000025877843
41 187 0.0415330404761645
41 292 0.0691970797474402
41 310 0.00871859576102147
41 327 0.0405561839178104
41 332 0.100375846468609
41 361 0.35002228182369
41 420 0.178468954015495
41 426 0.044209215595648
41 443 0.020504669928637
41 459 0.0439627946424477
41 482 0.171607129189398
42 11 0.0862949810496097
42 18 0.152192752772153
42 24 0.0638816435863242
42 28 0.1155425518781
42 29 0.237520586794264
42 30 0.118697161503134
42 31 0.000595989753278196
42 34 0.0922792486039802
42 37 0.0435276483898462
42 38 0.496242977840663
42 39 0.0865163575799443
42 40 0.127411171066183
42 41 0.0417267148716915
42 46 0.0554084870756353
42 47 0.045774418361852
42 48 0.0359043478339938
42 49 0.0337422896793185
42 55 0.0568094211533691
42 57 0.340229083617217
42 62 0.233747710994007
42 88 0.211471677120721
42 112 0.102812445605289
42 130 0.158025651149373
42 149 0.310771091809951
42 177 0.0733771359910866
42 202 0.000289704931973987
42 219 0.0243622277249247
42 239 0.00358737095131869
42 241 0.0209164986077561
42 272 0.00917499424985885
42 273 0.102027760934042
42 288 0.0758286649409824
42 360 0.0777772000453565
42 378 0.0651044044321335
42 494 0.360223901445109
43 25 0.0712598989890811
43 30 0.0863341448103093
43 32 0.350450458409999
43 33 0.131244991964305
43 34 0.138591471620832
43 36 0.0564915233053662
43 37 0.0672166977155983
43 41 0.0290937592618607
43 45 0.027920348542314
43 47 0.0856537313180076
43 49 0.0487992478710644
43 52 0.195879948994202
43 53 0.240492973616124
43 54 0.0104885206394329
43 55 0.0243877585428508
43 57 0.140228975434431
43 58 0.0651248416334784
43 60 0.135501236240263
43 74 0.0788799768829581
43 84 0.0832764433063528
43 106 6.99478907025197e-05
