0 1 0.0756538135676527
0 2 0.370941769048997
0 3 0.0581040531252191
0 4 0.0662017505653647
0 13 0.119337278521448
0 15 0.798011297190742
0 93 0.0512908092321762
0 106 0.124846650092339
0 139 0.0659921807862236
0 146 0.0870509534712527
0 167 0.0127674270552099
0 182 0.121913520416299
0 194 0.206687823012216
0 336 0.126901976753289
0 359 0.546070888137721
0 371 0.280577639604995
0 396 0.195029308676293
0 399 0.0951155197145634
0 435 0.0217855264072046
0 469 0.136887005856466
0 490 0.0368323523703736
0 512 0.0907537440094116
0 541 0.0281852255562755
0 543 0.125418215724279
0 683 0.00791663193406235
0 698 0.0716918336183546
0 714 0.302978227541727
0 749 0.0852108329358916
0 761 0.0624620958495479
0 807 0.0808308312953936
0 817 0.0367773868576364
0 861 0.0752295507183786
0 867 0.0102346144671983
0 881 0.0134757897253698
0 931 0.0120173903252994
0 949 0.142521392830105
1 0 0.0756538135676527
1 9 0.228732505303034
1 13 0.00670532134770358
1 56 0.0288153508500854
1 116 0.125395191028887
1 161 0.0481040221120235
1 209 0.109739227145381
1 266 0.267473330876642
1 284 0.0154821626074582
1 337 0.00823679750696221
1 339 0.00414458973180169
1 342 0.0689132842653697
1 359 0.00820315867460149
1 382 0.373717761084446
1 429 0.00765255923207288
1 431 0.0293853060982023
1 434 0.0121842112462868
1 436 0.0716488094301459
1 458 0.0318156188381965
1 461 0.0204875936452096
1 486 0.0541302118321932
1 510 0.279431865334866
1 512 0.134745949770769
1 559 0.0253518195057323
1 571 0.0499428557692481
1 576 0.0065595377334763
1 586 0.0273807847577018
1 615 0.0196472372554769
1 648 0.433618001338188
1 680 0.0400457238727848
1 699 0.167014903065216
1 701 0.248638028925502
1 711 0.0919388326891695
1 803 0.141132539488822
1 846 0.358069400498539
1 880 0.00907250999515747
1 890 0.0942863367532678
1 910 0.0765206007933533
1 932 0.107236253652327
1 950 0.00604562486162093
1 953 0.047420107187119
1 989 0.11566989790547
2 0 0.370941769048997
2 118 0.0816490546259407
2 122 0.00709646574277788
2 166 0.00718901623425151
2 235 0.0126302793478688
2 333 0.242838977443489
2 353 0.168996264497278
2 359 0.00164906410408328
2 374 0.0325169356781347
2 398 0.0599380734886913
2 496 0.0424805176459513
2 535 0.110416424692509
2 605 0.100676534212816
2 647 0.0617915062647457
2 649 0.176117355382833
2 801 0.0745401270448148
2 955 0.119845352619547
2 988 0.0385301467300209
2 996 0.0632343923664587
2 999 0.00214146438301311
3 0 0.0581040531252191
3 16 0.0882657950440304
3 71 0.287257649557833
3 102 0.103746192425251
3 154 0.0369643520758804
3 165 0.333327083717622
3 192 0.0831300710284254
3 248 0.025341964560276
3 265 0.0371318609190775
3 307 0.0119050075861689
3 311 0.153365818186774
3 336 0.0163864231803479
3 380 0.0387346959456101
3 432 0.143423036715719
3 435 0.242246129447443
3 486 0.0296357635421709
3 527 0.0606992435587533
3 555 0.148926584645153
3 592 0.0297194176635873
3 605 0.24744319638205
3 638 0.029172421914349
3 654 0.186192756158171
3 659 0.0913672445495222
3 668 0.0219681413462204
3 706 0.0107446428842157
3 723 0.0444695741914863
3 732 0.0167952183933456
3 791 0.0070132998428526
3 813 0.0192763296120751
3 819 0.036713312292165
3 825 0.0775430896176902
3 870 0.145410700704497
3 877 0.0134175398794727
3 896 0.124437889589915
3 897 0.216898922947972
3 914 0.0523242151530813
3 994 0.129066542700219
3 999 0.024814028259583
4 0 0.0662017505653647
4 11 0.0555373196607336
4 20 0.0191315264618735
4 30 0.0360470942932834
4 41 0.00453699048663322
4 55 0.029723652224201
4 80 0.0549778811634088
4 90 0.0852976995156493
4 112 0.0785350276009226
4 128 0.142559431526193
4 163 0.00632363930973476
4 200 0.0147484959843577
4 202 0.0320851910195239
4 257 0.0665038292467685
4 293 0.0957678213861615
4 314 0.0950996181309527
4 422 0.0207602404186806
4 444 0.0702164373768174
4 464 0.0110229267137475
4 503 0.130692691439767
4 524 0.327166542577934
4 557 0.0430877355917564
4 571 0.0862078102608044
4 619 0.0575687590124733
4 686 0.128018967994929
4 709 0.433387744163894
4 720 0.00771093934232189
4 728 0.258463065272278
4 743 0.0508851840440389
4 786 0.157041528958537
4 818 0.0723568794796945
4 837 0.232094893331156
4 876 0.0343709230667388
4 889 0.147019535213984
4 895 0.202121584518794
4 903 0.0571519152773419
4 994 0.0132820872412786
5 7 0.0185630869062443
5 28 0.274298738761139
5 53 0.077008085690623
5 68 0.0259492961830061
5 98 0.197981186710615
5 100 0.0221925712416576
5 170 0.200484307785563
5 178 0.068777438496151
5 179 0.099058788281942
5 213 0.0518402561515714
5 262 0.0857181607878445
5 271 0.0173321636994158
5 318 0.00523809104452568
5 389 0.123642273950283
5 392 0.0168090704858136
5 426 0.101244175769193
5 437 0.278353433410386
5 468 0.00300837902598892
5 474 0.121760238795249
5 488 0.0494684956642466
5 525 0.0279802777444514
5 555 0.0939177366704509
5 585 0.232852759898943
5 619 0.479135696879179
5 684 0.078135040801747
5 689 0.0435606711640502
5 698 0.296359792749688
5 703 0.0101632829769302
5 713 0.0404486059010684
5 739 0.127069858149613
5 742 0.0557003666204752
5 773 0.158844321119153
5 782 0.172673846368202
5 854 0.0627732329121798
5 858 0.0398067898184176
5 872 0.048369903771017
5 876 0.00125022454514079
5 903 0.10682362730197
5 978 0.0441000982437474
5 988 0.375515600034731
5 996 0.0153833193996194
5 999 0.312135734054999
6 10 0.058118919979619
6 13 0.225693901963714
6 17 0.216770992747834
6 23 0.190481112000445
6 29 0.100637025297975
6 45 0.0108162401761468
6 69 0.0400830858686469
6 93 0.124480211902218
6 105 0.142043399264559
6 187 0.0819032028683478
6 239 0.00502928660036614
6 274 0.411031762760465
6 290 0.0295764684208124
6 296 0.321951562415406
6 307 0.130055741032776
6 419 0.0248926755704546
6 507 0.201397655072163
6 525 0.110195198555642
6 608 0.141884057097187
6 615 0.0475305119172008
6 636 0.0751430158645165
6 676 0.225157383309979
6 691 0.0319333215695681
6 719 0.242666349417112
6 771 0.0806432093106659
6 778 0.472161698285895
6 782 0.00436484832403377
6 811 0.0310982552450072
6 820 0.133143633549029
6 841 0.403538461244114
6 842 0.0490181521976205
6 851 0.00790839709238002
6 924 0.249831827165379
6 936 0.144637905612805
6 988 0.0583592788168807
6 994 0.0260729557911819
7 5 0.0185630869062443
7 46 0.0513941568877234
7 81 0.123249045561998
7 82 0.0268397185270478
7 143 0.104134658516906
7 146 0.0733683677712635
7 172 0.0462284435308936
7 202 0.0255496022104637
7 206 0.0192109456813848
7 314 0.396745620459571
7 402 0.0172106228299438
7 408 0.102469019165726
7 421 0.392715898747762
7 424 0.0716099831575046
7 433 0.194592576952233
7 439 0.418236906919237
7 486 0.233113180177537
7 490 0.0645806869581337
7 521 0.146081138697714
7 551 0.0570968726137561
7 562 0.0790548401991211
7 597 0.0160930192269524
7 646 0.0307969982675159
7 804 0.287645414561068
7 810 0.102049680043159
7 855 0.032684486932162
7 860 0.0347918058423388
7 882 0.106494811256877
7 893 0.276645744735016
7 942 0.186098651714801
7 954 0.1065372013627
7 970 0.170631935499819
7 992 0.000304655919410303
7 994 0.375838553601255
8 10 0.169890807113054
8 27 0.109586147181319
8 34 0.0321139314472707
8 97 0.143760912847357
8 133 0.141801105631102
8 177 0.0559555739506031
8 208 0.16503678717581
8 234 0.0714396540224068
8 239 0.147393508205759
8 256 0.0151732233247692
8 270 0.0729539833428086
8 382 0.0125922031067235
8 534 0.023863857231699
8 555 0.0437223095631612
8 567 0.00694156332487149
8 610 0.000586941427090473
8 611 0.119438253518008
8 618 0.176821357812821
8 622 0.0651416601387873
8 698 0.0215721798881453
8 805 0.554867614946041
8 838 0.121717919980622
8 940 0.0112640380474082
8 941 0.00297991569090538
8 950 0.0279789163415267
8 953 0.00271651989148438
8 968 0.0140526324324174
8 997 0.000174963883150059
9 1 0.228732505303034
9 22 0.00674367291869319
9 34 0.07932776679336
9 52 0.0447502734448106
9 73 0.0427487649926663
9 145 0.21742309707576
9 153 0.00676866055458685
9 219 0.0856398332043364
9 393 0.0369304227729948
9 423 0.126255992191475
9 478 0.106749902270144
9 576 0.0142588319748815
9 592 0.140461453685756
9 638 0.060196949132987
9 693 0.0631833714041834
9 709 0.0300460910748785
9 772 0.00400471419421019
9 798 0.00727137622712059
9 799 0.0428055634372685
9 834 0.0553676522565107
9 892 0.263398786289786
9 900 0.0129013035850652
9 909 0.0617340779290141
9 962 0.0228418257093822
9 995 0.145492720086247
10 6 0.058118919979619
10 8 0.169890807113054
10 13 0.373402560564273
10 15 0.0176273640689747
10 17 0.1385501616312
10 24 0.210474479140324
10 61 0.123769574134097
10 167 0.0951027239800504
10 201 0.155881586544437
10 205 0.0785535524815915
10 219 0.0154056915216108
10 267 0.0505230817665841
10 289 0.110159221628354
10 364 0.0835210297813975
10 384 0.212251967429048
10 422 0.091844907335629
10 499 0.141630951909093
10 530 0.210803857361987
10 573 0.270002701273171
10 587 0.121486468849881
10 641 0.460093041706082
10 673 0.0128419551250674
10 727 0.141050860974568
10 737 0.0624136202465461
10 796 0.140178608987343
10 827 0.0237788261415695
10 831 0.000985993717903063
10 850 0.429085618712321
10 869 0.430997858573966
10 959 0.0297104788352172
11 4 0.0555373196607336
11 27 0.0470919709243578
11 33 0.102943047836041
11 138 0.259598337136551
11 209 0.17393729468259
11 222 0.0420383166887138
11 239 0.121588956228785
11 267 0.024329753238392
11 268 0.0386673939906251
11 330 0.0689668476096317
11 358 0.124848835356478
11 359 0.0911184250364115
11 376 0.170434336726699
11 402 0.115331895045122
11 430 0.221799879340271
11 459 0.136349045825948
11 469 0.00392540279552198
11 473 0.141019644336448
11 474 0.0405602487909878
11 510 0.0237181732974878
11 520 0.0113094196880641
11 544 0.00601407969200608
11 568 0.305745687498244
11 602 0.0932482914907915
11 673 0.0116955990191718
11 785 0.145654321898271
11 831 0.0300039844443313
11 844 0.0257967592464756
11 856 0.0133613219210435
11 868 0.00395036375249377
11 896 0.0622516869276421
11 909 0.129796625861884
11 938 0.0605127645865839
11 944 0.0777735259678692
11 956 0.0740143838222732
11 976 0.0431789219650542
11 985 0.178484228246088
12 15 0.0769804245172667
12 53 0.246300965274447
12 54 0.00735435291735261
12 250 0.343877236964859
12 265 0.0131975511289186
12 277 0.0797964458940276
12 290 0.0339397784673173
12 346 0.353895511740284
12 414 0.0883246889380458
12 435 0.0928303492663685
12 489 0.0257214048073228
12 491 0.245841947100319
12 552 0.191604434229304
12 557 0.0430575840794861
12 605 0.145311590927646
12 639 0.175621876721596
12 699 0.013909726134808
12 716 0.0513973477591186
12 773 0.0350911435972196
12 800 0.00613917139635582
12 899 0.0251542967872711
12 924 0.136306578770822
12 967 0.198477013742197
12 981 0.0128617900258537
13 0 0.119337278521448
13 1 0.00670532134770358
13 6 0.225693901963714
13 10 0.373402560564273
13 15 0.0621525799475839
13 20 0.172221660340017
13 24 0.253786103569537
13 25 0.0731861594350865
13 120 0.0758418161856468
13 169 0.0560472589949957
13 275 0.155135869765344
13 316 0.103502220852018
13 326 0.00110332997289804
13 356 0.184435404565417
13 370 0.00641934900488515
13 397 0.129129097068654
13 399 0.198025973700164
13 420 0.102098088739627
13 452 0.0168147940055519
13 525 0.0683029592505741
13 554 0.00871236353237267
13 569 0.120375647617123
13 578 0.00799432802405378
13 591 0.0667984626120387
13 615 0.128132189037393
13 633 0.213982997536391
13 644 0.0192798167659351
13 654 0.074294682900208
13 664 0.158972542463909
13 694 0.0110044815246922
13 703 0.0611434080200544
13 707 0.077456250762962
13 764 0.00511955841476896
13 768 0.134362011802886
13 787 0.0896618515817165
13 810 0.00410749582894678
13 878 0.00743849766257465
13 911 0.0398625957132448
13 915 0.0320403041672291
13 980 0.0354904601499217
14 18 0.026015886042565
14 31 0.00500913777047805
14 32 0.216078783078292
14 54 0.242191128564683
14 75 0.1888717359558
14 87 0.12807125291141
14 134 0.0124566965676197
14 174 0.152905931141174
14 186 0.0253307893503395
14 242 0.140422291059462
14 258 0.0274087313307997
14 306 0.0353225134808551
14 398 0.0789386065225638
14 426 0.180947342742579
14 433 0.0466259536585627
14 465 0.0898845715970788
14 473 0.0192323598059035
14 487 0.264000209663533
14 491 0.0401091407531304
14 547 0.287785992472788
14 554 0.0280683740423199
14 557 0.110988830652607
14 575 0.0258652394621548
14 613 0.00210247601835499
14 704 0.0628253909044471
14 775 0.199316447860311
14 806 0.0341283651140024
14 840 0.183809498374263
14 863 0.308455252178854
14 885 0.175805253206958
14 932 0.00113719746618601
14 953 0.100382588116251
15 0 0.798011297190742
15 10 0.0176273640689747
15 12 0.0769804245172667
15 13 0.0621525799475839
15 23 0.0198371089909747
15 29 0.0487756164704184
15 30 0.118404219625104
15 112 0.0882621732643009
15 137 0.042109484918006
15 201 0.571977544559219
15 238 0.00170402643524945
15 309 0.213702534418246
15 319 0.234393660971065
15 331 0.0129181602378717
15 339 0.150734655415176
15 468 0.134863738352568
15 509 0.113501466422966
15 520 0.026261120223753
15 532 0.00161949152783476
15 554 0.087711732094979
15 663 0.260600027788318
15 713 0.0182131897261105
15 736 0.109261743215971
15 742 0.0837311227777545
15 745 0.102830907212337
15 772 0.119017418347462
15 845 0.020764090182332
15 877 0.050059893071675
15 905 0.000665226714936059
15 910 0.00483604569473024
15 949 0.0461544377015112
15 966 0.0440474944376182
16 3 0.0882657950440304
16 17 0.0163204597758105
16 20 0.0459792606118366
16 27 0.24153657414127
16 41 0.0674676408000425
16 43 0.0102757470250146
16 95 0.23368471236541
16 98 0.0229624570726449
16 212 0.146009176013482
16 227 0.00523212718903002
16 269 0.0341323408401062
16 289 0.063196457634063
16 310 0.0605933451724746
16 364 0.577077517091285
16 384 0.0458927867237923
16 411 0.122081851050814
16 437 0.639229144896671
16 441 0.0110984469274586
16 596 0.0587960871294152
16 645 0.0394122494823408
16 686 0.174016670093134
16 714 0.00533448086226465
16 776 0.0720472523084637
16 780 0.000720638083417971
16 817 0.0448651656854331
16 820 0.101822636155853
16 850 0.250761979061815
16 950 0.0255261185894819
16 963 0.125892623591394
17 6 0.216770992747834
17 10 0.1385501616312
17 16 0.0163204597758105
17 19 0.00997258208239304
17 63 0.122709332286321
17 106 0.0232004142324099
17 117 0.208692121103388
17 154 0.08198051084074
17 190 0.0535087974107076
17 193 0.0634365643148701
17 206 0.0348641928858153
17 292 0.0592751984664227
17 397 0.0862218888775769
17 405 0.134779086253459
17 413 0.164580427575959
17 416 0.0439286509880605
17 457 0.196060708700701
17 516 0.127050792328704
17 519 0.0912016227249834
17 595 0.032667492916796
17 608 0.234946927527014
17 629 0.0274808878068552
17 767 0.330781971452812
17 791 0.0721145482347145
17 850 0.15044495424903
17 851 0.0782227010535784
17 852 0.138918959566016
17 959 0.0528715469895225
18 14 0.026015886042565
18 21 0.227657064702103
18 22 0.0514679311085485
18 35 0.137573308654528
18 85 0.10621999538034
18 181 0.00785850753226246
18 250 0.0485235521859849
18 254 0.0481762179069185
18 264 0.0703438539197489
18 265 0.0440351515441037
18 354 0.0173730975714612
18 452 0.138359210194292
18 458 0.091387968805629
18 489 0.0207366922980546
18 523 0.188824837350243
18 530 0.137031334630774
18 598 0.0427818745515749
18 643 0.184845078430316
18 652 0.0417437893960226
18 663 0.190810663199481
18 723 0.0514577678639113
18 725 0.0622123399429727
18 733 0.1117783955267
18 744 0.00631207567058589
18 789 0.241666576729464
18 831 9.81699673003748e-06
18 878 0.0884540749207249
18 927 0.217799982988321
18 953 0.0711979460411504
18 983 0.12832315039093
19 17 0.00997258208239304
19 34 0.0188175408958057
19 43 0.0029122750649069
19 61 0.0984447039240262
19 62 0.118190482515064
19 77 0.0621024156306078
19 82 0.0314208274021096
19 94 0.345834658637436
19 99 0.0644930084017308
19 149 0.0463720481446191
19 157 0.0627482951108935
19 237 0.0304289377914234
19 245 0.218842591398519
19 343 0.113275615029425
19 352 0.0669404670735116
19 357 0.0651764770189992
19 371 0.0334267708147984
19 377 0.102611521712165
19 379 0.00174401453911734
19 424 0.151590924230392
19 473 0.0553117729281537
19 520 0.115700561303268
19 528 0.019573323476944
19 530 0.00904378960138407
19 556 0.0119307035846952
19 587 0.011873228851468
19 589 0.0186967038488934
19 630 0.0910949590760101
19 679 0.043746594867608
19 742 0.153640553283327
19 746 0.176384264029732
19 770 0.231646412064952
19 865 0.0557092527700093
19 915 0.211201981566506
19 929 0.11319266927917
19 953 0.102789107915397
19 974 0.0685606272053274
19 989 0.0764107348911115
20 4 0.0191315264618735
20 13 0.172221660340017
20 16 0.0459792606118366
20 21 0.0495401442560154
20 28 0.0169274941795525
20 106 0.0391751485903341
20 128 0.0692724002109684
20 130 0.0921523398572719
20 163 0.136747638367042
20 174 0.106580116846689
20 196 0.154173253220071
20 214 0.0812608733250181
20 329 0.162212680954794
20 355 0.000431394346087504
20 361 0.0365261698930353
20 362 0.309528253286045
20 372 0.00531793945643017
20 393 0.0543628532404531
20 440 0.0348021327150634
20 459 0.149494651882538
20 460 0.0197712060305207
20 472 0.134896791120094
20 487 0.261432888349913
20 493 0.0218445515045786
20 502 0.0563144462732218
20 544 0.0656439681616689
20 561 0.245187691240495
20 619 0.0813715913700661
20 636 0.0585476435246595
20 678 0.319296218009692
20 710 0.0196013502340867
20 731 0.135297161969304
20 733 0.128386350846682
20 739 0.0830606840659589
20 759 0.117777557652923
20 795 0.169773270223876
20 807 0.00316803942534337
20 856 0.147256385472484
21 18 0.227657064702103
21 20 0.0495401442560154
21 44 0.0357616046581585
21 72 0.144249766804579
21 75 0.0526426784211618
21 92 0.127245258831359
21 100 0.577122417832953
21 128 0.264326004498153
21 141 0.25545021162063
21 205 0.103783055965463
21 241 0.0119366928416177
21 265 0.135727269757253
21 285 0.0240051988910492
21 287 0.132418357679497
21 311 0.106026269594787
21 327 0.10144174640606
21 372 0.0891389054879447
21 386 0.163941517665483
21 388 0.1803445896738
21 420 0.0300533987161902
21 440 0.204671312754731
21 459 0.110170192381011
21 564 0.0247596826279196
21 568 0.142690436279672
21 609 0.0231561560511164
21 658 0.0577719274964327
21 663 0.00670196748976935
21 687 0.1887899470496
21 741 0.0256637066380036
21 748 0.184454493509469
21 815 0.17065732906679
21 860 0.00315646255768106
21 863 0.0276268012439486
21 911 0.0619962888341668
21 936 0.206701329184866
21 949 0.288732476000214
21 956 0.154948039077694
21 965 0.0938728595622665
21 979 0.199562459530751
21 996 0.0283552808856514
22 9 0.00674367291869319
22 18 0.0514679311085485
22 36 0.36474258099704
22 61 0.105687702832462
22 74 0.0436106246226923
22 96 0.457616596003379
22 197 0.08331357120461
22 202 0.0205774348820819
22 208 0.0847373662611406
22 255 0.15598882490613
22 278 0.0289391702166882
22 291 0.0144185650155429
22 382 0.254765454939292
22 426 0.475223552188565
22 442 0.0523806148272491
22 484 0.0316660927211466
22 506 0.0570089421360295
22 535 0.0533443053559185
22 538 0.0405808007624131
22 544 0.0343845386371611
22 608 0.249334689952341
22 609 0.0823158566466722
22 622 0.10213576239917
22 637 0.0199487092231047
22 732 0.289628780471768
22 734 0.0767834673388781
22 760 0.1047954120736
22 767 0.307000712473406
22 865 0.13656335939558
22 879 0.052525307629932
22 919 0.0918528986791134
22 999 0.0405770993183272
23 6 0.190481112000445
23 15 0.0198371089909747
23 28 0.438595653870827
23 35 0.0196923336523884
23 36 0.0658063386909492
23 53 0.0269193727045304
23 69 0.183780957334149
23 97 0.283352276311366
23 106 0.119711465512696
23 128 0.258048349449992
23 193 0.0320177947405844
23 222 0.159169553565316
23 314 0.0495615498793821
23 405 0.124648933413927
23 406 0.0795623554183044
23 433 0.0896107239418616
23 462 0.0733135012238263
23 469 0.0454878406200892
23 504 0.214203614212131
23 564 0.160282457494517
23 632 0.22329958752633
23 654 0.143518114392595
23 662 0.107454348262586
23 666 0.0226669600520412
23 698 0.0165327596749205
23 776 0.2004572439273
23 796 0.254243018975484
23 805 0.0736496573425784
23 892 0.10614112885447
23 905 0.0888591327042556
23 953 0.00784716401701469
23 982 0.192347201857532
24 10 0.210474479140324
24 13 0.253786103569537
24 39 0.120288263050894
24 40 0.0706646186521504
24 46 0.0863045088451155
24 157 0.093241096301767
24 178 0.0600093162461982
24 240 0.0135359120163149
24 257 0.0342021813142472
24 274 0.169225434519045
24 311 0.206140167509235
24 413 0.17453916209098
24 420 0.063179626348698
24 433 0.0565662322287068
24 584 0.0353840032070321
24 586 0.0175561003024614
24 595 0.0614266028212571
24 607 0.270972645074092
24 611 0.0410086801076096
24 614 0.0304679478902265
24 696 0.0941167507211027
24 729 0.151010251403642
24 742 0.0329571630251056
24 791 0.0456943290131429
24 823 0.0243095891589163
24 844 0.0960324973485617
24 847 0.621406086194672
24 854 0.0325037790753513
24 929 0.075593852816003
25 13 0.0731861594350865
25 30 0.206337652149062
25 35 0.00419756599856549
25 78 0.0948092249382157
25 186 0.248596429082056
25 246 0.157838249740372
25 351 0.212236718965319
25 370 0.17319096830687
25 390 0.20927809953201
25 584 0.00821918675163782
25 666 0.150345558352633
25 694 0.238735197438553
25 707 0.282803426838264
25 717 0.112668449910159
25 725 0.0188837225877906
25 820 0.0123119544980771
25 853 0.079239170585079
25 881 0.018898853513841
25 905 0.0543166975817067
25 908 0.102082620110996
25 949 0.0278466621002376
26 31 0.244210575517447
26 32 0.235225033683892
26 36 0.0109734473066945
26 37 0.0668789884331168
26 254 0.0167810955179815
26 272 0.0936058108838369
26 303 0.0986014717937742
26 392 0.0477837810464239
26 422 0.0393668053480651
26 427 0.266076120503651
26 445 0.125797824040494
26 516 0.0530660128075997
26 533 0.0192203890513837
26 557 0.073621518794256
26 600 0.113945451631547
26 626 0.0296642171756431
26 685 0.0263768067698066
26 744 0.108496978452907
26 746 0.00954113446259081
26 832 0.0449999806880332
26 936 0.0930215217348715
26 940 0.11785788134853
26 943 0.00826361957041966
26 998 0.0533761702059983
27 8 0.109586147181319
27 11 0.0470919709243578
27 16 0.24153657414127
27 30 0.117790320149705
27 32 0.130651676600732
27 40 0.188417282232692
27 43 0.125996730001675
27 61 0.0616444245538338
27 98 0.248300297452303
27 112 0.263013253907709
27 120 0.0102925519858058
27 158 0.0414066814620033
27 294 0.140395344194173
27 337 0.0489935859382608
27 392 0.052732873719675
27 412 0.0334711098421511
27 420 0.0279990781286778
27 441 0.129514290109566
27 460 0.0501963929288989
27 462 0.0885077567132911
27 484 0.00709198553548709
27 486 0.173767514059441
27 508 0.0607908788229204
27 584 0.128038716919192
27 645 0.167360725239203
27 648 0.0785501515026308
27 649 0.175916286408663
27 650 0.251015492825331
27 653 0.0865731613563239
27 660 0.112460007425517
27 693 0.10865102020466
27 709 0.0967341353208324
27 713 0.0917109588854968
27 742 0.0296926418444326
27 787 0.0943914370469916
27 835 0.116968111357075
27 853 0.159681548273783
27 864 0.219731080616256
27 881 0.478354501671483
27 930 0.0109357440569886
27 937 0.0865909500675867
28 5 0.274298738761139
28 20 0.0169274941795525
28 23 0.438595653870827
28 36 0.096250596334596
28 37 0.0856030134691371
28 44 0.00140226201944481
28 59 0.0369942517977924
28 62 0.0362368251777767
28 75 0.00994779079173042
28 83 0.0421608977515365
28 92 0.115564349743522
28 115 0.031995996899802
28 134 0.120054776153633
28 263 0.0558065409079571
28 269 0.124471289145674
28 297 0.175793002878456
28 317 0.288599674314442
28 347 0.18945416375406
28 399 0.0446302642863527
28 419 0.0474142259449327
28 492 0.190746940548594
28 495 0.0686704234106455
28 571 0.0278252080497912
28 584 0.0723082031403888
28 597 0.107898357896922
28 620 0.167703691849552
28 626 0.0728215264005878
28 653 0.0276799447358886
28 654 0.0723016841540748
28 693 0.0732391062092656
28 719 0.407584191053951
28 725 0.00194228119707695
28 747 0.1280084488485
28 749 0.097172607245021
28 765 0.0267061101354586
28 825 0.0311149444406366
28 928 0.0191574531639442
28 959 0.281876113260766
29 6 0.100637025297975
29 15 0.0487756164704184
29 113 0.00784077873560274
29 133 0.0568182192774829
29 139 0.226927232502234
29 157 0.0397448548975338
29 182 0.179341577352738
29 194 0.204780701561732
29 202 0.224698694215007
29 210 0.168109472840852
29 237 0.0601492837507198
29 239 0.134311347089006
29 246 0.367419178326231
29 352 0.00555853064658949
29 381 0.116211889852572
29 403 0.105873156818345
29 421 0.0835815688148241
29 429 0.0796194151011022
29 671 0.227152166655714
29 687 0.0359320770069962
29 710 0.425905130228248
29 775 0.0340038622359734
29 795 0.0167347650910006
29 801 0.0485716189760739
29 824 0.0979222020092009
29 847 0.00663430042294144
29 865 0.269666141314589
29 883 0.00646526813756468
29 899 0.0349571745943032
29 929 0.113725740727551
29 987 0.0132981489190001
30 4 0.0360470942932834
30 15 0.118404219625104
30 25 0.206337652149062
30 27 0.117790320149705
30 35 0.306090053112027
30 58 0.0939105857113463
30 75 0.183438094153966
30 78 0.270529939217579
30 101 0.0278017624878646
30 112 0.189146620427915
30 123 0.0889260462198052
30 136 0.111397385867913
30 144 0.194522461345623
30 172 0.0200043898982743
30 199 0.175032022086916
30 227 0.156287975079787
30 270 0.020445154717433
30 340 0.0252987175759574
30 365 0.190814554919162
30 409 0.0185684845471473
30 451 0.0703142498683366
30 467 0.334947228166464
30 483 0.0134688719214197
30 488 0.0149341026143009
30 556 0.0350371772975686
30 577 0.102890994638569
30 598 0.0133405836981198
30 627 0.0471604533820461
30 639 0.0097284450655436
30 696 0.0636286104418996
30 705 0.026345840964579
30 716 0.00612150868111212
30 778 0.0591120314451256
30 897 0.0567999338196134
30 942 0.0672022565056641
31 14 0.00500913777047805
31 26 0.244210575517447
31 47 0.0992291703467705
31 80 0.176351010669422
31 93 0.181317710814954
31 101 0.0148335762227236
31 110 0.0252742380849725
31 179 0.0172077195988598
31 182 0.0490425394831533
31 191 0.178463010488491
31 222 0.0755940511069203
31 301 0.0985187929147845
31 334 0.0926953939604175
31 389 0.0800492758426244
31 408 0.0483149103748748
31 420 0.107084414942333
31 505 0.012467501940247
31 516 0.0610917044274663
31 551 0.0560465633093268
31 552 0.219627145861108
31 640 0.0570869855768237
31 658 0.0569970675854181
31 669 0.0119541410502216
31 680 0.193429561559172
31 719 0.00190841409793977
31 773 0.0904627561616782
31 787 0.0803190144755153
31 803 0.0187438553537468
31 814 0.00133688374841103
31 833 0.016873713134743
31 845 0.164779024055504
31 847 0.0517688117470111
31 860 0.0250438696009544
31 862 0.294443460542937
31 874 0.104121186251874
31 909 0.0346178840686907
31 932 0.119825930510223
31 939 0.0232027520677246
31 952 0.000147332595233954
32 14 0.216078783078292
32 26 0.235225033683892
32 27 0.130651676600732
32 56 0.0933182688350421
32 72 0.0602813254925883
32 94 0.12469080853156
32 134 0.0679440008249883
32 184 0.183534384304416
32 219 0.0267099164555873
32 221 0.0754096915351791
32 290 0.122905707752006
32 297 0.0439693912976155
32 337 0.166964133415592
32 449 0.105835497713072
32 469 0.313505292167195
32 501 0.15235086952627
32 543 0.0207887516045188
32 561 0.027265967813919
32 576 0.0519592642343425
32 590 0.0916427338969578
32 598 0.250658292172363
32 599 0.0394460124558476
32 629 0.18491711041675
32 731 0.0107938908480846
32 747 0.279482392914371
32 784 0.0142041544521709
32 856 0.0206967948304892
32 883 0.077907600081347
32 980 0.0440854689237289
33 11 0.102943047836041
33 34 0.100249010555462
33 45 0.0764683724347244
33 55 0.0538610651096679
33 82 0.219083886212825
33 152 0.130165025590146
33 231 0.0624524867857077
33 262 0.215801154142678
33 310 0.149349108091307
33 318 0.0398606750268684
33 324 0.0511629166376385
33 326 0.299881975322114
33 376 0.00308294708376749
33 380 0.018977578337497
33 433 0.0785694580043019
33 493 0.133423386064041
33 565 0.010442488212559
33 599 0.321742195808002
33 603 0.00159219374187809
33 694 0.0267505107093061
33 729 0.0542075649183512
33 958 0.0489455300699629
33 991 0.0115573275757193
34 8 0.0321139314472707
34 9 0.07932776679336
34 19 0.0188175408958057
34 33 0.100249010555462
34 45 0.03049519268981
34 63 0.0112172425264843
34 74 0.0994049268634983
34 137 0.0285159747815269
34 161 0.237775219814229
34 224 0.00329820424147344
34 226 0.148968266408872
34 248 0.000952927909759816
34 263 0.046031018774251
34 314 0.261602213215009
34 328 0.15474981398593
34 360 0.0712651227961694
34 361 0.240770015614765
34 383 0.0485502333782709
34 560 0.0626985169910987
34 593 0.00290890430322005
34 623 0.19801553043939
34 720 0.0663119280058506
34 742 0.0129180962919781
34 743 0.154510803458066
34 774 0.100521426713574
34 808 0.131275857586148
34 868 0.0593491110332169
34 876 0.0116054329986809
34 895 0.0377655692373288
34 905 0.0260295769215825
34 925 0.0220509653054022
34 926 0.0216282919936276
34 963 0.0108251183153364
34 967 0.00311627741226121
34 970 0.0950271764452045
35 18 0.137573308654528
35 23 0.0196923336523884
35 25 0.00419756599856549
35 30 0.306090053112027
35 137 0.0338423809794834
35 168 0.163076016232097
35 246 0.0360945119238774
35 280 0.0451817086051992
35 292 0.0181095324732356
35 328 0.0450589895834272
35 357 0.0528922727169488
35 373 0.00949473677919143
35 381 0.0015268976683271
35 419 0.186912108700043
35 574 0.0202607025663375
35 617 0.171103100756526
35 624 0.0284241288778452
35 626 0.115581977321183
35 681 0.210623618484577
35 703 0.249689970397747
35 729 0.206742701718972
35 856 0.0464928901430652
35 887 0.251334170660127
36 22 0.36474258099704
36 23 0.0658063386909492
36 26 0.0109734473066945
36 28 0.096250596334596
36 98 0.0205494602718859
36 115 0.0210150867686739
36 148 0.189131960750156
36 203 0.0168260336797304
36 273 0.000245176196975245
36 320 0.0687357457103856
36 335 0.0204694433643284
36 352 0.0216933905549009
36 382 0.0128060237418244
36 412 0.219198686333331
36 496 0.0842680125655226
36 550 0.0617879882792583
36 574 0.0988360697844673
36 589 0.222166391024473
36 706 0.0469248536984884
36 724 0.217794965041268
36 800 0.136780836086373
36 817 0.245707344621298
36 820 0.0426547283595718
36 842 0.0242236269720622
36 853 0.044371792960072
36 863 0.000781182627611395
36 890 0.309450595962442
36 930 0.045818793146374
36 940 0.115232108539277
37 26 0.0668789884331168
37 28 0.0856030134691371
37 40 0.110992440128039
37 50 0.0105130215988678
37 91 0.0531032237894262
37 92 0.139240342976803
37 139 0.150531297730168
37 147 0.0721996005450571
37 204 0.0973884474887294
37 266 0.0196224052624782
37 271 0.0390567300896836
37 369 0.183822052077265
37 406 0.0261614454534786
37 431 0.0192588535783533
37 471 0.0419231734055682
37 539 0.366441158933667
37 560 0.0449197385887018
37 566 0.0346590163295159
37 598 0.0581355290646487
37 642 0.192895918051127
37 674 0.14498273876302
37 715 0.064784239860852
37 747 0.246295440702564
37 758 0.0877878262726767
37 817 0.141797783256635
37 868 0.0805106497490771
37 892 0.0823658005829198
37 904 0.146952348458234
37 978 0.0657764471237233
38 42 0.0667437846754849
38 49 0.0651265849468865
38 117 0.0872240834873912
38 138 0.00481351688409238
38 192 0.108990530958107
38 209 0.205044163797765
38 288 0.0330286309087763
38 305 0.115575572280723
38 406 0.000157184774760681
38 461 0.144954649045362
38 476 0.119978115603957
38 495 0.183859813199659
38 503 0.0180404353587824
38 577 0.0771865891379856
38 609 0.740378793478578
38 644 0.153221654945006
38 648 0.0446638913779269
38 669 0.155584989937424
38 713 0.105599855279488
38 751 0.287461391342125
38 785 0.10360649188425
38 789 0.0253473677113351
38 790 0.115982772490019
38 798 0.120659579172371
38 812 0.0848513646645971
38 813 0.343563789880059
38 816 0.0274893823515037
38 848 0.0477446067723869
38 855 0.0229662462853408
38 857 0.0801974391334898
38 889 0.222429641922497
38 923 0.0293464230803837
38 924 0.107538357135653
38 933 0.0387212196063389
38 939 0.194902641865957
38 986 0.133446081316661
38 994 0.0936007434022639
39 24 0.120288263050894
39 47 0.0568775906166544
39 189 0.105004903661215
39 206 0.0599892133507422
39 207 0.0197971070908362
39 218 0.0500123853482855
39 221 0.186656345826674
39 232 0.140771802541408
39 252 0.277815174856823
39 255 0.0100523358355729
39 273 0.0503013930606799
39 350 0.0651256712017047
39 358 0.00642976968315356
39 397 0.0100968539672482
39 453 0.0172281420035437
39 461 0.00554711332193087
39 597 0.197815484174325
39 637 0.136853517527861
39 652 0.0240306911302464
39 658 0.0581417072276497
39 731 0.0296398260208957
39 737 0.0731344777528828
39 755 0.0522011125414602
39 768 0.0665754369358935
39 811 0.124278312918793
39 822 0.112524142667768
39 828 0.287715212181234
39 834 0.149743373032536
39 863 0.0426999639205841
39 881 0.134620088523603
39 907 0.0439480472370062
39 956 0.0954372143621825
40 24 0.0706646186521504
40 27 0.188417282232692
40 37 0.110992440128039
40 45 0.022141297523356
40 48 0.0229271169454433
40 61 0.012979186397813
40 156 0.0135134467127729
40 161 0.107279125397438
40 185 0.106249987310424
40 238 0.0316227565250816
40 255 0.288510849691175
40 357 0.119793201379879
40 370 0.00410217523980179
40 372 0.411187218243572
40 373 0.0277121115680408
40 375 0.134532366429354
40 480 0.0719449767631132
40 516 0.0703846466299481
40 534 0.0482417867829217
40 538 0.0223225260165427
40 543 0.00984221145725048
40 544 0.104159746860357
40 559 0.0321418657810973
40 564 0.235619912943805
40 597 0.119094982024377
40 625 0.0281503031083554
40 630 0.0204926125972097
40 669 0.271598923838897
40 698 0.0485015041589794
40 731 0.124733609095479
40 738 0.0652593609151081
40 753 0.0760252636317357
40 760 0.0230079916687678
40 772 0.0354367315266472
40 798 0.00811651961489337
40 836 0.0563919342172473
40 899 0.0120146323645736
40 913 0.0873255084391262
40 940 0.0109087877299041
40 958 0.0479940732476692
41 4 0.00453699048663322
41 16 0.0674676408000425
41 68 0.0918640202543587
41 69 0.0373228178421672
41 172 0.00333849092332428
41 178 0.0201788623674191
41 179 0.285028405674398
41 197 0.403631390877661
41 216 0.0238265194843016
41 273 0.091246720329968
41 290 0.0457139816473804
41 328 0.154925000448462
41 372 0.165802460114421
41 379 0.0712051612683189
41 452 0.0483108056221841
41 526 0.0760217446185638
41 542 0.0438853369347569
41 557 0.0772701580960837
41 563 0.0425039468097271
41 656 0.457532728240323
41 701 0.00616908069509258
41 734 0.011284947546848
41 773 0.145881469010345
41 777 0.0144065589166132
41 787 0.0430290085150585
41 819 0.0632524862777052
41 828 0.0996187695491388
41 836 0.0911292464359235
41 890 0.063798544575362
41 906 0.0863166301094746
41 972 0.0280863668805488
41 985 0.146195785788106
42 38 0.0667437846754849
42 50 0.0430443226309248
42 103 0.172583711064226
42 145 0.302122429641478
42 150 0.0254458107268342
42 171 0.0435894373993267
42 176 0.101940236892618
42 230 0.0702224987200516
42 276 0.0961669479820319
42 296 0.0333712787435268
42 300 0.307584650286111
42 331 0.015144418642252
42 434 0.284556588916144
42 462 0.0392037149578718
42 468 0.102884227823407
42 478 0.273350571020445
42 532 0.0361429208681849
42 538 0.0888088423612107
42 553 0.0590822961833559
42 593 0.0297078945281729
42 597 0.0959014437020442
42 635 0.105845875578279
42 678 0.100307969719559
42 684 0.170434114281326
42 702 0.0264737391629922
42 756 0.206492942960563
42 765 0.121589466110399
42 836 0.0929513114342198
42 856 0.0265323140620683
42 879 0.00862907771264831
42 895 0.041264190566523
42 918 0.105667018087625
42 955 0.177394485078198
43 16 0.0102757470250146
43 19 0.0029122750649069
43 27 0.125996730001675
43 54 0.0168432683048915
43 73 0.361865966669075
43 81 0.265417345821453
43 113 0.107595127271729
43 142 0.0612755343708065
43 225 0.205236464102556
43 258 0.084042298202522
43 377 0.0827109911683521
43 411 0.0872185431867398
43 503 0.112785848633462
43 540 0.0854594919514879
43 603 0.0830313327669099
43 609 0.00194520041704489
43 626 0.0126739377964233
43 713 0.0625162410243741
43 756 0.116016752464407
43 760 0.0275680279362901
43 827 0.0280103295778728
43 932 0.147265870401933
43 946 0.318098733950218
43 967 0.147059831242968
43 973 0.475806069251881
44 21 0.0357616046581585
44 28 0.00140226201944481
44 55 0.00937296645504068
44 60 0.0214946596293276
44 100 0.0324116615050547
44 115 0.167477126509472
44 144 0.0610265950266704
44 152 0.267104885785752
44 154 0.0443918810550981
44 204 0.133425062979014
44 229 0.0681588969949025
44 236 0.00918475458428058
44 272 0.192447293341894
44 279 0.200885566006143
44 361 0.199187035112784
44 392 0.0779364574936887
44 402 0.118541161201004
44 446 0.0394788416137899
44 459 0.0211688113178498
44 565 0.00385685069284359
44 637 0.122561987867162
44 692 0.00470775861039385
44 701 0.119288570788127
44 859 0.0240903410979735
44 888 0.037169666842947
44 922 0.050646953481615
44 934 0.0658832386400693
45 6 0.0108162401761468
45 33 0.0764683724347244
45 34 0.03049519268981
45 40 0.022141297523356
45 54 0.0528362040978387
45 67 0.0312544561113455
45 94 0.112791100992832
45 102 0.211681500579485
45 199 0.0491116035401032
45 222 0.105474355903823
45 279 0.0282184221528551
45 281 0.184213530560993
45 304 0.088586256349632
45 308 0.168739352228969
45 332 0.100853066966
45 356 0.123392899799032
45 387 0.0123052801538574
45 458 0.021925290303531
45 473 0.064789976402457
45 516 0.0261779278213107
45 543 0.00719664171223509
45 580 0.0148202720931966
45 608 0.176941228287083
45 609 0.0590611308147537
45 623 0.176050777578832
45 649 0.089617753057245
45 658 0.0998292749888434
45 660 0.402617453468986
45 670 0.216380427603534
45 718 0.0603525106753929
45 740 0.0675093768106964
45 755 0.00798717817538831
45 756 0.0997476929834912
45 832 0.295392056430233
45 873 0.00839836418613711
45 892 0.0352002856899213
45 940 0.124845620672479
45 963 0.54150158713782
46 7 0.0513941568877234
46 24 0.0863045088451155
46 59 0.0530969261821312
46 84 0.0610048033002994
46 100 0.123327492731396
46 127 0.04676830205818
46 137 0.0672299103099818
46 240 0.0129185577138332
46 271 0.0255353537451552
46 285 0.0287787998010809
46 342 0.000404341840508272
46 376 0.281104836501168
46 407 0.0143393659660498
46 452 0.0104985571274849
46 476 0.0120233487863636
46 482 0.0407757635578402
46 509 0.0253248479849075
46 515 0.103214125872081
46 536 0.152535740465893
46 539 0.288994478582824
46 559 0.1158564120357
46 604 0.00197164322862163
46 630 0.324438138555513
46 675 0.130863135216218
46 692 0.00347888524378768
46 707 0.168687716846253
46 722 0.0330800040969571
46 730 0.00385906462916518
46 732 0.0665809047001827
46 735 0.462536052372734
46 736 0.0131671579755852
46 760 0.121042803675917
46 820 0.187751127257131
46 839 0.0468633630023851
46 941 0.0918429660694736
46 948 0.0938407431513862
47 31 0.0992291703467705
