0 6 0.210693838659352
0 15 0.0607942326449729
0 17 0.0885074620907626
0 33 0.00951787490555676
0 47 0.0428507138644472
0 161 0.0549488607528546
0 189 0.0390385111381855
0 209 0.00031935542922574
0 398 0.0127132083752485
0 409 0.172260379832937
0 465 0.0304263712878487
0 470 0.0420207817733124
0 473 0.0181873992518953
0 476 0.0959702476225392
0 499 0.0150072912423716
0 539 0.185760078039638
0 608 0.235341180311911
0 686 0.0223484097639587
0 736 0.00227132164781095
0 784 0.000121847444178136
0 833 0.133366422935304
0 854 0.119497253745455
0 876 0.0264381358777586
0 885 0.0604217898784549
0 958 0.00481527957727955
0 1102 0.218075363704784
0 1172 0.0498024864353701
0 1189 0.0550963926441703
0 1193 0.0406122848132136
0 1243 0.160540986400082
0 1244 0.00273976302736343
1 7 0.0462985264703076
1 15 0.232606043669978
1 18 0.0261670926239328
1 59 0.00983784167835446
1 62 0.0411023611678322
1 99 0.239604266141865
1 123 0.104666800688455
1 141 0.00524704110807937
1 213 0.0702464090194144
1 219 0.143225974207361
1 235 0.0176069275792191
1 263 0.0214778869555122
1 280 0.0459251737451733
1 285 0.011710643018229
1 355 0.103115975426982
1 356 0.111069845696425
1 386 0.0994933571044912
1 397 0.151470321372694
1 411 0.0350030312525462
1 412 0.14467627414321
1 424 0.0202429207064839
1 486 0.0312159123374437
1 490 0.105532092875008
1 562 0.0724364607398044
1 582 0.0336697096062258
1 585 0.161013459461559
1 655 0.0268573322722458
1 676 0.0117843019599349
1 757 0.00150046485910873
1 805 0.045447442898905
1 830 0.189376890581639
1 841 0.249989965736358
1 868 0.178028889456455
1 893 0.0325220816702694
1 932 0.00338534209099662
1 945 0.140101761142194
1 978 0.156616577523037
1 1010 0.156894254429635
1 1105 0.0185262211054139
1 1155 0.0626279548283221
1 1171 0.0191448554629115
1 1209 0.113932197250718
1 1239 0.0809908222922033
2 13 0.0440361732815326
2 20 0.0730295016374836
2 46 0.12182542877175
2 75 0.0347899976025465
2 211 0.27103590727603
2 274 0.186065949407358
2 332 0.411981340155399
2 378 0.028584282118378
2 471 0.19438624632597
2 495 0.118089396744147
2 519 0.0816461283538294
2 529 0.0130821177395856
2 629 0.238437329137276
2 675 0.0535492000914875
2 784 0.0464046599310324
2 877 0.12927841578604
2 934 0.0666485514792642
2 969 0.0135954195511705
2 973 0.0402793598766983
2 1003 0.013710767963782
2 1033 0.0538692767459953
2 1060 0.0120306085178166
2 1070 0.0506807653637588
2 1077 0.0331910160516235
2 1079 0.0604197293396218
2 1220 0.0716927643412784
2 1244 0.0380565876561258
2 1248 0.0230307754160351
3 50 0.0410585419309001
3 96 0.089510589179176
3 168 0.127047661734626
3 212 0.0970844420834879
3 215 0.0761188757800951
3 284 0.111010513158479
3 320 0.0261702252407471
3 353 0.0911412567450421
3 360 0.0500824743701727
3 410 0.00201584806065099
3 476 0.0370586361160263
3 479 0.0395960559595751
3 546 0.0645750885588618
3 553 0.00799101353379294
3 588 0.424873199027112
3 640 0.045961648062332
3 726 0.0894943755832335
3 746 0.101213663548046
3 919 0.032609966634103
3 933 0.158251823703379
3 941 0.041015558356983
3 943 0.0015224177949656
3 1004 0.000224330276171223
3 1046 0.0531092279331767
3 1054 0.0176517721915996
3 1152 0.0731142881071916
3 1156 0.412557282076975
3 1190 0.00253927171603667
3 1215 0.132925676067531
3 1216 0.00531246089950693
3 1242 0.0155801056560188
4 11 0.222302554690444
4 24 0.0324244254565276
4 52 0.0521944314479076
4 83 0.0376296738401437
4 164 0.0825770699888589
4 171 0.0167760842701591
4 232 0.0944911536602554
4 262 0.0315093440593779
4 270 0.0346141655280621
4 328 0.255289244912015
4 386 0.0715519350360025
4 418 0.0563007407216928
4 501 0.136068352307825
4 515 0.0833695797819812
4 600 0.0116271077862055
4 616 0.418360811556254
4 636 0.00455568627461975
4 680 0.0474943806044293
4 701 0.116200210301887
4 706 0.0336704908863485
4 713 0.0124688430930676
4 756 0.0300874736882101
4 772 0.0938804744725049
4 777 0.118667225636163
4 781 0.0322033288854432
4 829 0.0619605485724539
4 859 0.0671856691834906
4 882 0.315097210490022
4 899 0.0165353881904586
4 906 0.0236704277486626
4 915 0.079233767336199
4 938 0.129246151014175
4 995 0.0195742659170304
4 1025 0.0101710495337216
4 1207 0.04605531669866
4 1217 0.0037614985375908
5 11 0.0561481215124512
5 12 0.0444543872359464
5 14 0.151221332221319
5 92 0.354631086672193
5 124 0.0849661391062975
5 149 0.128467414223564
5 154 0.0195998811929205
5 181 0.0179253351683687
5 220 0.148056301215792
5 224 0.156743896689196
5 309 0.00381964860186737
5 330 0.0380759573289056
5 337 0.0401454626781119
5 344 0.0155135343156147
5 350 0.151100736289859
5 357 0.0333180606834337
5 419 0.182835889747877
5 436 0.0720659501817604
5 456 0.151151157287582
5 503 0.0316430616841835
5 588 0.0449638790247974
5 680 0.255612715654903
5 761 0.0459752103044686
5 788 0.123059551347696
5 826 0.0157465408755442
5 832 0.140921958960719
5 850 0.0355116443600707
5 933 0.118303990924136
5 938 0.0537321186762108
5 941 0.229173730872285
5 944 0.0267660376467992
5 996 0.176807550252165
5 1008 0.0513123285669485
5 1029 0.369648471372458
5 1187 0.0469883804211957
5 1194 0.0955828289257832
5 1242 0.0845193005324287
5 1247 0.00365091843334387
5 1248 0.200075832526459
6 0 0.210693838659352
6 16 0.0441898204807543
6 20 0.142846938522924
6 32 0.00800567303967842
6 34 0.217704961954796
6 50 0.168888686631198
6 77 0.130153078687464
6 80 0.0265314392585962
6 206 0.0705484531004858
6 230 0.0311393289127058
6 250 0.173378038439491
6 323 0.00460336866017081
6 391 0.0304204063076058
6 398 0.0451187986395117
6 404 0.0728436754852056
6 423 0.0391036410474512
6 485 0.2145569402407
6 490 0.142989519866723
6 502 0.15772884711857
6 542 0.218339593810427
6 560 0.00852661058928555
6 582 0.0796526818368926
6 648 0.0192945150377402
6 661 0.0284049583662514
6 693 0.019180212759968
6 697 0.0462070444618134
6 786 0.447818477073067
6 806 0.176466245334479
6 863 0.0752211859955818
6 881 0.012080550600753
6 905 0.232533282008282
6 915 0.0795673312773621
6 934 0.00839853802550543
6 978 0.00192283966193134
6 987 0.0528069438132535
6 989 0.152308448661259
6 1056 0.0961900074087235
6 1087 0.137252595706693
6 1123 0.18139044536595
6 1129 0.0151525204559487
6 1179 0.0517093125660459
6 1231 0.0935764384013668
6 1232 0.0321845838633666
6 1234 0.22191564204086
7 1 0.0462985264703076
7 16 0.237627298338552
7 19 0.0994130633078292
7 218 0.0146766597691427
7 267 0.0354226104004823
7 301 0.0513834460648709
7 348 0.00408295228255178
7 384 0.0458526192946943
7 420 0.0429838859047623
7 423 0.242015938938258
7 441 0.00446025167049297
7 484 0.110680258168831
7 491 0.195343245968674
7 566 0.0284486788325295
7 658 0.0130312048153498
7 682 0.0674104966537478
7 688 0.0930442136233801
7 699 0.033531346601777
7 776 0.0210929074897886
7 794 0.0785168994446293
7 813 0.106287929574089
7 914 0.14170416818727
7 970 0.0286201293881062
7 973 0.182215301527887
7 1018 0.0355493052745721
7 1030 0.0744752879844638
7 1032 0.00232303189625794
7 1119 0.0779629165669037
7 1131 0.0105376885852032
7 1161 0.0190843541965276
7 1179 0.0415117048516294
8 9 0.21305543067022
8 22 0.182321477801535
8 26 0.406987836159535
8 85 0.247029103678598
8 138 0.0741203116966422
8 145 0.0406197102543377
8 158 0.0770634404143879
8 210 0.149581247394104
8 373 0.00516320895553425
8 377 0.080508809937553
8 481 0.0260391907313369
8 485 0.179874009285559
8 523 0.1543293862856
8 636 0.130900012211017
8 664 0.0642905996298658
8 703 0.00272546596284884
8 724 0.115025113332816
8 741 0.0355733888231356
8 797 0.00968675096896431
8 836 0.0167227767059111
8 841 0.129736778364901
8 990 0.109866896314478
8 1001 0.0139272500878405
8 1055 0.0438817034053592
8 1057 0.0589422542053775
8 1120 0.082626232653774
8 1187 0.215095974123416
8 1231 0.0148702531588593
9 8 0.21305543067022
9 15 0.0127302401984228
9 22 0.0505563649182285
9 23 0.160935189726704
9 181 0.0543876365470179
9 197 0.0895774103298538
9 236 0.399610003394967
9 255 0.0677921933097336
9 260 0.276737818996233
9 276 0.0309890478843415
9 312 0.261244515278052
9 335 0.0274731527304334
9 342 0.10653523867567
9 359 0.150837138556991
9 362 0.16883972103786
9 375 0.086979043448808
9 383 0.019388245232964
9 470 0.0172001617663154
9 498 0.0299373249377871
9 570 0.0314708460283923
9 632 0.198544784996636
9 717 0.0390300454268955
9 746 0.153530600926408
9 774 0.0722385451278997
9 862 0.0930114885643591
9 923 0.14388161130268
9 955 0.00432589871832811
9 980 0.0096978156662789
9 1029 0.0487909363339146
9 1044 0.0415573208628821
9 1045 0.0191817329649093
9 1108 0.0488445166685051
9 1113 0.00173215523658631
9 1129 0.00105937004710238
9 1180 0.161195134827069
9 1189 0.042669336286837
9 1246 0.035548839254872
10 120 0.272083169436082
10 256 0.0627321894449853
10 285 0.171294079600787
10 306 0.0260877674557037
10 343 0.0441687287538471
10 352 0.0601161192027078
10 392 0.0448450810481045
10 437 0.0647568057554676
10 442 0.257921922388941
10 467 0.0345114093829739
10 478 0.006098006113277
10 534 0.053074117690494
10 536 0.100150496820913
10 554 0.248967938041683
10 585 0.268991135965951
10 592 0.150880515775095
10 618 0.0730843731520722
10 636 0.0345780601620639
10 723 0.0356232903325135
10 725 0.0429057265039683
10 803 0.0279780268521402
10 904 0.307402719452032
10 917 0.00477763041608506
10 918 0.209429322598553
10 960 0.0110542273876244
10 997 0.119786015115428
10 1001 0.0875572341194942
10 1027 0.024143158062092
10 1041 0.0512385552206454
10 1058 0.0575628945599066
10 1149 0.0234174878219923
10 1159 0.0257054037328433
10 1187 0.246182151131323
10 1200 0.177152540700744
10 1233 0.363186679533426
10 1235 0.171083883926535
11 4 0.222302554690444
11 5 0.0561481215124512
11 14 0.0393562262950797
11 19 0.254162421401388
11 36 0.00109692248494706
11 205 0.0193896964742469
11 220 0.172153987857628
11 234 0.0519771399657856
11 266 0.0915586877071541
11 284 0.032060743979734
11 345 0.0224278456287618
11 359 0.0770987629328299
11 406 0.157430369934311
11 420 0.0715636557001012
11 437 0.0696346738920671
11 502 0.00229079799663113
11 568 0.045597292108843
11 580 0.0427696963461704
11 617 0.18968855836382
11 649 0.0741112177813656
11 674 0.00706843449737066
11 806 0.145585565815902
11 838 0.102089149025827
11 861 0.0884035835999161
11 885 0.116831884322853
11 1086 0.204802603853515
11 1132 0.139738033374375
11 1134 0.259196217753675
11 1167 0.065848822239457
11 1173 0.0152431967995582
11 1215 0.264872543493917
12 5 0.0444543872359464
12 53 0.219905892783827
12 103 0.0162971975915931
12 113 0.130065256296923
12 123 0.216902200225902
12 127 0.0186102967606768
12 170 0.0474917566716884
12 243 0.0476886186876416
12 274 0.0274861370725259
12 289 0.0149991534443146
12 327 0.0443521497971954
12 361 0.215694282066339
12 362 0.0219753948659778
12 382 0.180208766093307
12 409 0.0079984188313496
12 412 0.139141778293038
12 429 0.0615037046886869
12 448 0.0241091650121825
12 466 0.113415408153141
12 554 0.0778469208054874
12 574 0.0211720556984732
12 623 0.0501587074637391
12 663 0.0600727863767018
12 766 0.170491210875068
12 779 0.00239843742885613
12 825 0.0243972584449216
12 832 0.0955392280186146
12 944 0.0260866588228495
12 979 0.0697931442408759
12 1006 0.0985252554978853
12 1107 0.00126445014961036
12 1117 0.215970140017317
12 1118 0.101512085652259
12 1158 0.277268190245074
12 1218 0.0336288213386126
12 1234 0.0326136675904107
12 1246 0.00841595179755001
13 2 0.0440361732815326
13 16 0.117557619627583
13 41 0.120897217808109
13 124 0.0436962027264325
13 190 0.0055804301571505
13 195 0.0431189078437145
13 328 0.0849128277317732
13 336 0.172392559426097
13 378 0.0279835876767751
13 423 0.0318133863030719
13 439 0.0878366847898628
13 500 0.134609049787846
13 652 0.109054754632319
13 666 0.0290230129350719
13 770 0.0575708277631581
13 810 0.0600213743250458
13 838 0.118803193999539
13 888 0.194450512632573
13 1120 0.0167770898512366
13 1142 0.129598936160145
13 1143 0.0278002149976003
13 1163 0.162742435112351
13 1186 0.0373968998446435
13 1234 0.310738329482506
14 5 0.151221332221319
14 11 0.0393562262950797
14 16 0.140950112943228
14 30 0.138807595004901
14 35 0.0142253562318828
14 49 0.194293584832541
14 72 0.138348428583806
14 83 0.118365501074008
14 102 0.120622745832227
14 169 0.00741314800900657
14 271 0.000257630941980173
14 289 0.166321439943509
14 328 0.175532627341517
14 339 0.00214222174853801
14 355 0.29279349199316
14 380 0.0395252243716994
14 407 0.0422909292710772
14 459 0.115150901780264
14 525 0.206154246085033
14 532 0.0401900122735424
14 568 0.116708230158285
14 584 0.0521535973019024
14 606 0.0665302864917927
14 624 0.221505792430916
14 636 0.212607103575794
14 649 0.000841229000252885
14 658 0.00632867251936581
14 731 0.0825928979019628
14 750 0.180870741857835
14 829 0.027538497147121
14 844 0.0320060134578083
14 853 0.252465143112035
14 874 0.0341589120257255
14 886 0.243263902816746
14 889 0.31149222506527
14 908 0.00803689369500853
14 948 0.0512206849972784
14 958 0.128388549927344
14 1016 0.0785368840452859
14 1029 0.0219461726228462
14 1031 0.00403221816963682
14 1057 0.0921083746429944
14 1066 0.153111413172703
14 1100 0.0953146032944429
14 1156 0.0692177961947891
14 1210 0.134058417345309
14 1234 0.0487299883481579
14 1249 0.283972533726619
15 0 0.0607942326449729
15 1 0.232606043669978
15 9 0.0127302401984228
15 18 0.0226962363035561
15 19 0.0322691761045085
15 28 0.156389756504531
15 39 0.131690730537077
15 68 0.0890352393686023
15 88 0.0519337396575336
15 125 0.479561256246523
15 135 0.170675678052943
15 197 0.101184502473528
15 296 0.0795899942115964
15 306 0.025418954438372
15 410 0.033126867467729
15 437 0.270702747324117
15 463 0.0825351629183041
15 491 0.355050417391212
15 494 0.0528559655773838
15 547 0.129040043658598
15 574 0.196995339523138
15 587 0.0450220391019203
15 612 0.0922672235349059
15 628 0.0625247763156439
15 636 0.0422566535406876
15 663 0.1098253201239
15 704 0.0298469411008598
15 720 0.0845639656703113
15 758 0.0193502777446987
15 761 0.173947235906152
15 806 0.0123875973849401
15 815 0.182660411509746
15 838 0.0797745588286166
15 943 0.146753224720264
15 1084 0.0498887345139824
15 1235 0.415478850112507
15 1238 0.128726412519874
15 1248 0.0869290570103888
16 6 0.0441898204807543
16 7 0.237627298338552
16 13 0.117557619627583
16 14 0.140950112943228
16 18 0.467547341525794
16 19 0.00885587413417419
16 62 0.00532105387396533
16 140 0.179947636356116
16 174 0.200965319581647
16 194 0.209268023616866
16 227 0.0165546507062652
16 318 0.101966423838582
16 416 0.093723868305951
16 528 0.11618030119102
16 537 0.00646747807509461
16 563 0.00373450754966274
16 596 0.115552474548041
16 638 0.0692504462652327
16 702 0.0482084948392177
16 766 0.268260106537583
16 806 0.0982521121791733
16 831 0.0640976149402169
16 884 0.0551810403702339
16 892 0.177711967355615
16 913 0.0168546461638122
16 981 0.113454888768962
16 1029 0.0293801636508366
16 1030 0.0196572920132481
16 1055 0.0338390674538851
16 1081 0.0673296094500384
16 1095 0.0260511892762642
16 1182 0.0670315751442962
16 1189 0.144654752186002
16 1199 0.129593953027036
16 1239 0.0924908236763121
17 0 0.0885074620907626
17 22 0.0333139023609665
17 23 0.0345788153686772
17 29 0.211563541566131
17 32 0.0465621485069095
17 38 0.103805888745648
17 66 0.0852065834078891
17 88 0.0786753198851412
17 96 0.100816968440574
17 130 0.221794865242102
17 169 0.0249606236571871
17 190 0.164297115997461
17 214 0.134039640268385
17 278 0.120993933331863
17 280 0.0932830827917271
17 360 0.308086254215454
17 473 0.169844731194715
17 490 0.0110510814522846
17 535 0.0197778638289064
17 556 0.0200666833110906
17 576 0.164233837446003
17 592 0.0965853912361505
17 637 0.0675262760102905
17 644 0.0528459892818125
17 686 0.0225692259120509
17 702 0.412798149573888
17 733 0.138276312795064
17 755 0.0805171945310997
17 781 0.0547348898781628
17 825 0.106617948495253
17 907 0.0823500427717644
17 923 0.0549926558013071
17 952 0.104092188736049
17 1079 0.217168691253203
17 1082 0.00682832020464801
17 1084 0.124851124474129
17 1091 0.054368611245263
17 1116 0.121121699572375
17 1196 0.146277250255285
17 1204 0.00850181998145431
17 1225 0.0041024761184299
18 1 0.0261670926239328
18 15 0.0226962363035561
18 16 0.467547341525794
18 33 0.0674239462195535
18 35 0.0300609451939232
18 37 0.401236292212872
18 61 0.143758557436738
18 68 0.199758849000745
18 186 0.058624001996158
18 217 0.000412457294184174
18 245 0.101942482193266
18 268 0.026453476598242
18 303 0.105920721640506
18 307 0.0801729736601682
18 323 0.164013089939203
18 332 0.182740604447794
18 367 0.437373843928382
18 492 0.0779990927306273
18 572 0.0291045538908834
18 589 0.00433818892010574
18 621 0.440540156759439
18 658 0.0122883321415818
18 683 0.0484340924488809
18 732 0.026124025978891
18 831 0.0994046557153369
18 858 0.160653058336741
18 971 0.060120752577204
18 1022 0.101678486237122
18 1081 0.025745727358646
18 1093 0.00800784470747776
18 1201 0.0782772009861476
18 1216 0.0405062139670599
19 7 0.0994130633078292
19 11 0.254162421401388
19 15 0.0322691761045085
19 16 0.00885587413417419
19 28 0.294689477572475
19 91 0.0477059095929824
19 107 0.123764261152448
19 110 0.0257481209350789
19 144 0.405223954546693
19 338 0.0378904252196221
19 387 0.030110355531181
19 412 0.107427280710135
19 453 0.0848117334728914
19 542 0.0348184308411788
19 712 0.0144397131050671
19 740 0.0594353627753686
19 742 0.169964866692316
19 755 0.0262535983718407
19 762 0.0505331690916921
19 790 0.278612466784287
19 843 0.116713762810455
19 938 0.0477636047232122
19 963 0.0946337462474736
19 986 0.0758490361065238
19 1052 0.143405277047019
19 1096 0.0914220147606412
19 1181 0.0372293058399329
19 1188 0.00342214222011076
19 1189 0.00297343618999923
19 1236 0.133528038385994
20 2 0.0730295016374836
20 6 0.142846938522924
20 37 0.142414085599463
20 67 0.0793381724702661
20 113 0.068135404011548
20 131 0.0538143851492063
20 242 0.00580444033414609
20 249 0.0779294027233172
20 276 0.0372945253714629
20 287 0.0942600217041777
20 346 0.0442347078873503
20 422 0.0722726630119683
20 457 0.00568826144768875
20 546 0.0362416598870813
20 552 0.00794650205024287
20 626 0.0768951880539242
20 664 0.154016251309232
20 667 0.215170690607416
20 728 0.149254279716141
20 776 0.152049691716393
20 873 0.0708869747880444
20 917 0.186164520025906
20 984 0.188621898966447
20 1040 0.326099119504678
20 1042 0.0525645119259059
20 1048 0.314956196581669
20 1054 0.0149976447007231
20 1068 0.0447039516563665
20 1118 0.0360206323393016
20 1154 0.0485680601400726
21 24 0.0109749110621748
21 52 0.00512261223582742
21 54 0.116412487706431
21 98 0.00681360586285427
21 116 0.130584440190588
21 133 0.00204400080583673
21 173 0.0598143572382395
21 181 0.0177268161929121
21 211 0.121731883028372
21 219 0.0493957151281582
21 309 0.00461213869254951
21 351 0.0180375954280971
21 396 0.0211700079121112
21 421 0.026407775554991
21 482 0.251490667903927
21 488 0.04422213378248
21 527 0.184877713260376
21 531 0.0181190506615811
21 577 0.125806852426122
21 644 0.0992669500758795
21 680 0.0247716403576146
21 706 0.0400688680225988
21 736 0.024127619823926
21 742 0.0969712956928333
21 752 0.00274289049809176
21 795 0.0789179304271919
21 812 0.183151887601085
21 816 0.10325214752228
21 857 0.0671792316780705
21 887 0.0314168488279133
21 921 0.0153734667270874
21 933 0.0398591432461871
21 939 0.0543634563396373
21 1031 0.211754047701237
21 1042 0.0813871300869106
21 1079 0.0427326207230466
21 1140 0.0269475486271693
21 1246 0.192893499690964
22 8 0.182321477801535
22 9 0.0505563649182285
22 17 0.0333139023609665
22 29 0.124874183141516
22 31 0.0160642745815569
22 46 0.182611444078892
22 147 0.109547229569442
22 205 0.10193410822828
22 227 0.0594750698533535
22 246 0.0453431215247602
22 274 0.0681845668147562
22 376 0.00988592103322371
22 495 0.00665428121670312
22 502 0.055490646189585
22 599 0.0528434831203549
22 620 0.0641561942656718
22 662 0.258143841819244
22 693 0.0913310385373183
22 779 0.132807623955896
22 914 0.000921256801558634
22 980 0.0354372684618893
22 1019 0.0411310214921013
22 1026 0.379850855407841
22 1030 0.0308764531371014
22 1052 0.0840451271006523
22 1086 0.00155703098009475
22 1159 0.319752058711584
22 1164 0.0807385269938249
22 1205 0.105040904704199
23 9 0.160935189726704
23 17 0.0345788153686772
23 30 0.00740868641760075
23 32 0.122305706551363
23 53 0.0473161596550576
23 56 0.0805181775855544
23 63 0.215710889686675
23 73 0.122732316519847
23 89 0.00171071900574755
23 204 7.11786309903134e-05
23 248 0.0094656129577392
23 448 0.0659241225479631
23 476 0.0358668657257115
23 488 0.166222383009818
23 532 0.0419655066379713
23 534 0.00139474365025785
23 571 0.0225628393273317
23 604 0.0552938063036597
23 633 0.244247826246939
23 643 0.0240091802883984
23 710 0.00120383661464219
23 758 0.00679660461553452
23 779 0.0590346845317577
23 808 0.0293067597314987
23 840 0.0597151198460413
23 843 0.0529557579110338
23 962 0.0116043048390109
23 984 0.610439174552784
23 1073 0.293132731273324
23 1097 0.085021646303782
23 1132 0.0723794939920882
23 1169 0.114364436500355
23 1174 0.0140072340366515
23 1228 0.16393883015983
23 1231 0.0196923211358032
24 4 0.0324244254565276
24 21 0.0109749110621748
24 29 0.242720653286309
24 34 0.0956606795784758
24 76 0.0350577862330048
24 80 0.0155665566127184
24 88 0.0204816724175392
24 201 0.000120249712571186
24 219 0.019839696242313
24 237 0.0586254302823272
24 252 0.0177936054243553
24 321 0.0378275415007037
24 348 0.237130400092197
24 365 0.0192193248705671
24 379 0.0613134110546625
24 525 0.187230805277846
24 554 0.0443167144328257
24 644 0.136353342542619
24 674 0.0153311435614324
24 713 0.0380367472059831
24 738 0.149291197512915
24 797 0.000159071960872139
24 823 0.123634902605674
24 872 0.0493007509213072
24 878 0.504794461460056
24 921 0.0370960520325755
24 945 0.0539675502701041
24 970 0.0521149486666145
24 976 0.0176561371818289
24 998 0.11030744706627
24 1017 0.01053697125065
24 1062 0.0447527098646431
24 1089 0.0948714921445229
24 1104 0.00475292615467742
24 1130 0.255695939447702
24 1150 0.149718360953323
25 37 0.0470941653555895
25 98 0.314432678180167
25 189 0.131209597621811
25 199 0.0663800059736922
25 209 0.0293153386211134
25 268 0.0817096593963153
25 349 0.1495562958641
25 365 0.028913040306096
25 380 0.21103740933147
25 416 0.140414454820698
25 426 0.100506083403989
25 481 0.0323743286751977
25 512 0.13720734613919
25 522 0.325946844582746
25 536 0.0517219451354205
25 556 0.111670097590901
25 586 0.366530455826824
25 646 0.423673723632662
25 755 0.0148267714516463
25 756 0.0724404095497955
25 805 0.109841969119704
25 865 0.0198830325019354
25 933 0.0701690868713618
25 951 0.201678658325695
25 1013 0.00901128507107354
25 1138 0.0494997721834384
25 1232 0.0616869790287692
26 8 0.406987836159535
26 27 0.197027555572555
26 30 0.0950774555902429
26 118 0.0351119431320027
26 120 0.12008891244567
26 183 0.103184466119307
26 264 0.132549342508056
26 270 0.00142841446600861
26 299 0.0460812619603853
26 352 0.0343053606023662
26 363 0.0690541259063203
26 368 0.144046561623881
26 412 0.0162006096057888
26 416 0.209116984028233
26 428 0.0125822686699887
26 433 0.0946234611837548
26 461 0.0112818172894072
26 482 0.00194463185203012
26 531 0.0941843068404756
26 637 0.0165058875873753
26 650 0.175301719654011
26 680 0.444109174219194
26 691 0.047093150741892
26 693 0.103193207293415
26 780 0.0142172883090042
26 821 0.0284533483286201
26 888 0.487717848150233
26 898 0.023965456241365
26 904 0.0773680109342742
26 907 0.155402380465708
26 911 0.0325654251632578
26 978 0.190499661176474
26 990 0.0413418685707511
26 1011 0.0876903544604459
26 1050 0.18673686645284
26 1066 0.161617156769378
26 1086 0.0420938610043079
26 1176 0.0172060085249324
26 1184 0.0884633721958299
26 1199 0.106534785802308
26 1235 0.0388076528525424
27 26 0.197027555572555
27 34 0.152928283601391
27 39 9.94793658829095e-05
27 41 0.0649698859689902
27 186 0.054251771565721
27 202 0.0468083744961577
27 228 0.0285981862209797
27 229 0.0644863005078707
27 319 0.0782909658838313
27 372 0.114330902344355
27 396 0.136032555836128
27 402 0.282522776285796
27 411 0.0577570944404617
27 448 0.121150456282983
27 478 0.0939358200600855
27 501 0.205033567958725
27 574 0.0549140249623117
27 578 0.112694552647292
27 658 0.0625012596883026
27 727 0.0288897167572692
27 838 0.18014113165703
27 939 0.177347112448486
27 951 0.0150023546128834
27 973 0.0280461059050001
27 987 0.0400745859539511
27 1059 0.163067259585944
27 1156 0.0714133110608954
27 1174 0.0484790133011682
27 1194 0.0327582764187592
28 15 0.156389756504531
28 19 0.294689477572475
28 36 0.0234844077863827
28 38 0.0177700723124639
28 40 0.127163925689766
28 42 0.0233378404772843
28 76 0.0513449522459879
28 114 0.0677235386241065
28 164 0.131034870928921
28 184 0.196210600700742
28 205 0.00324425946399198
28 317 0.137548276871613
28 346 0.0242935783423629
28 452 0.100883195159381
28 472 0.0104083810765883
28 478 0.0666134914845953
28 685 0.0643202720027712
28 693 0.0574632408099807
28 710 0.0152204863674218
28 713 0.0539161793904071
28 851 0.0446973579702394
28 862 0.00893150112673995
28 863 0.0886686456338419
28 886 0.0175781744252509
28 1042 0.0654080395144448
28 1128 0.198362907130431
28 1129 0.232113891155472
28 1209 0.0541815397600629
29 17 0.211563541566131
29 22 0.124874183141516
29 24 0.242720653286309
29 33 0.296660037548842
29 53 0.0236817017708452
29 118 0.129094124007073
29 149 0.00345408955540259
29 191 0.0574629905468484
29 199 0.0364918297495492
29 237 0.0408139460237471
29 242 0.159804546133562
29 285 0.0701158732704897
29 302 0.0393533860237033
29 324 0.0299317461034143
29 347 0.0349953350167295
29 348 0.0298633362345825
29 433 0.0158123466121644
29 457 0.0670979738188183
29 477 0.132247944535361
29 490 0.0704476694956482
29 599 0.312807469920371
29 661 0.0677496067999246
29 698 0.0739370728032759
29 764 0.0185509098610541
29 769 0.0863083946169239
29 806 0.00405553307248572
29 822 0.0759079304602937
29 836 0.0109624401179617
29 856 0.0799078518103243
29 886 0.0928016942561172
29 903 0.136615309589467
29 1007 0.0141681753946555
29 1038 0.204666660914739
29 1105 0.0245285359752691
29 1107 0.00694330691789241
29 1122 0.109207487802657
29 1181 0.0280186981617476
29 1191 0.0821530154945168
30 14 0.138807595004901
30 23 0.00740868641760075
30 26 0.0950774555902429
30 122 0.0238757178441488
30 189 0.0249781764887788
30 208 0.0393664490688338
30 222 0.164539262339656
30 242 0.0358513582916219
30 281 0.0534740228008553
30 317 0.127610777267584
30 353 0.131645366909396
30 382 0.0428359030286715
30 473 0.229996904683187
30 475 0.149988657369998
30 490 0.028260044126499
30 524 0.142960109781061
30 575 0.0214865684370273
30 627 0.0128254589488474
30 638 0.0452434584063105
30 682 0.254386995249296
30 743 0.00387165153651099
30 767 0.0860054611577365
30 909 0.0564423350390143
30 919 0.00675403640342659
30 936 0.0335879090232061
30 952 0.0420096614389473
30 1006 0.0301207380691886
30 1014 0.00508978775370221
30 1019 0.053976634528672
30 1056 0.00174932343969225
30 1135 0.0107158446496355
30 1185 0.0606422458790191
30 1245 0.225761116332547
31 22 0.0160642745815569
31 38 0.0890254245100292
31 83 0.362473832103381
31 249 0.00689696903524106
31 272 0.114449936832474
31 322 0.0479259097839075
31 323 0.00290255767181474
31 536 0.210032900859982
31 557 0.0165135579722654
31 584 0.161692228913021
31 607 0.0809081588982444
31 641 0.164780080624
31 659 0.0877114013892595
31 690 0.127161914022157
31 691 0.000158369020803668
31 698 0.0447020834260517
31 779 0.0573418159376767
31 809 0.0370191632325399
31 904 0.0176030211320984
31 923 0.117726351466494
31 933 0.125668981823853
31 973 0.279822664053845
31 975 0.0145513648883627
31 985 0.0318157345145926
31 996 0.0272076695477189
31 1009 0.248362898379937
31 1068 0.0817347111116917
31 1097 0.0414602013934125
31 1121 0.160774291755655
31 1163 0.141604648703947
31 1243 0.0889061264917336
31 1249 0.0941223373243359
32 6 0.00800567303967842
32 17 0.0465621485069095
32 23 0.122305706551363
32 34 0.034491647109158
32 80 0.0815879338298253
32 184 0.0263286087569232
32 316 0.351858912380922
32 331 0.119714963327823
32 335 0.269702971151761
32 336 0.0176556041591362
32 356 0.100468679168343
32 388 0.232742635758169
32 391 0.0505255613610752
32 435 0.104986293917468
32 552 0.146591903640787
32 586 0.172551166264769
32 624 0.11544569165295
32 628 0.0650142954171724
32 639 0.120275692001327
32 708 0.0146224679778161
32 709 0.188551636872452
32 715 0.113699316390616
32 786 0.0136955211829043
32 814 0.0124303305960192
32 816 0.0923997152233825
32 818 0.0190709684096794
32 848 0.0630835225660662
32 889 0.0848984285856781
32 936 0.00970196167468734
32 1034 0.00582129370879886
32 1073 0.206329340886395
32 1095 0.0267418182299133
32 1111 0.0413243470910083
32 1139 0.0570529203490344
32 1232 0.0199399346603399
33 0 0.00951787490555676
33 18 0.0674239462195535
33 29 0.296660037548842
33 53 0.126734607488133
33 84 0.0519746704672647
33 169 0.00350737433481463
33 316 0.127546739470229
33 320 0.0325250724358187
33 332 0.0767098334310486
33 336 0.242896942360464
33 423 0.032477898008837
33 428 0.069094822971532
33 438 0.357116262072742
33 460 0.0408213284376664
33 478 0.0113164528354168
33 479 0.120373832075413
33 514 0.03792772848912
33 515 0.0168135942656128
33 520 0.0408791142184041
33 531 0.0683049750482932
33 534 0.102369472096746
33 580 0.0470771343672758
33 590 0.144184944298492
33 789 0.0537260959784474
33 823 0.0374682429387608
33 899 0.110171360097908
33 917 0.00690278879493091
33 922 0.0178491262525434
33 923 0.0718813339346696
33 928 0.0189813285109424
33 931 0.170731666965984
33 969 0.0166233307007498
33 986 0.185369666322706
33 1020 0.193115272083833
33 1025 0.0107899669537412
33 1085 0.0158255336217803
33 1104 0.132715713685048
33 1168 0.183112233041201
33 1236 0.368891611508786
33 1241 0.0877767172849718
34 6 0.217704961954796
34 24 0.0956606795784758
34 27 0.152928283601391
34 32 0.034491647109158
34 36 0.0370735797539001
34 38 0.0690531046945836
34 42 0.0146348438801107
34 96 0.0638578665508419
34 108 0.00447391384881583
34 125 0.099351787944831
34 146 0.17557447644516
34 235 0.0890502435167528
34 241 0.186409391427471
34 291 0.150934456861523
34 297 0.129045489571528
34 302 0.0251473875358327
34 326 0.0607418292763603
34 496 0.152875358019996
34 519 0.0431915746431951
34 537 0.0161019110467804
34 553 0.00157291521949108
34 575 0.0316471589440633
34 587 0.108770102543692
34 608 0.125146770038437
34 711 0.226262023504485
34 715 0.0903157869997191
34 822 0.0746871616512616
34 960 0.0447640857950119
34 1030 0.0310246751655907
34 1065 0.205665197709923
34 1072 0.00659863263600245
34 1091 0.0122754607272332
34 1098 0.00122193188012257
34 1152 0.0347192536872956
34 1160 0.221915528795212
34 1180 0.0405854060079336
34 1194 0.139002541085165
34 1239 0.0518315980153874
35 14 0.0142253562318828
35 18 0.0300609451939232
35 44 0.135983536975283
35 47 0.289348596694036
35 48 0.109392953762445
35 57 0.120905340584061
35 58 0.121020107538031
35 64 0.103529316406875
35 183 0.0535293735727522
35 211 0.0679154592888273
35 226 0.233635257485151
35 259 0.149564427778699
35 267 0.0717300308939907
35 271 0.0657668503602183
35 302 0.00116142188002535
35 418 0.00343384655646715
35 522 0.0739556748833932
35 539 0.0309726039555206
35 585 0.0160676218381032
35 611 0.290373135760378
35 681 0.0142250132525747
35 721 0.0871459304384615
35 814 0.0504187139539713
35 823 0.0416380650224653
35 834 0.206071978684273
35 848 0.0275610629642201
35 1085 0.093257017686982
35 1102 0.12374636128133
35 1105 0.252767269156316
35 1190 0.00364986202071305
36 11 0.00109692248494706
36 28 0.0234844077863827
36 34 0.0370735797539001
36 42 0.134297119114729
36 47 0.114242546054792
36 141 0.0244656067708631
36 199 0.195165743721682
36 200 0.0418628785886108
36 211 0.0457958586746001
36 264 0.154985716484456
36 286 0.000214263931190705
36 340 0.06741420663256
36 376 0.0246284960190034
36 484 0.0314464625181788
36 491 0.112680452586126
36 552 0.326051593019316
36 571 0.079847569214611
36 600 0.0915639888414169
36 621 0.0954882315585564
36 662 0.0304306895112685
36 732 0.155626085174554
36 757 0.150255892166039
36 826 0.0250110910469303
36 864 0.186586486790185
36 905 0.112010504841989
36 912 0.0742365630567056
36 919 0.188205108275582
36 960 0.0593135501002407
36 1000 0.0108452853072182
36 1058 0.0550166028266305
36 1071 0.0125671228986431
36 1127 0.246023201615211
37 18 0.401236292212872
37 20 0.142414085599463
37 25 0.0470941653555895
37 55 0.0150826111439689
37 71 0.0979541813457546
37 88 0.124656891837349
37 94 0.0328863123322602
37 116 0.183994465195664
37 152 0.0187280092421082
37 186 0.0696147562893866
37 197 0.0842574572682019
37 233 0.00342770777416701
37 300 0.282864702917098
37 344 0.152437640827118
37 483 0.208491722855431
37 556 0.0579898060926079
37 584 0.0607334855765878
37 595 0.0812156867802168
37 599 0.0175681519669937
37 602 0.0183174984543067
37 744 0.00708825469631813
37 780 0.0820523596252082
37 783 0.0132521997306412
37 790 0.107139703240907
37 865 0.0869996013653352
37 954 0.00456730929206504
37 990 0.0110805257426241
37 1006 0.198964189591373
37 1065 0.222619667645214
37 1215 0.0759222925092411
37 1216 0.00161610987920219
37 1228 0.238600995034437
37 1230 0.00594445115497628
38 17 0.103805888745648
38 28 0.0177700723124639
38 31 0.0890254245100292
38 34 0.0690531046945836
38 91 0.0406059904743081
38 146 0.0687727338942512
38 160 0.1037196166469
38 264 0.0212197986926689
38 275 0.108603469685678
38 359 0.00154047681998467
38 415 0.0194541321843244
38 489 0.123750335410785
38 511 0.172357792826995
38 527 0.0119561408913884
38 569 0.049868389741439
38 677 0.122899959041996
38 766 0.150981916523542
38 824 0.0181028007620419
38 937 0.106119062996896
38 1028 0.0468035372041606
38 1071 0.120456498377751
38 1086 0.0353644106907218
38 1088 0.0395756117903207
38 1140 0.190769138912681
38 1160 0.0995853960155931
39 15 0.131690730537077
39 27 9.94793658829095e-05
39 46 0.176610657056142
39 57 0.399245371055706
39 119 0.111034968191276
39 140 0.0398622375091688
39 151 0.0097359684323363
39 206 0.000927779235838013
39 247 0.0821987310984275
39 266 0.312126876096676
39 344 0.226012958137366
39 383 0.00765413131002981
39 403 0.00361718515088905
39 450 0.119982524245622
39 462 0.0756492189766334
39 496 0.121892813110723
39 549 0.2346492998878
39 570 0.0938046507759111
39 584 0.0295648857512348
39 588 0.0259956440076121
39 633 0.0253165395451791
39 723 0.117885933305839
39 774 0.224140145174745
39 801 0.0958836715655745
39 832 0.240632361894113
39 833 0.183078589321363
39 844 0.020309275329678
39 912 0.215080231559077
39 928 0.048293391514113
39 930 0.09388773096895
39 951 0.0167343457142898
39 1020 0.145725936763849
39 1095 0.0777358842127718
39 1131 0.150405272606642
39 1147 0.13897259745342
39 1153 0.0536381413618907
39 1177 0.0388694226679067
39 1236 0.0133286755490506
39 1240 0.041713974494915
40 28 0.127163925689766
40 57 0.169397811585527
40 76 0.0763918378387332
40 112 0.0995124721776459
40 194 0.0676317445730553
40 245 0.0401990474911989
40 291 0.109479981342711
40 304 0.0157718958591086
40 352 0.00490401811867418
40 381 0.0340242817065436
40 382 0.0343437665414401
40 429 0.19352335847229
40 512 0.125244367859367
40 556 0.000520234180277221
40 583 0.132883407080959
40 658 0.120828353380848
40 693 0.222898067858807
40 699 0.0176571020492967
40 736 0.0336191668018314
40 1001 0.303746047269514
40 1010 0.161318374677334
40 1015 0.00687137580594885
40 1065 0.0454217296782459
40 1116 0.0561397415898827
40 1124 0.0619113738239182
40 1130 0.00376171951617025
40 1172 0.0567420551491454
40 1206 0.12578532349136
41 13 0.120897217808109
41 27 0.0649698859689902
41 43 0.184847874233415
41 44 0.075210787617828
41 102 0.0387061284901804
41 130 0.119270478026106
41 139 0.0184415827257496
41 178 0.0247113524115796
41 212 0.262986408457422
41 227 0.0417689464957329
41 402 0.359301923809707
41 438 0.0813090717865362
41 456 0.0243565190434053
41 495 0.0206060967990304
41 505 0.105397412183951
41 644 0.13680396181213
41 692 0.0401144346024715
41 748 0.319072229473225
41 793 0.142449322594022
41 855 0.0215419826245561
41 865 0.312151574006999
41 873 0.0628945390572714
41 939 0.0216137891050353
41 951 0.168407169701072
41 964 0.0131879423438116
41 1075 0.00194659429993292
41 1076 0.122036396399796
41 1090 0.0282225635881161
41 1188 0.0664166067573083
41 1190 0.0191459285266794
41 1235 0.0749403557458435
41 1245 0.0173251001892853
42 28 0.0233378404772843
42 34 0.0146348438801107
42 36 0.134297119114729
42 43 0.0094213528984385
42 46 0.0780927849747461
42 83 0.0934524528705179
42 119 0.272304834076927
42 132 0.0342842734226168
42 141 0.0130966761262924
42 170 0.0111657986995034
42 175 0.112853050021415
42 186 0.137827973497718
42 323 0.139464315498524
42 334 0.0626960889557613
42 379 0.0840713632450215
42 406 0.125428544880778
42 444 0.0582613374394382
42 461 0.145919249815794
42 464 0.0324399669677074
42 511 0.0164983844259852
42 526 0.0870645921504473
42 536 0.0875460123733264
42 583 0.115529691434717
42 625 0.0349160623485653
42 644 0.24891055412002
42 671 0.000122232469320549
42 691 0.0264925379266239
42 702 0.243152336074654
42 737 0.239425946827442
42 759 0.116795176314364
42 823 0.379173565424571
42 840 0.093804664135361
42 841 0.11974198924816
42 847 0.0197502651774675
42 860 0.024539524833982
42 900 0.00197233417611539
42 904 0.0193910132317677
42 957 0.0814420936822386
42 989 0.0917287328626858
42 1017 0.0734295342466212
42 1018 0.0237180328139415
42 1043 0.0245502463756112
42 1080 0.167312662131431
42 1113 0.0987707478269042
42 1125 0.269852462354009
42 1141 0.0272090943704283
43 41 0.184847874233415
43 42 0.0094213528984385
43 45 0.0698810693778864
43 55 0.122303489320831
43 149 0.0926408792652134
43 154 0.0583016559725336
43 171 0.0086452862870149
43 217 0.0752059656941758
43 259 0.0345318531880303
43 323 0.0181279873379557
43 341 0.0583123489962385
43 350 0.0298082010273629
43 361 0.0729177300499132
43 387 0.0937504919416696
43 448 0.00608894044153672
43 575 0.0887657745295639
43 626 0.0501935306054434
43 635 0.0398652584988562
43 654 0.119237322008743
43 704 0.109652062922558
43 765 0.047060925643771
43 808 0.247757245907634
43 810 0.0685822715328801
43 834 0.0177024115140192
43 858 0.107061445615328
43 885 0.0231005624774873
43 913 0.0819719540488378
43 962 0.217321895251772
43 1024 0.0991878592064759
43 1059 0.0314662073261604
43 1078 0.00897917061674836
43 1082 0.0622192677940757
43 1088 0.074961126321257
43 1101 0.0234038171591728
43 1209 0.00303738671149149
43 1231 0.0294740155620963
44 35 0.135983536975283
