0 1 0.200701737673379
0 2 0.0714865175871682
0 10 0.128423069753266
0 11 0.439784053833896
0 16 0.114192414310796
0 22 0.241652598168671
0 38 0.100122476369509
0 44 0.0138882363003327
0 65 0.0156246699197939
0 68 0.0424315093215043
0 96 0.041721727231769
0 124 0.136615044203943
0 126 0.19958400514932
0 158 0.159977628055481
0 236 0.418183618736711
0 241 0.093487892705179
0 242 0.0166538067005976
0 243 0.0668347631181384
0 247 0.170949162621434
0 250 0.502086047166446
0 251 0.0454769280480579
0 263 0.253280540087487
0 265 0.0649832137035007
0 299 0.0842542266887048
0 326 0.0188559086453473
0 329 0.0331693979727553
0 362 0.122679129967757
0 412 0.00695145849599384
0 433 0.179370291405928
0 442 0.00297488210889477
0 454 0.115779234462614
0 475 0.0295300427115801
0 482 0.110610203382638
0 489 0.0421200989505956
0 493 0.0394527333556145
0 495 0.0956190685006052
0 499 0.230560075388545
1 0 0.200701737673379
1 4 0.015490833923697
1 5 0.0422631813357544
1 9 0.0779675710819944
1 10 0.0182050606934293
1 17 0.133866828383677
1 18 0.0819907716414847
1 26 0.036428652382059
1 52 0.0425762741258517
1 95 0.119458535817639
1 123 0.141560808869115
1 126 0.120426223897625
1 134 0.159853969997831
1 171 0.0582718768009751
1 181 0.0069529301379364
1 197 0.0742045807343684
1 210 0.0153019702135926
1 216 0.0227191401332311
1 219 0.137271941310805
1 257 0.111575876559849
1 300 0.0137413775115358
1 380 0.0241129696451877
1 393 0.130293279578127
1 398 0.0435954649519117
1 400 0.0223306691725098
1 425 0.00342917936965499
1 448 0.0310009896521478
1 465 0.00308141783059482
1 470 0.161453338412592
1 484 0.0942575476924524
1 497 0.0100442915503579
2 0 0.0714865175871682
2 4 0.539433467083565
2 10 0.106946538859088
2 15 0.0736463124533865
2 16 0.0837487184651347
2 17 0.094885723544172
2 18 0.00291339588191731
2 53 0.0230881803851803
2 177 0.00779077737656768
2 194 0.0820459635701656
2 230 0.0499386666700765
2 234 0.0935531208518703
2 266 0.211238540459944
2 274 0.0273651998717463
2 319 0.276897391964801
2 322 0.2341916439449
2 346 0.0699742565766917
2 348 0.322889312954293
2 364 0.0415976432350532
2 387 0.0857288430672242
2 396 0.221007222761114
2 408 0.0145085338657506
2 409 0.104566380560922
2 432 0.0932059174987244
2 442 0.232700389653707
2 459 0.0768563298155959
2 490 0.063949010781146
2 493 0.00774218661583062
2 494 0.12141321401223
2 496 0.0662356740810946
2 497 0.0664648598076342
2 498 0.0738825120464876
3 7 0.0146860398861213
3 11 0.0613992129935448
3 14 0.104768945796102
3 15 0.191183817418713
3 21 0.0682999813154832
3 52 0.00873490943469799
3 66 0.0360063908464144
3 72 0.680604230946224
3 73 0.0575064841133449
3 113 0.0861062682006729
3 144 0.292089901054064
3 160 0.249061558170709
3 182 0.0321349328292469
3 192 0.00378814862253553
3 197 0.0564837600030947
3 232 0.0425559130826291
3 262 0.0562022697282941
3 266 0.160515349671707
3 275 0.050528539552775
3 296 0.0160976014412757
3 316 0.0406759359016905
3 324 0.0947360891485759
3 334 0.0489231091186971
3 348 0.114729761184749
3 354 0.292892426703435
3 357 0.0526595951348118
3 358 0.0024657305168869
3 362 0.12981173844136
3 374 0.161737623197996
3 388 0.0804154299745887
3 403 0.0886412502496931
3 419 0.243735792652675
3 479 0.15982397923665
3 487 0.0477848328763727
3 488 0.0920837250144817
3 491 0.0169540812024166
3 492 0.0744183652437974
3 493 0.170083666899703
4 1 0.015490833923697
4 2 0.539433467083565
4 5 0.133448894116727
4 7 0.0385858123018541
4 9 0.102692397535416
4 13 0.0640318273931527
4 17 0.114977981695512
4 18 0.129866491441495
4 24 0.232386898408147
4 52 0.0365820192349366
4 70 0.187526404538303
4 82 0.0461399033236729
4 93 0.00792354669829418
4 128 0.0774063653366935
4 148 0.206076328244994
4 165 0.00996652230229062
4 171 0.10422039390583
4 185 0.0603716903075327
4 188 0.0468562341016016
4 189 0.00957731975496564
4 215 0.0185355233016813
4 226 0.047742116374357
4 244 0.026832983508122
4 245 0.0322964684501253
4 251 0.171177769466885
4 262 0.0385494533308283
4 276 0.00407889098656226
4 280 0.00108803365552083
4 310 0.3414328920013
4 357 0.00434351513863287
4 362 0.0597194351832725
4 363 0.0204032681325381
4 381 0.204213930172557
4 447 0.106247300745292
4 486 0.176020942226426
4 489 0.0313864084768838
4 490 0.0277975170817782
4 499 0.347389636634977
5 1 0.0422631813357544
5 4 0.133448894116727
5 8 0.0197927377210471
5 18 0.268055206723413
5 21 0.0419357155768202
5 22 0.135043127270547
5 53 0.0433516877031166
5 61 0.0805537884008895
5 64 0.170162748335792
5 73 0.020977604995766
5 91 0.00943462481619105
5 128 0.182665605758878
5 137 0.0307901516994254
5 147 0.105829216787033
5 167 0.357063645086483
5 220 0.0267792129536275
5 245 0.0479341066087515
5 251 0.265197184511492
5 257 0.00889718339227354
5 277 0.0269830487971465
5 283 0.038008135688233
5 308 0.00380823392161426
5 318 0.0351435933759146
5 324 0.00174348342115302
5 353 0.0537391294832908
5 358 0.0441652162185697
5 395 0.0243235089357236
5 403 0.0576553045797613
5 404 0.164163703507873
5 488 0.00616039908970552
5 493 0.00836960045016379
6 11 0.0058847832227895
6 13 0.0886327206837693
6 19 0.0868056457579004
6 27 0.0744607533450072
6 55 0.0511029550480065
6 77 0.0259740590971684
6 83 0.0981782736027593
6 86 0.336059848075162
6 88 0.0714954202872692
6 121 0.245308195371721
6 125 0.00220770071175689
6 128 0.0958546358204092
6 133 0.308012638290854
6 137 0.174939144143947
6 162 0.00941746918061294
6 167 0.30520484206119
6 173 0.0322066946848773
6 194 0.210466611583184
6 213 0.0820912325593371
6 218 0.234761224124161
6 225 0.0932729614941295
6 231 0.0433488542842155
6 232 0.0186172391868613
6 234 0.0292526944441079
6 249 0.00415720212736301
6 263 0.128714617511616
6 269 0.174706278832852
6 275 0.418175787168064
6 290 0.167162070853945
6 322 0.228381130587334
6 338 0.139510072315561
6 355 0.0493990294467448
6 365 0.193756814761519
6 379 0.151038793712345
6 380 0.0564032224724042
6 388 0.0848612481543206
6 421 0.263933997995586
6 449 0.120464417549585
6 464 0.128392800069906
6 472 0.200141870622535
6 475 0.3359434718771
6 477 0.061160107666664
6 488 0.009576443807617
6 489 0.111043978796712
6 490 0.0711383523587641
6 496 0.0264251815931549
7 3 0.0146860398861213
7 4 0.0385858123018541
7 9 0.0252794536052236
7 13 0.0825285880051704
7 19 0.258260995151974
7 21 0.118940104709012
7 22 0.142661808237734
7 23 0.00889839655425298
7 28 0.0464986552709368
7 45 0.00144229715140197
7 91 0.140413196817
7 100 0.100390402440701
7 105 0.11248592422625
7 125 0.0951380603665527
7 128 0.0858027172365832
7 150 0.0947115367340445
7 163 0.188490905202242
7 246 0.0851750715843708
7 276 0.243729114213178
7 280 0.316677600454959
7 281 0.231974975624162
7 290 0.0284161461477923
7 292 0.0865245353557285
7 348 0.268312587507625
7 363 0.0468143148096252
7 366 0.191213622659157
7 373 0.009847394166667
7 454 0.17621493547323
7 467 0.0239901505289949
7 469 0.155988229419699
7 470 0.221907678063518
7 487 0.0906748864808231
7 489 0.0932071845897546
7 490 0.319803215545441
7 498 0.142344330482162
8 5 0.0197927377210471
8 15 0.0517595850431263
8 18 0.0180785481029402
8 19 0.00361619958291085
8 21 0.00315950541612347
8 22 0.136176333231768
8 23 0.0869452107371027
8 25 0.0824357126371055
8 26 0.0425441691829029
8 32 0.311096371990102
8 48 0.156035948808896
8 75 0.0543962847749096
8 92 0.0795528702492805
8 106 0.0384405116174745
8 122 0.0735753062261661
8 133 0.111746704676856
8 136 0.0297709221016992
8 138 0.111056584161349
8 203 0.244595809649364
8 227 0.105208901272495
8 262 0.127639258763769
8 265 0.0562643196265481
8 275 0.0153237354897306
8 296 0.104427197865921
8 305 0.0278568798908996
8 312 0.179787411738368
8 321 0.182307077764795
8 336 0.0819320688278407
8 355 0.0444238023585778
8 413 0.0190890413720023
8 449 0.0976768638523453
8 486 0.0136954364247861
8 496 0.24508603574829
8 498 0.0627238160745303
9 1 0.0779675710819944
9 4 0.102692397535416
9 7 0.0252794536052236
9 13 0.0120127171922003
9 14 0.149266974874806
9 15 0.0411456588505385
9 21 0.274538724490662
9 26 0.103692450478032
9 67 0.00433507726062423
9 75 0.0627995370981666
9 118 0.00111510495487101
9 127 0.0362788753418027
9 142 0.09631724865666
9 149 0.0593215198786102
9 177 0.0539263853909335
9 204 0.0938182425988627
9 249 0.0369850700114907
9 288 0.0292221702728634
9 305 0.211532641357635
9 339 0.0411395806033904
9 340 0.0214543902916088
9 346 0.0988417560403358
9 373 0.0624387466065995
9 412 0.403281449309015
9 417 0.014071410897473
9 442 0.0349376829796866
9 448 0.0199512994776347
9 484 0.11648159089869
9 491 0.183777400886195
9 492 0.025622412562038
9 495 0.160374154334624
10 0 0.128423069753266
10 1 0.0182050606934293
10 2 0.106946538859088
10 13 0.290838399051099
10 20 0.110790551822981
10 24 0.00897325793102428
10 25 0.488283883633677
10 48 0.134093125963581
10 70 0.0304860399143648
10 73 0.362428266894915
10 114 0.0196032908956736
10 137 0.220868126077712
10 142 0.52246388538655
10 157 0.286159603679669
10 174 0.0887674006264727
10 182 0.00890562455717691
10 202 0.15481435426847
10 236 0.0240248727764772
10 245 0.0335334316609395
10 260 0.0654208740879783
10 264 0.0249391901927785
10 284 0.00810810857265578
10 300 0.131913621700779
10 307 0.00476527969577906
10 342 0.223032078750123
10 353 0.0918810429360955
10 423 0.0398717179670121
10 432 0.132000730044383
10 443 0.0415735461410921
10 456 0.0394750880219895
10 464 0.0313050052551882
10 465 0.183476716686006
10 468 0.0569347539182112
10 486 0.259293972358481
10 488 0.123156591060729
10 494 0.0746485322281193
10 496 0.29255108705585
11 0 0.439784053833896
11 3 0.0613992129935448
11 6 0.0058847832227895
11 16 0.273819887485572
11 19 0.0280692516434653
11 22 0.229064475562308
11 24 0.366078199366446
11 25 0.0351337337795798
11 27 0.259672831293575
11 29 0.0326682495367944
11 56 0.132960134262013
11 105 0.0165291666257856
11 121 0.536771973105653
11 137 0.113278348279223
11 138 0.0332036083313421
11 161 0.0404522000985633
11 174 0.127949310263549
11 182 0.0552487489192218
11 188 0.104998004136735
11 193 0.177638137717212
11 204 0.262893053075197
11 209 0.183783997947919
11 223 0.00616580830292498
11 248 0.122267604343115
11 264 0.0777542016275092
11 267 0.340558648947712
11 284 0.0731165551936253
11 291 0.0371408046858624
11 300 0.21034840562755
11 308 0.375896209233378
11 387 0.00316741727997215
11 429 0.115293226693249
11 487 0.00428755688834439
11 491 0.110901390911785
11 492 0.00727946815348328
11 494 0.00560240775571545
11 496 0.0125128102103742
11 498 0.00483137840154738
12 13 0.0621777634986383
12 17 0.150950369903124
12 28 0.00105121278477289
12 31 0.0429033937857381
12 58 0.000553865116993313
12 61 0.0632865148072833
12 92 0.0235147088966195
12 118 0.439158933928557
12 127 0.0123154430009235
12 129 0.203252279499258
12 141 0.249126797351761
12 151 0.138316882165277
12 169 0.0954131459812059
12 172 0.0512741555348174
12 177 0.0309386609827128
12 184 0.0477002925961698
12 188 0.0527217460689077
12 189 0.0249845607325581
12 192 0.0258899991758488
12 211 0.255501473015777
12 227 0.197234306683342
12 243 0.0371924218013918
12 247 0.189606619249244
12 256 0.0707526534906385
12 263 0.156040995155318
12 286 0.00388764757255173
12 303 0.602998723396357
12 309 0.391548479870837
12 313 0.21428716245968
12 341 0.0245462690285022
12 349 0.142347537680198
12 353 0.193644317970922
12 360 0.00279620041933165
12 384 0.0126547398027357
12 397 0.140299717637754
12 398 0.359193486341582
12 426 0.114611623060403
12 441 0.0676643494060244
12 470 0.0745499087653691
12 476 0.184309801613694
12 495 0.420431563459276
12 499 0.0164888346811551
13 4 0.0640318273931527
13 6 0.0886327206837693
13 7 0.0825285880051704
13 9 0.0120127171922003
13 10 0.290838399051099
13 12 0.0621777634986383
13 18 0.203808303320884
13 19 0.1025653599291
13 31 0.0770981214498759
13 39 0.0308481576908154
13 43 0.0456900711810732
13 71 0.0186089251518283
13 83 0.0181948064104446
13 112 0.0626542645563195
13 113 0.0361488383306557
13 119 0.0360987639642772
13 136 0.016478092035092
13 139 0.150522324113097
13 144 0.0227047764881033
13 153 0.0231302645533243
13 181 0.151298467700088
13 182 0.0624879916318733
13 184 0.180902692998992
13 199 0.158918427856509
13 219 0.175520212034033
13 240 0.111358738465843
13 242 0.0710067449664684
13 249 0.186471257696679
13 262 0.0847303444300497
13 274 0.275641662934691
13 278 0.120319758923091
13 308 0.0995170546571321
13 322 0.104003119045846
13 350 0.00223276504566922
13 356 0.0410201671581111
13 392 0.0573600910239623
13 404 0.125717247053691
13 407 0.246394936222014
13 416 0.0567750124068788
13 435 0.140663971698503
13 441 0.175978353519776
13 465 0.0369759385247707
13 479 0.00994220249955619
13 492 0.107345505670615
13 497 0.0963751959032063
13 498 0.136144204651453
14 3 0.104768945796102
14 9 0.149266974874806
14 16 0.462967789329178
14 17 0.0438057276131022
14 19 0.0805064660124136
14 23 0.0675413463663146
14 24 0.0976679709989279
14 45 0.313351237244175
14 49 0.00807408121951019
14 67 0.0317129985928489
14 71 0.219853624550873
14 78 0.0287599355654798
14 97 0.228872637932174
14 103 0.0269898884022689
14 131 0.19074410781496
14 136 0.16569060516678
14 140 0.324200535980536
14 150 0.0252281388537996
14 183 0.0330183820968891
14 191 0.0153080579876431
14 210 0.0308711914271196
14 217 0.138651431690088
14 221 0.121764227793009
14 231 0.0448704722434011
14 235 0.026138150782126
14 265 0.096979332498833
14 266 0.285350852597379
14 269 0.0257577062856235
14 326 0.0886263545785564
14 385 0.144493967153701
14 393 0.0101183445238911
14 426 0.0367349578138239
14 427 0.0394592597308186
14 438 0.165499102113708
14 450 0.0319084171534425
14 453 0.0409075422952581
14 455 0.0761397539961976
14 489 0.142470197925108
14 497 0.0733482199312207
15 2 0.0736463124533865
15 3 0.191183817418713
15 8 0.0517595850431263
15 9 0.0411456588505385
15 16 0.00431160012134819
15 19 0.00891681818034821
15 21 0.0489582569053338
15 27 0.0833089654153932
15 34 0.0374657708276378
15 44 0.0351483971720004
15 70 0.0335283468121725
15 72 0.0271595513926376
15 73 0.0586151003137074
15 84 0.10665613896749
15 108 0.160837782512643
15 128 0.105976093514958
15 185 0.0819247584435195
15 211 0.141389100220934
15 213 0.0655198682435693
15 223 0.0147730734649685
15 232 0.0386961889913399
15 241 0.124266885814793
15 245 0.166739063101412
15 259 0.429428374866646
15 268 0.0480633743138191
15 300 0.0218967595667826
15 319 0.093829615785668
15 349 0.452010544568015
15 381 0.0836774163256376
15 389 0.0937473787204273
15 437 0.112693755903303
15 446 0.172461877697233
15 447 0.00332527834475117
15 465 0.0630692079737309
15 466 0.0376943343987758
15 471 0.00972828254262855
15 497 0.171760404526048
16 0 0.114192414310796
16 2 0.0837487184651347
16 11 0.273819887485572
16 14 0.462967789329178
16 15 0.00431160012134819
16 20 0.10816194314834
16 22 0.0237858224419954
16 23 0.0347362742052207
16 31 0.187927557317098
16 32 0.0843570085076102
16 33 0.0646895940710628
16 49 0.159952919302603
16 58 0.637914569973456
16 60 0.118356918341167
16 67 0.0257157191378764
16 70 0.186221243756286
16 97 0.00492777381493335
16 99 0.0514365635047319
16 109 0.105263415959088
16 135 0.355777839930395
16 172 0.0119567369720199
16 178 0.00587243550498288
16 188 0.280927119703974
16 219 0.126186954238127
16 277 0.0417531811324876
16 294 0.0928532968703902
16 388 0.0661613448767835
16 412 0.2925949673722
16 438 0.0075540511368609
16 450 0.0474760454154868
16 453 0.0931949498754611
16 459 0.404644266296434
16 462 0.085425306428764
16 464 0.00912937476671053
16 482 0.00373777638562917
17 1 0.133866828383677
17 2 0.094885723544172
17 4 0.114977981695512
17 12 0.150950369903124
17 14 0.0438057276131022
17 18 0.26245302658623
17 20 0.014031477879835
17 21 0.0338840344972558
17 22 0.144022439221544
17 29 0.26978594941052
17 30 0.180908507999642
17 31 0.0666052129666398
17 32 0.0259668286944669
17 34 0.0847933210617467
17 45 0.00917308907565009
17 52 0.330267396205798
17 116 0.0201016295314166
17 119 0.21258738184933
17 153 0.180877901524057
17 168 0.0674670324306848
17 186 0.012117464485146
17 259 0.0112780367604661
17 276 0.0422143970757012
17 279 0.00897179439881934
17 301 0.0389465818689747
17 318 0.0487854931166098
17 345 0.0733793555517031
17 377 0.0349566458953237
17 398 0.0109539468331719
17 425 0.137111231433686
17 437 0.0730836487123873
17 443 0.0429694401514688
17 446 0.106418835407026
17 455 0.0487046171625827
17 485 0.0171636925940212
18 1 0.0819907716414847
18 2 0.00291339588191731
18 4 0.129866491441495
18 5 0.268055206723413
18 8 0.0180785481029402
18 13 0.203808303320884
18 17 0.26245302658623
18 21 0.0833085056807155
18 22 0.131896850338449
18 23 0.00729388048471686
18 24 0.00652289143577611
18 25 0.0251048270367606
18 27 0.0676640486576995
18 29 0.0382167760431134
18 30 0.00300827088169325
18 31 0.108309498309184
18 35 0.274383974525462
18 112 0.0603289430264867
18 124 0.110621100823154
18 159 0.06692509625003
18 238 0.0333772901040561
18 267 0.0467164928004253
18 310 0.0254271747034982
18 317 0.0251218040841747
18 339 0.102056717867831
18 387 0.186637537686615
18 400 0.337524538184247
18 413 0.396515073771644
18 429 0.0833641719616284
18 435 0.00316216943561732
18 464 0.152752272702536
18 487 0.124745459850362
19 6 0.0868056457579004
19 7 0.258260995151974
19 8 0.00361619958291085
19 11 0.0280692516434653
19 13 0.1025653599291
19 14 0.0805064660124136
19 15 0.00891681818034821
19 23 0.044651155387845
19 32 0.235991084569229
19 35 0.106508434742448
19 50 0.0792444190015966
19 64 0.0282976735495094
19 151 0.350782220884708
19 166 0.00790522443579822
19 199 0.188908431040829
19 206 0.0781660624895362
19 219 0.0912841613298398
19 265 0.251579523255444
19 273 0.12027974855953
19 285 0.0315799420018871
19 309 0.058170872571099
19 327 0.183193550734729
19 331 0.0442485643748228
19 347 0.140906337662734
19 389 0.0308715473618779
19 393 0.0303402219661198
19 406 0.0118005994953267
19 437 0.053126354307394
19 459 0.000293831912736569
19 464 0.0621832589988067
19 466 0.185855975117989
19 486 0.0616039941915312
19 491 0.031912571057084
20 10 0.110790551822981
20 16 0.10816194314834
20 17 0.014031477879835
20 21 0.00288100415409709
20 27 0.226185714763103
20 30 0.0387646496834939
20 31 0.289999837634041
20 35 0.0651880440577433
20 36 0.0575585937607939
20 39 0.0992433894220829
20 43 0.166269541668204
20 49 0.0640812488091241
20 61 0.148518595089577
20 62 0.0702990863708859
20 85 0.00814958795945268
20 118 0.0419386034491921
20 119 0.0222043120061022
20 141 0.0502030915793517
20 150 0.13629845049701
20 187 0.0453066273833894
20 189 0.00912517951362249
20 195 0.0290983201583224
20 199 0.0106867371709224
20 225 0.135877019593742
20 263 0.0977462851967467
20 269 0.285023771921491
20 348 0.0714855954133907
20 352 0.319109784551933
20 369 0.0328343303844483
20 387 0.0107740010802729
20 396 0.0994680816883758
20 401 0.0490435392815059
20 417 0.0683268031055299
20 431 0.0871892135776545
20 456 0.0170160642927488
20 460 0.123490455342049
20 492 0.102879566541002
21 3 0.0682999813154832
21 5 0.0419357155768202
21 7 0.118940104709012
21 8 0.00315950541612347
21 9 0.274538724490662
21 15 0.0489582569053338
21 17 0.0338840344972558
21 18 0.0833085056807155
21 20 0.00288100415409709
21 24 0.282074617062314
21 26 0.0104649885897346
21 31 0.0659753413279742
21 32 0.0955136284188747
21 34 0.202849837231679
21 35 0.0415244937470775
21 153 0.0804573592038144
21 162 0.0690731122265129
21 185 0.236299510464734
21 201 0.0429615992412035
21 215 0.0205065986439972
21 229 0.00538288420500476
21 230 0.0895839350701248
21 243 0.340718149008693
21 281 0.0911154572749835
21 292 0.170907828208973
21 313 0.0214091338364799
21 324 0.124624351862973
21 351 0.00349354058266052
21 352 0.0484135816850771
21 357 0.139600909970549
21 376 0.155109417858349
21 382 0.0251586180087301
21 388 0.0850229715436516
21 398 0.115143091737629
21 399 0.117802273863525
21 431 0.135029558107305
21 435 0.067963764492679
21 440 0.0411609733889274
21 477 0.0269681710330552
21 495 0.00901867956769685
22 0 0.241652598168671
22 5 0.135043127270547
22 7 0.142661808237734
22 8 0.136176333231768
22 11 0.229064475562308
22 16 0.0237858224419954
22 17 0.144022439221544
22 18 0.131896850338449
22 29 0.260604929485949
22 37 0.0205061595270019
22 62 0.336945147102695
22 99 0.0713579083824619
22 103 0.170254520689906
22 118 0.481069850825868
22 155 0.0712686603283678
22 204 0.215243891679911
22 217 0.101245340966633
22 218 0.0797808508626616
22 228 0.000796276222802692
22 249 0.0432680643263627
22 259 0.211634657210225
22 295 0.166641530354243
22 300 0.0339624693844042
22 307 0.101287399714113
22 312 0.089123717935694
22 313 0.0738160585894304
22 320 0.0758176069189074
22 329 0.00548308518179327
22 350 0.0191776748932118
22 368 0.0239291436552515
22 396 0.141376999080118
22 417 0.0398977186831719
22 430 0.074746783966562
22 457 0.0797808995201843
22 464 0.0979611795992128
22 486 0.00158815936544103
23 7 0.00889839655425298
23 8 0.0869452107371027
23 14 0.0675413463663146
23 16 0.0347362742052207
23 18 0.00729388048471686
23 19 0.044651155387845
23 25 0.3486371446905
23 26 0.0516125355470005
23 34 0.108026644871446
23 37 0.394432941488687
23 53 0.0280266729300457
23 59 0.0421525348972977
23 76 0.215196886453514
23 78 0.0600248333119358
23 120 0.0277301696130841
23 163 0.143336310674687
23 165 0.103136818873391
23 197 0.0306986541595332
23 220 0.120805243046874
23 225 0.0646009974822124
23 233 0.0260858913838184
23 240 0.252174779549668
23 248 0.0713303245218213
23 277 0.0128250393601844
23 285 0.241252526226003
23 297 0.0275348767091364
23 307 0.0565076653736371
23 312 0.067235150353342
23 322 0.0371506584647026
23 345 0.0367121941206882
23 346 0.0507571747971705
23 357 0.172112788603339
23 361 0.0632508939651198
23 399 0.0881077145554796
23 407 0.00367213160448148
23 429 0.341958301467286
23 435 0.11696251791637
23 443 0.0602212628654488
23 457 0.180364927404065
23 458 0.0461364587804321
23 465 0.0151948612911435
24 4 0.232386898408147
24 10 0.00897325793102428
24 11 0.366078199366446
24 14 0.0976679709989279
24 18 0.00652289143577611
24 21 0.282074617062314
24 27 0.0593484876023046
24 30 0.0159596895814662
24 31 0.460009499886238
24 34 0.157416634429208
24 42 0.00252341204837623
24 52 0.025119434457593
24 57 0.00631843390246104
24 71 0.111223327850679
24 127 0.210527136165583
24 138 0.317047449012801
24 160 0.0290882206162075
24 255 0.136254636673116
24 315 0.00561188358576422
24 320 0.168692335224295
24 334 0.357272194194247
24 357 0.0196924337305363
24 358 0.0444942723586936
24 401 0.211031707657213
24 406 0.0979952209506146
24 415 0.131008205585625
24 441 0.00653616107642368
24 444 0.15160555709243
24 470 0.0932177201301863
25 8 0.0824357126371055
25 10 0.488283883633677
25 11 0.0351337337795798
25 18 0.0251048270367606
25 23 0.3486371446905
25 34 0.0319961617144976
25 35 0.162173547501818
25 36 0.000444151585892132
25 40 0.229194365634549
25 56 0.0506139815003644
25 77 0.0262053332758231
25 101 0.309216559022858
25 144 0.0819767727066745
25 151 0.0469845494663997
25 169 0.413968090342304
25 178 0.0321396936459904
25 194 0.0388424532989956
25 200 0.0991960257133089
25 206 0.203012631424949
25 259 0.0431614758888369
25 260 0.0633214879300949
25 264 0.0186381788189934
25 292 0.0177149962378348
25 295 0.0738427541752624
25 302 0.121441012321821
25 319 0.00471076018371311
25 337 0.129465149061018
25 353 0.0433689398674198
25 354 0.212566944756345
25 379 0.0457515876212693
25 386 0.0882218592059786
25 396 0.106987904243368
25 410 0.115316988194518
25 411 0.355416836960242
25 412 0.0461418933282195
25 423 0.11396314436828
25 426 0.0434673426046366
25 429 0.355663255072699
25 446 0.0548110459155441
25 463 0.0161335745617965
25 467 0.0249249813352733
26 1 0.036428652382059
26 8 0.0425441691829029
26 9 0.103692450478032
26 21 0.0104649885897346
26 23 0.0516125355470005
26 28 0.179574118862648
26 32 0.00936684465474738
26 35 0.108493921735862
26 36 0.133422092556642
26 38 0.0204381489907438
26 47 0.094693909855529
26 52 0.00182660985226514
26 63 0.00941031871740446
26 88 0.0316595014696849
26 113 0.0493483461915075
26 175 0.014044626920939
26 203 0.00635681071178801
26 251 0.577289072905522
26 269 0.141486253831831
26 283 0.100056586178538
26 289 0.0165902156326839
26 298 0.0104475415608452
26 361 0.167859080898347
26 378 0.0237166029388765
26 384 0.0320675735154315
26 391 0.0328882639845399
26 442 0.0131019924322246
26 467 0.0337450294763195
26 493 0.0204327857899769
27 6 0.0744607533450072
27 11 0.259672831293575
27 15 0.0833089654153932
27 18 0.0676640486576995
27 20 0.226185714763103
27 24 0.0593484876023046
27 28 0.0671719544943316
27 29 0.0965658680725775
27 31 0.0856944587912394
27 35 0.0769105895393512
27 77 0.0521537409763722
27 82 0.0917781602271611
27 83 0.0727214135934326
27 99 0.0156842218451128
27 107 0.105050841075673
27 110 0.279585054355468
27 146 0.310340095162905
27 152 0.0762097284727082
27 167 0.147656612580873
27 197 0.0765600455383032
27 210 0.123188044414132
27 212 0.216256943781127
27 240 0.24373331429177
27 244 0.0104759551398418
27 252 0.222696241727368
27 258 0.0216959389795774
27 282 0.0731435578316335
27 294 0.0261422046651588
27 316 0.0640875864959315
27 350 0.22175756425
27 373 0.0850958808551707
27 386 0.506344429527587
27 415 0.0136167279364402
27 499 0.000565174998551476
28 7 0.0464986552709368
28 12 0.00105121278477289
28 26 0.179574118862648
28 27 0.0671719544943316
28 30 0.174050429490678
28 35 0.183276870888814
28 40 0.098601666455047
28 62 0.142865229506201
28 89 0.0237618378773568
28 96 0.022874501926214
28 116 0.108661169294174
28 136 0.121685580016943
28 147 0.260864008830256
28 151 0.170217341963806
28 152 0.0885226215907028
28 168 0.0662939315220547
28 173 0.241860185874393
28 175 0.0696204564162301
28 192 0.0782334967141012
28 193 0.190669867303291
28 212 0.161325382943686
28 218 0.290782740722756
28 230 0.0305424743332506
28 258 0.117680313705953
28 287 0.10757820766154
28 288 0.00146942267664495
28 302 0.0756259407291076
28 332 0.120429111718479
28 341 0.4784565091497
28 362 0.0818494727221764
28 378 0.0473367868530201
28 379 0.0125209044967005
28 381 0.0379512644775952
28 416 0.0239235208732799
28 433 0.0261244157824775
28 461 0.0716376919064551
28 478 0.0587757260535961
29 11 0.0326682495367944
29 17 0.26978594941052
29 18 0.0382167760431134
29 22 0.260604929485949
29 27 0.0965658680725775
29 36 0.00141302093307574
29 41 0.157593346086577
29 57 0.0622408725197089
29 62 0.195418671625745
29 65 0.00985313508413005
29 88 0.016571758881816
29 129 0.00366508019046744
29 150 0.152830039055839
29 191 0.0665257770083541
29 195 0.00171569687637066
29 212 0.0278689579423265
29 218 0.168803935962544
29 232 0.0418762548037308
29 239 0.0845171974123857
29 244 0.0818765679025342
29 246 0.146412039035799
29 276 0.00867932023311363
29 287 0.00130428689405948
29 306 0.114389981179824
29 315 0.283220864218063
29 340 0.0926541195898391
29 377 0.0207573131388367
29 453 0.013631123017998
29 454 0.00620641953691229
29 461 0.0165322549644145
29 463 0.0353213019923966
29 489 0.105912733996497
29 499 0.310876118591669
30 17 0.180908507999642
30 18 0.00300827088169325
30 20 0.0387646496834939
30 24 0.0159596895814662
30 28 0.174050429490678
30 39 0.0262153546454266
30 45 0.0232457829175385
30 48 0.10714411980871
30 72 0.240003013239959
30 93 0.0887436133949776
30 111 0.0708002829747469
30 153 0.10091334470936
30 173 0.0154601319985824
30 188 0.180443515860335
30 195 0.0619205722135555
30 240 0.0284023706579885
30 248 0.0649096331485056
30 251 0.146873868664066
30 307 0.453484940030188
30 310 0.0214050496308784
30 324 0.106575522958927
30 346 0.119549145835513
30 350 0.0982026707335876
30 357 0.109396657735661
30 373 0.0462144190024367
30 376 0.0542199110509264
30 377 0.0613034409374593
30 455 0.0447527227876311
30 466 0.163186233686802
30 487 0.0814392988318468
30 489 0.0303597396242531
31 12 0.0429033937857381
31 13 0.0770981214498759
31 16 0.187927557317098
31 17 0.0666052129666398
31 18 0.108309498309184
31 20 0.289999837634041
31 21 0.0659753413279742
31 24 0.460009499886238
31 27 0.0856944587912394
31 32 0.137895873222906
31 33 0.0692641606260625
31 34 0.144714098858471
31 35 0.0840447974174248
31 39 0.0355958662686547
31 40 0.045752914534481
31 41 0.0535309945997541
31 60 0.209468737535107
31 99 0.00876972910979864
31 112 0.0490321176282252
31 178 0.247306526917217
31 202 0.176942679666273
31 208 0.146099816138846
31 212 0.0603358771072441
31 221 0.0313237211288233
31 240 0.15364385357564
31 247 0.121600579961434
31 266 0.372891208676808
31 296 0.133882214455933
31 307 0.101148554900345
31 309 0.27194712272634
31 380 0.0465617032374568
31 385 0.00627762226009063
31 397 0.0192604083972089
31 414 0.111729516373407
31 444 0.0280539469922825
31 456 0.0107843355814185
31 459 0.015791163710576
31 489 0.318454865789008
31 498 0.0896222894922301
32 8 0.311096371990102
32 16 0.0843570085076102
32 17 0.0259668286944669
32 19 0.235991084569229
32 21 0.0955136284188747
32 26 0.00936684465474738
32 31 0.137895873222906
32 46 0.284519629027401
32 49 0.0475307441609181
32 55 0.0891839126516615
32 71 0.530472913889938
32 80 0.148860795229918
32 92 0.163732113153
32 94 0.0138230506251718
32 138 0.0195068612453245
32 162 0.345263597569855
32 172 0.0757200145800361
32 188 0.0251010323603457
32 197 0.225012905201541
32 200 0.0277183731297361
32 201 0.097225276599053
32 208 0.0104782846744331
32 232 0.209790992472024
32 248 0.102569785039789
32 250 0.196031878117187
32 257 0.10457166831248
32 282 0.31720932139469
32 326 0.109125893318147
32 337 0.0792756891873323
32 350 0.355368222035132
32 357 0.02364962537852
32 371 0.370545151772493
32 379 0.154418475540183
32 393 0.100870380484065
32 404 0.00744513948873949
32 407 0.231928012497914
32 419 0.11398928859014
32 438 0.00428809747172961
32 441 0.0755816045310345
32 470 0.243639854654414
32 482 0.0697227796911194
33 16 0.0646895940710628
33 31 0.0692641606260625
33 34 0.0700991914083487
33 40 0.0537720631785568
33 47 0.219433843239092
33 83 0.0556646977647376
33 86 0.101911264107157
33 99 0.0306831674694197
33 126 0.035371373142797
33 127 0.092704335533453
33 180 0.443529709819545
33 187 0.0602213273114246
33 188 0.208310097686357
33 204 0.0623354597508732
33 206 0.0965778512898583
33 208 0.00923578203481346
33 212 0.02342194901725
33 214 0.104453026164359
33 233 0.0812513348343579
33 246 0.0124263514102929
33 256 0.0715761485530502
33 261 0.0740376742514251
33 309 0.170406518609866
33 319 0.162514819271967
33 371 0.0848040061450259
33 381 0.0976556475454684
33 395 0.102955973543675
33 396 0.228914124104001
33 412 0.035498656738649
33 416 0.038243665970441
33 431 0.148463906147263
33 459 0.109412900668336
33 468 0.0071661545753712
33 470 0.0820009338533191
33 473 0.0275080908140956
33 498 0.218876290994617
33 499 0.0652071109432426
34 15 0.0374657708276378
34 17 0.0847933210617467
34 21 0.202849837231679
34 23 0.108026644871446
34 24 0.157416634429208
34 25 0.0319961617144976
34 31 0.144714098858471
34 33 0.0700991914083487
34 35 0.354979394275822
34 37 0.0555262590190583
34 41 0.0797878994179407
34 49 0.0806135764183681
34 54 0.0228338759136053
34 57 0.0321701986079839
34 66 0.0701962499787494
34 76 0.466998036000152
34 102 0.326329462285834
34 127 0.00763859997424594
34 129 0.00908656831236716
34 144 0.000414037468928537
34 160 0.0160249808872598
34 168 0.14317544848371
34 205 0.225842427772822
34 210 0.215224418904116
34 215 0.0672240198480246
34 225 0.306947568893961
34 228 0.0179945206687174
34 259 0.102152696576855
34 277 0.00751557580710063
34 291 0.0746246533033418
34 311 0.0151064945690371
34 335 0.193994314570831
34 355 0.0376037223003206
34 383 0.150403178926488
34 392 0.0287174230091076
34 408 0.040877775657685
34 426 0.241623405244155
34 430 0.144123242076875
34 456 0.0727112526906181
34 459 0.0653293377214175
34 460 0.0497795322569956
34 465 0.00855613360506286
35 18 0.274383974525462
35 19 0.106508434742448
35 20 0.0651880440577433
35 21 0.0415244937470775
35 25 0.162173547501818
35 26 0.108493921735862
35 27 0.0769105895393512
35 28 0.183276870888814
35 31 0.0840447974174248
35 34 0.354979394275822
35 39 0.169469784644786
35 43 0.118044668239607
35 46 0.0739010909347409
35 53 0.0768085564246898
35 87 0.236766707773349
35 100 0.0791728946199393
35 105 0.154744579992642
35 129 0.0191375232546944
35 155 0.0508937734779691
35 160 0.101928557575775
35 167 0.0404684044899905
35 169 0.173440424979524
35 176 0.005785288241868
35 192 0.0625752881313763
35 205 0.0306352726728161
35 233 0.0808082734744859
35 238 0.0987625633046967
35 261 0.298721276477439
35 278 0.0113722336592892
35 284 0.0606809209167652
35 314 0.107094124805977
35 318 0.0878076372497945
35 370 0.188971231352735
35 463 0.00545091871631851
35 478 0.00964171514956268
36 20 0.0575585937607939
36 25 0.000444151585892132
36 26 0.133422092556642
36 29 0.00141302093307574
36 40 0.117131337674581
36 44 0.0332371693960855
36 49 0.0584907268885474
36 51 0.0713863048482563
36 52 0.00615521077036694
36 68 0.0612489456205003
36 155 0.280954230700638
36 159 0.0442254051425102
36 194 0.133180611766439
36 205 0.0658823687219295
36 255 0.0161754043612678
36 264 0.218636055233633
36 299 0.0383156964852366
36 300 0.0578153465726283
36 315 0.0116178023460514
36 481 0.0740262163695362
37 22 0.0205061595270019
37 23 0.394432941488687
37 34 0.0555262590190583
37 38 0.010718096276364
37 40 0.0248462567609233
37 43 0.0174443858126732
37 49 0.115670984847034
37 55 0.116403307810441
37 66 0.0319669715811666
37 85 0.0448327334574384
37 86 0.0364304427195247
37 101 0.0561692069670867
37 128 0.19461713029415
37 130 0.111593774924839
37 145 0.102750641682048
37 157 0.00232252428872107
37 194 0.015039629001178
37 197 0.0632546026158083
37 214 0.106187013739404
37 216 0.0349847524433204
37 221 0.0548780765543747
37 229 0.00416946488801974
37 255 0.00554338560036954
37 276 0.00389920863771101
37 343 0.0616309922782105
37 346 0.0593267004191404
37 359 0.0746233219126673
37 376 0.195505655148295
37 377 0.0591862552328868
37 382 0.196276952203971
37 412 0.0128677607192007
37 433 0.0830462739542046
37 465 0.0710971979041603
37 481 0.0897727908920022
38 0 0.100122476369509
38 26 0.0204381489907438
38 37 0.010718096276364
38 40 0.0590089271560743
38 44 0.0707460096122834
38 48 0.0313062179989834
38 73 0.287061889099025
38 86 0.397663584929182
38 98 0.15360439704686
38 105 0.0412825841566061
38 116 0.0726734612122361
38 150 0.0473310740101551
38 155 0.0558414465517102
38 158 0.196889391623545
38 160 0.0158446563019755
38 178 0.0704530469060964
38 179 0.0971737944103965
38 198 0.339631112235362
38 200 0.262407803630586
38 242 0.0120209094014512
38 268 0.0415284742070277
38 298 0.0117612482220103
38 300 0.048503503036027
38 321 0.101034339460364
38 350 0.211301146134104
38 389 0.145710738700737
38 404 0.0814203428351782
38 440 0.053537300396016
38 458 0.0710606410611332
38 461 0.0454512665972003
38 484 0.0928357321860626
38 495 0.0545583336757439
39 13 0.0308481576908154
39 20 0.0992433894220829
39 30 0.0262153546454266
39 31 0.0355958662686547
39 35 0.169469784644786
39 42 0.0894309525607123
39 44 0.0186602405272336
39 46 0.0371771089463211
39 49 0.13789052631852
39 51 0.158247945252829
39 53 0.100958683217981
39 55 0.235595410650984
39 56 0.185144610221086
39 63 0.0293118242072429
39 70 0.226796806589298
39 90 0.0055324793247058
39 142 0.0331922974508882
39 155 0.0193922192285229
39 158 0.527238781258023
39 169 0.0560053395534649
39 187 0.365624051727984
39 212 0.0616587638617335
39 224 0.129770427468748
39 227 0.00651833434826753
39 234 0.0354481002204904
39 271 0.0300369427845818
39 312 0.0372446018275018
39 314 0.0281156000125019
39 318 0.00086910110479329
39 325 0.123316314421831
39 339 0.41158439156693
39 384 0.0323326695100099
39 393 0.00247469208253927
39 396 0.119355501743068
39 401 0.0326544814764134
39 446 0.156759896351959
39 468 0.0523360681313935
39 469 0.179916139914102
39 495 0.00681956595706904
40 25 0.229194365634549
40 28 0.098601666455047
40 31 0.045752914534481
40 33 0.0537720631785568
40 36 0.117131337674581
40 37 0.0248462567609233
40 38 0.0590089271560743
40 41 0.0499042925993537
40 42 0.072299737986681
40 43 0.172631101892062
40 48 0.224317074399952
40 52 0.0240461475878268
40 55 0.13006376403062
40 58 0.101409304835652
40 71 0.24068448134036
40 77 0.0424102965959814
40 88 0.0569844677474632
40 95 0.205299494850788
40 124 0.0860825738200683
40 137 0.028187175138318
40 142 0.0195171816167179
40 173 0.0225298398458945
40 181 0.172647005688533
40 276 0.0601034721479379
40 374 0.319370767177252
40 392 0.183705172165717
40 400 0.0677517961713085
40 455 0.0560860578394704
40 456 0.0244101096359245
40 466 0.0385089035787434
40 482 0.218020429265386
41 29 0.157593346086577
41 31 0.0535309945997541
41 34 0.0797878994179407
41 40 0.0499042925993537
41 48 0.0125454651603843
41 54 0.0402363779256065
41 55 0.0360920467439766
41 59 0.0232219221597403
41 82 0.066140483008969
41 92 0.415251401267893
41 97 0.0453913313189323
41 99 0.0287884666478452
41 108 0.150978599890099
41 120 0.0875660204921518
41 121 0.0108021730666093
41 150 0.0582650934592618
41 169 0.0028140410125675
41 185 0.0400148826704966
41 192 0.0370266562613217
41 200 0.0663112625263078
41 218 0.0599236396770743
41 226 0.054238053339571
41 228 0.0175038455173719
41 232 0.0961687728159396
41 242 0.0506818679105525
41 245 0.00275354191564987
41 253 0.10128959402086
41 260 0.0790566897973901
41 263 0.0816381352165051
41 270 0.0934108583603779
41 298 0.0867293636490766
41 320 0.259143641259256
41 330 0.39676575528088
41 374 0.434920730253999
41 413 0.169624466759148
41 414 0.0220070609243769
41 415 0.223873191990678
41 444 0.123595383797406
41 447 0.0506088193330797
41 448 0.0605033840489252
41 465 0.00536371424962789
41 478 0.0449149008058524
41 486 0.0261675753065913
42 24 0.00252341204837623
42 39 0.0894309525607123
42 40 0.072299737986681
42 46 0.103748153593735
42 47 0.00146123490278583
42 50 0.020505079011247
42 51 0.0668842670692165
42 59 0.107349978653326
42 61 0.108262224081447
42 190 0.00771531935773053
42 206 0.0686442928924974
42 212 0.295446863233702
42 228 0.156805587572647
42 244 0.0641970978254778
42 250 0.0801744709139307
42 265 0.0292833505475098
42 280 0.211787985124715
42 283 0.637551298908913
42 295 0.0145394001174299
42 298 0.134861897816082
42 301 0.131430551908009
42 321 0.0155548399435778
42 328 0.0726521827181802
42 341 0.00452358435713768
42 343 0.0954598022279149
42 348 0.00661525443069318
42 353 0.0255645313270605
42 356 0.0240851923125019
42 367 0.00878527044638311
42 378 0.0914242317516188
