0 5 0.157525764919122
0 11 0.0143609920229768
0 53 0.032216385401428
0 117 0.0626578445874479
0 167 0.0891716814418129
0 254 0.0129575897135088
0 274 0.0104074242880117
0 287 0.182417947161748
0 329 0.0151201245030374
0 346 0.0279864230854721
0 401 0.0640186320118649
0 405 0.115899756854039
0 415 0.0291570686508806
0 432 0.0239124003087731
0 449 0.189641519242069
0 474 0.0735420755254017
0 531 0.0149875305758123
0 548 0.0515035575805258
0 576 0.0801810585232498
0 600 0.248144939685527
0 673 0.0805740751727922
0 675 0.0644376788264223
0 704 0.148018406454105
0 734 0.109789057347477
0 739 0.0444735792301496
0 740 0.118741189569247
0 741 0.00743315303324666
0 742 0.0682665457940381
0 743 0.119756402054048
0 747 0.0219518797909654
0 748 0.0894119052533497
0 749 0.0331395081781915
1 12 0.0170793965516832
1 18 0.0102098833736433
1 32 0.0315978309027165
1 39 0.0404667781284292
1 51 0.00149267480196119
1 65 0.0202090321583887
1 94 0.00506770381627782
1 115 0.0225732505982192
1 186 0.143417275817042
1 211 0.29583715216749
1 227 0.174162115838983
1 256 0.0622203338268022
1 268 0.117016638805247
1 286 0.0222312637575933
1 305 0.0347697501736084
1 311 0.070614173128811
1 321 0.0656318880029226
1 382 0.431810502252115
1 386 0.140393835265613
1 391 0.0242332774755243
1 412 0.182109332017488
1 445 0.0773818109451812
1 469 0.0450822093873064
1 506 0.0757669419941577
1 512 0.00258724886797298
1 542 0.0743407586598506
1 546 0.00103556752992905
1 683 0.0740358669451099
1 690 0.101454784023698
1 700 0.0439597745013705
1 728 0.0264242539937061
1 738 0.0102640873464325
1 741 0.103058538568269
1 744 0.0400305569024982
1 747 0.0376920297328108
2 5 0.0486900241580854
2 7 0.04264324586793
2 12 0.163123426299599
2 13 0.0171228154540361
2 16 0.0623024005416534
2 18 0.0166006779021286
2 27 0.0718383830580235
2 56 0.000989392406510375
2 66 0.0504380003587633
2 70 0.0492443412325981
2 92 0.199420086502392
2 94 0.0509196658488699
2 107 0.113155881335008
2 197 0.172447701452125
2 201 0.0353795245917221
2 251 0.261899906499035
2 259 0.00917444294305411
2 341 0.00829967869745607
2 352 0.169433216102003
2 499 0.053318234969114
2 510 0.186669550809752
2 559 0.0345577770606875
2 575 0.0107503001074485
2 618 0.0133977952607599
2 631 0.0287288023575876
2 662 0.0225318972209144
2 667 0.0570773726277578
2 709 0.0954788275453989
2 736 0.232170077248177
2 741 0.0136240447228352
2 747 0.036267690283528
2 748 0.108483985552726
2 749 0.0262356130517092
3 9 0.116292342700212
3 13 0.0545537320440754
3 14 0.00317709294537458
3 19 0.138493003972954
3 63 0.036837273648771
3 131 0.00909482977016587
3 142 0.147761304851922
3 208 0.00144964943636705
3 212 0.0356692739014147
3 231 0.11863650965493
3 240 0.010699257446984
3 277 0.00102485232828826
3 316 0.0541764026590227
3 319 0.0610363012220146
3 337 0.12639669079187
3 366 0.0313026732053139
3 395 0.123868497135512
3 400 0.101253559916694
3 510 0.0291084518023697
3 558 0.277321839864004
3 572 0.198913674696468
3 604 0.235440222050623
3 695 0.141068844484253
3 737 0.0885525922435055
3 742 0.0406593311697446
3 743 0.00541941284514908
3 748 0.0305374372035302
4 10 0.0481902901091351
4 11 0.132656318687527
4 15 0.0372187757655716
4 16 0.0690614293157279
4 18 0.0487038206026262
4 19 0.0115596193540671
4 107 0.00845222025121633
4 120 0.0131018401762327
4 179 0.270566390128301
4 196 0.114762826530984
4 197 0.0977634374398324
4 200 0.00358947085836251
4 251 0.0137055934379517
4 269 0.0227371382411086
4 278 0.063104914270742
4 307 0.198846727080652
4 345 0.0586266850013335
4 359 0.0188339512621763
4 390 0.176070051147239
4 415 0.00166499948217438
4 436 0.0820081347332098
4 493 0.0191466311188809
4 508 0.431426536384848
4 538 0.108234671335236
4 561 0.070503410027536
4 569 0.0248138962797407
4 590 0.0725372684986457
4 625 0.0456780840945162
4 677 0.0906880158606359
4 684 0.0842831729826433
4 738 0.0182694395311831
4 739 0.0708001294225332
4 741 0.107793972416473
4 743 0.0341742392433213
5 0 0.157525764919122
5 2 0.0486900241580854
5 12 0.151834373150024
5 62 0.340989171809313
5 107 0.0493737820792393
5 120 0.169477704936366
5 127 0.169565901229487
5 138 0.131193840961367
5 141 0.0691206375478395
5 186 0.0447009586166124
5 217 0.326548224830192
5 249 0.00205481881245439
5 313 0.000914699953868672
5 317 0.0183705301038482
5 319 0.0156778775277193
5 341 0.098725086413716
5 460 0.0282153598042633
5 501 0.121334777131041
5 534 0.00838907597159411
5 548 0.122044981254935
5 559 0.0159944965303614
5 575 0.0140390512854288
5 586 0.0165366934240552
5 587 0.0131640550165703
5 589 0.00307114898950729
5 655 0.0940688505012498
5 729 0.0973475947043441
5 749 0.0315626883342465
6 7 0.0327021698962852
6 10 0.0559628848413834
6 11 0.00122797531588266
6 15 0.0705881877841986
6 18 0.0551958050904593
6 22 0.0920296752009461
6 28 0.206989134871661
6 44 0.0424960577648538
6 107 0.0721108946692394
6 122 0.056817439005354
6 148 0.16280280564496
6 233 0.064369060759596
6 250 0.0549261826319533
6 284 0.115888417806704
6 354 0.246125788495554
6 403 0.0101044525094706
6 456 0.0821747962776141
6 508 0.0411288890192463
6 533 0.0440291719302419
6 549 0.0140710825645056
6 577 0.112764338627145
6 587 0.202120926625313
6 603 0.0851688024280453
6 671 0.0388559653786878
6 741 0.221907447812579
6 743 0.060189159657098
6 747 0.038967390231385
6 748 0.0347095418396092
7 2 0.04264324586793
7 6 0.0327021698962852
7 10 0.0217345914088258
7 16 0.425896083115223
7 17 0.215450484272299
7 19 0.0453452681310749
7 21 0.155066603344865
7 31 0.127211838376488
7 43 0.0036679692848844
7 62 0.143042511883774
7 72 0.0344613854763289
7 96 0.00229423723594221
7 129 0.0604529211527433
7 131 0.201866220707451
7 203 0.00114258946508671
7 208 0.0711379299099323
7 238 0.0291862613101461
7 239 0.0686003530621139
7 244 0.0841305977596002
7 248 0.193618915530705
7 266 0.0082383546004426
7 274 0.200657689679128
7 278 0.0785039676578649
7 280 0.0152227380757498
7 281 0.16794071252631
7 308 0.0404158334609409
7 338 0.0202897107711535
7 347 0.0680130925113221
7 383 0.0759515741281418
7 421 0.0336705333084976
7 472 0.235199382629449
7 488 0.0187560597983736
7 489 0.0289622775592578
7 577 0.101612927814273
7 579 0.183554689069755
7 645 0.00475448995927571
7 665 0.300207711451741
7 684 0.00445045988743483
7 695 0.211866769351964
7 721 0.102540175744173
7 741 0.0183882419198507
7 746 0.0444735195493538
8 15 0.0348150420403416
8 16 0.0237978323042284
8 17 0.0683320048470406
8 19 0.113628367346874
8 21 0.0660562509835828
8 36 0.0980853603970145
8 144 0.193493558916668
8 159 0.0176172964822563
8 160 0.0394239949140923
8 167 0.1352289028429
8 210 0.00787369022902639
8 291 0.00752281999432869
8 319 0.0494654043430159
8 346 0.138319300930925
8 364 0.00211775592779192
8 494 0.0253498414264717
8 496 0.0591943069541784
8 643 0.0240000200990594
8 650 0.00887903714918479
8 654 0.0149512798202802
8 667 0.0284557728662705
8 669 0.0737050931752811
8 703 0.0755470549322551
8 744 0.0486970840793506
9 3 0.116292342700212
9 10 0.0128148142085403
9 17 0.00924970026470709
9 19 0.0707399540707365
9 20 0.167392522807479
9 23 0.0682467250928514
9 24 0.0102524219338673
9 41 0.179582524007242
9 52 0.218614263625197
9 120 0.0374697581367776
9 124 0.100873792949779
9 158 0.0111643069426451
9 189 0.0129821307284408
9 231 0.110134819692581
9 258 0.0132364477839178
9 313 0.210160159602991
9 316 0.129870586913319
9 364 0.07815188853749
9 369 0.0100982031178724
9 410 0.0479026227946769
9 443 0.006090990493723
9 457 0.179567398021282
9 467 0.310762117293087
9 532 0.00783069476911616
9 552 0.0451405485520427
9 553 0.204004232967899
9 563 0.00976131959658821
9 575 0.14702606071446
9 588 0.184323071161441
9 604 0.0788769144816253
9 621 0.0971286556229925
9 636 0.101538112166741
9 649 0.00801629576168327
9 665 0.0011639725654829
9 698 0.0403222573397854
9 747 0.127093306755189
10 4 0.0481902901091351
10 6 0.0559628848413834
10 7 0.0217345914088258
10 9 0.0128148142085403
10 11 0.00759646993606311
10 13 0.124555286728548
10 18 0.0297172291871247
10 23 0.146386910611706
10 49 0.0110789823166828
10 57 0.0381637338470939
10 65 0.050662306881958
10 68 0.00471192324021346
10 174 0.0339891693800708
10 177 0.117585337818709
10 273 0.13021611475838
10 305 0.00588466834302931
10 306 0.00318286574240404
10 314 0.0211691574862812
10 360 0.00817027567924344
10 405 0.00558950318605977
10 442 0.0134035715437628
10 467 0.0249279666052043
10 519 0.0576032763778132
10 562 0.240133176946412
10 568 0.00807553163125739
10 620 0.0997688875259267
10 633 0.102586118256379
10 735 0.211382213966116
10 741 0.00540495084240345
10 744 0.123909265338997
10 746 0.110682504304462
11 0 0.0143609920229768
11 4 0.132656318687527
11 6 0.00122797531588266
11 10 0.00759646993606311
11 12 0.0450574467914917
11 15 0.0246282393756998
11 17 0.145224734937658
11 25 0.0972365415742532
11 27 0.0263811178760731
11 51 0.205972012329696
11 58 0.000998116939666156
11 62 0.0178321902116638
11 83 0.148260100028115
11 89 0.0987927961653662
11 111 0.0308387149983567
11 114 0.24621042507945
11 184 0.0663419596106434
11 203 0.0274141020370836
11 233 0.0081949391534276
11 250 0.0124478628194161
11 257 0.0413273193908137
11 275 0.0652258602545763
11 301 0.0693247704016192
11 309 0.196739356624859
11 332 0.0992326979482958
11 340 0.01260639687472
11 360 0.0190133105706626
11 367 0.0238438043572108
11 379 0.0172634369656153
11 385 0.0270031206010737
11 425 0.00190769919640915
11 432 0.00623658291513976
11 443 0.1927440845619
11 450 0.0744327464722006
11 473 0.0536916128908551
11 492 0.0369599636143313
11 510 0.0463897747848731
11 516 0.0348401265655522
11 524 0.222125637544179
11 533 0.0692688847367975
11 539 0.148722314480243
11 557 0.016902125517295
11 672 0.320443029036864
11 727 0.0309768190522745
11 745 0.137489473536334
11 747 0.0238009158107479
11 748 0.188097261741423
12 1 0.0170793965516832
12 2 0.163123426299599
12 5 0.151834373150024
12 11 0.0450574467914917
12 16 0.0159197486981241
12 17 0.0528848912319027
12 31 0.212181693313073
12 58 0.146165828614103
12 72 0.0657560993889954
12 82 0.0420899992228675
12 114 0.0543290017556017
12 132 0.225059632226457
12 146 0.0293173659122033
12 160 0.00165079690639758
12 170 0.161747389825694
12 171 0.0226181632609176
12 197 0.0953614301648983
12 329 0.015734645626814
12 356 0.169245301107637
12 377 0.0287861559080699
12 427 0.0441278455640737
12 451 0.0243251646100531
12 475 0.0134843583518618
12 481 0.0107419840981359
12 515 0.0354203282736462
12 536 0.0848123864255674
12 542 0.00404615879708827
12 556 0.232026759642348
12 559 0.0180514807071403
12 577 0.0584961715243655
12 616 0.0453805817805092
12 620 0.0705372804224192
12 626 0.00201465377297478
12 638 0.159223177075913
12 674 0.0694948048150506
12 678 0.12875304389006
12 682 0.122590524992671
12 692 0.0784031815378302
12 706 0.0244624338730042
12 735 0.00657263293883477
12 742 0.0563600905435633
12 747 0.0839671176869105
12 749 0.104891035002503
13 2 0.0171228154540361
13 3 0.0545537320440754
13 10 0.124555286728548
13 14 0.0284605841525559
13 18 0.0088774848928246
13 29 0.154670369712975
13 30 0.140262308550503
13 32 0.10019005198786
13 37 0.0187582171215397
13 61 0.0687738966649472
13 65 0.0566301127491423
13 88 0.0367685386294141
13 116 0.222976230279856
13 157 0.017072523849671
13 177 0.00418569800377459
13 229 0.0216371021122103
13 241 0.0764294913047387
13 250 0.142257961486957
13 277 0.051895359823512
13 282 0.108977630902084
13 284 0.0334901298531561
13 318 0.0556567076506495
13 322 0.0625391171880859
13 336 0.110492276120704
13 366 0.061797934721056
13 399 0.0547964704098632
13 467 0.0302683025428313
13 477 0.0341089536205983
13 511 0.167744639402155
13 517 0.0880994022177247
13 527 0.072919216240547
13 533 0.024496102548083
13 553 0.0895290172127542
13 575 0.190667519908433
13 615 0.168770494634919
13 640 0.104213539712656
13 671 0.203724012997966
13 715 0.154460473455618
13 718 0.242232339720748
13 720 0.104389717535384
13 725 0.0841047554696192
13 730 0.0500257701301465
14 3 0.00317709294537458
14 13 0.0284605841525559
14 21 0.0796307073099102
14 25 0.0442816741365879
14 26 0.0119843939587203
14 28 0.228231305695537
14 34 0.037379613656937
14 37 0.098932319211299
14 47 0.0470377247915199
14 71 0.00789861122345295
14 87 0.0957860258155704
14 220 0.1706409882788
14 231 0.0609904401697013
14 274 0.0284186785915608
14 347 0.0867404132475972
14 368 0.082379106302335
14 378 0.00913110439719424
14 441 0.141721934105715
14 451 0.0249344751519383
14 460 0.0789472999837972
14 485 0.0625211347740957
14 492 0.0699451916995985
14 561 0.0494294622947667
14 568 0.185632515769633
14 574 0.110611431263672
14 577 0.16642207561626
14 684 0.0357893640913514
14 694 0.104208426725302
14 733 0.0545197659634939
14 735 0.00256612183092054
15 4 0.0372187757655716
15 6 0.0705881877841986
15 8 0.0348150420403416
15 11 0.0246282393756998
15 18 0.0324806281020145
15 19 0.0223225586105885
15 20 0.0378785407498623
15 21 0.305407692986711
15 23 0.0785914748493707
15 24 0.0122770329361134
15 27 0.164662086919077
15 63 0.142610056974125
15 135 0.0267389799630347
15 160 0.0212521554534329
15 162 0.206949720882487
15 170 0.0642109732298113
15 184 0.0122211542877474
15 189 0.0384678750465749
15 241 0.0650186865078269
15 320 0.0778086197391398
15 341 0.227601805007877
15 359 0.0932249299653819
15 361 0.0417215480806784
15 377 0.161852226487675
15 389 0.00138622890759699
15 391 0.0637154524708096
15 408 0.0419948558484458
15 502 0.131398800288075
15 506 0.0402895600532927
15 596 0.00827433955670765
15 619 0.216673124674454
15 657 0.0564618070747641
15 679 0.11249532546243
15 682 0.015193111594528
15 709 0.13656139981306
15 749 0.00650635867818887
16 2 0.0623024005416534
16 4 0.0690614293157279
16 7 0.425896083115223
16 8 0.0237978323042284
16 12 0.0159197486981241
16 22 0.21584203843433
16 23 0.0313340018889314
16 107 0.0183206422004765
16 112 0.112948371508682
16 179 0.364577500180051
16 200 0.128316331506149
16 233 0.0580980347410587
16 237 0.00245627625124906
16 297 0.0200657663944508
16 338 0.168952087606691
16 376 0.0319733053400965
16 403 0.317666465642318
16 425 0.133149409434933
16 485 0.0125320317143059
16 503 0.0951700250252357
16 515 0.0405619380155603
16 518 0.0775911147609304
16 561 0.293461324291912
16 600 0.031075905506526
16 621 0.00211708964048803
16 645 0.0184152337800656
16 678 0.120907990156595
16 691 0.0158899751648655
16 702 0.0921246933324717
16 709 0.00434158009585033
16 718 0.038185235807279
16 720 0.021532533167848
16 725 0.0199856051122895
17 7 0.215450484272299
17 8 0.0683320048470406
17 9 0.00924970026470709
17 11 0.145224734937658
17 12 0.0528848912319027
17 18 0.0354660686600866
17 21 0.0150935288772702
17 31 0.123407877236416
17 33 0.0472968969204768
17 51 0.00164744021414282
17 70 0.141853026787112
17 89 0.154535872265173
17 108 0.198287707899863
17 109 0.0635326484528522
17 162 0.350556451977986
17 164 0.240282526716385
17 205 0.228700860740448
17 215 0.12880774075641
17 245 0.0547239428210043
17 251 0.0870639231398274
17 252 0.0500299821536875
17 274 0.0115918365776982
17 312 0.045357613115534
17 352 0.0931906601260083
17 413 0.179095261206005
17 443 0.0234569182711789
17 508 0.0284797530779228
17 536 0.116561052618993
17 537 0.00303200096570982
17 554 0.107029877584769
17 597 0.0306171016503001
17 617 0.0412269666340158
17 656 0.00631332717402461
17 689 0.433318362896753
17 699 0.222408064439432
17 742 0.126278805152986
18 1 0.0102098833736433
18 2 0.0166006779021286
18 4 0.0487038206026262
18 6 0.0551958050904593
18 10 0.0297172291871247
18 13 0.0088774848928246
18 15 0.0324806281020145
18 17 0.0354660686600866
18 25 0.0696077743372331
18 26 0.317099515377246
18 27 0.0454647266177768
18 68 0.0875191567958451
18 134 0.0792528079395778
18 186 0.163554715724151
18 314 0.00127522772182312
18 359 0.287669233911981
18 400 0.129773744916739
18 467 0.0109162155324961
18 479 0.039122860920592
18 490 0.0133259272144026
18 503 0.0339774590134876
18 513 0.0176103176005454
18 514 0.115166539454753
18 557 0.0416647318618225
18 561 0.00268239388878105
18 596 0.0805531401500771
18 602 0.00223298567244476
18 613 0.0982761009557662
18 656 0.15174529176979
18 670 0.0218415354282378
18 689 0.0784614396690458
18 693 0.156501818834595
18 695 0.0437312002248466
18 723 0.101325597259241
18 736 0.070595133213197
18 747 0.102638983283349
19 3 0.138493003972954
19 4 0.0115596193540671
19 7 0.0453452681310749
19 8 0.113628367346874
19 9 0.0707399540707365
19 15 0.0223225586105885
19 23 0.295852367084758
19 26 0.0980909921241531
19 32 0.0477351537577383
19 35 0.300698648234592
19 123 0.111569036045073
19 124 0.0904204362636134
19 191 0.0119541879505774
19 202 0.186314709336478
19 309 0.102160501220381
19 343 0.040983774625094
19 434 0.0752015876832581
19 462 0.199168804687594
19 491 0.0777937360719556
19 501 0.103975087424428
19 518 0.0636299437157936
19 546 0.00805484638608838
19 581 0.00353289429029496
19 585 0.0527471083969862
19 694 0.267848227030221
19 737 0.0181261429691721
20 9 0.167392522807479
20 15 0.0378785407498623
20 24 0.0155991675629693
20 25 0.100065992807512
20 33 0.0210498567096794
20 34 0.116127525108858
20 35 0.0863666702494079
20 55 0.0157715191026436
20 62 0.219227316844704
20 78 0.0573934441724505
20 96 0.136011059088915
20 122 0.114936207437477
20 131 0.123391663675207
20 156 0.0222820791627633
20 162 0.0273659209875605
20 193 0.0425787217691174
20 195 0.107325025480268
20 245 0.0288043017560854
20 345 0.00816880978434277
20 347 0.0226783087081952
20 351 0.183934993077026
20 352 0.14527565952061
20 355 0.15159918741002
20 420 0.0135094207230791
20 483 0.0135142256848046
20 536 0.0116193580904503
20 579 0.0334440124225699
20 584 0.0203506124068066
20 622 0.019795656286267
20 639 0.0730827276936901
20 648 0.018077126886472
21 7 0.155066603344865
21 8 0.0660562509835828
21 14 0.0796307073099102
21 15 0.305407692986711
21 17 0.0150935288772702
21 22 0.0668465748419961
21 23 0.00112259975524394
21 30 0.120988113605291
21 34 0.0931455211667485
21 63 0.0698457388342025
21 65 0.0780864136123918
21 71 0.145141808539911
21 78 0.0816698209917688
21 96 0.0367348865215493
21 128 0.0245629720021092
21 141 0.0366597373257782
21 179 0.151629026347433
21 229 0.0985639037610013
21 246 0.256235883608547
21 338 0.194833963039862
21 350 0.0276091123191046
21 359 0.0357873857727209
21 368 0.00131549357681378
21 378 0.0711471990869613
21 426 0.0700606433709544
21 444 0.12066187235857
21 455 0.0725228456544042
21 469 0.0358295181759871
21 510 0.124164226786996
21 564 0.0680396719504442
21 574 0.111775084718593
21 649 0.0114751683183997
21 653 0.0598767205313702
21 663 0.0126527251153503
22 6 0.0920296752009461
22 16 0.21584203843433
22 21 0.0668465748419961
22 24 0.118808486219241
22 26 0.20732132635071
22 29 0.0191746261506806
22 30 0.133312902971391
22 31 0.0322241266022086
22 33 0.0481872945342618
22 34 0.264728973850532
22 37 0.0495037881309994
22 104 0.0788291615201798
22 146 0.100114267161303
22 164 0.106556447484915
22 180 0.238189737400818
22 190 0.0258612854328816
22 260 0.150706331173607
22 264 0.10617793858252
22 274 0.0222371180016546
22 288 8.29202068979292e-05
22 307 0.0816856218883912
22 324 0.162175450573764
22 378 0.0790638554720968
22 435 0.0115142996494405
22 443 0.111724880535809
22 451 0.0850362767429807
22 485 0.0413861955439454
22 510 0.0238195234219067
22 561 0.0738053368148846
22 583 0.0495238153792507
22 643 0.104336300661141
22 650 0.254112320326774
22 693 0.22316902001082
23 9 0.0682467250928514
23 10 0.146386910611706
23 15 0.0785914748493707
23 16 0.0313340018889314
23 19 0.295852367084758
23 21 0.00112259975524394
23 25 0.155823474997113
23 27 0.193320716724677
23 29 0.267605075075538
23 34 0.0297245051414007
23 39 0.132078199067346
23 41 0.0864633811559567
23 58 0.0936303750018497
23 132 0.137043648425548
23 134 0.0098719840168524
23 254 0.153178083113376
23 271 0.00608684334195118
23 272 0.0412371581856877
23 296 0.0829268553889879
23 323 0.00347665936836854
23 324 0.0951521574616264
23 361 0.259966503351255
23 402 0.0205268886711748
23 428 0.0385135676288063
23 430 0.0333716197311951
23 470 0.0279110201066851
23 515 0.0453463612238279
23 520 0.0614142898630156
23 531 0.0123691514394519
23 711 0.0905403141286279
23 723 0.0226620250955983
24 9 0.0102524219338673
24 15 0.0122770329361134
24 20 0.0155991675629693
24 22 0.118808486219241
24 32 0.099790283801404
24 35 0.00137650433242879
24 39 0.00779086136044099
24 112 0.0369420925081174
24 122 0.0638546037935617
24 175 0.0604784834466887
24 179 0.0866741625492821
24 191 0.00375206043988244
24 196 0.002115910200903
24 223 0.0248689198467381
24 283 0.0818683186106064
24 287 0.0557732157929308
24 296 0.0465989325491169
24 298 0.00567027889171209
24 306 0.0456018810032355
24 313 0.0968921176841636
24 336 0.0563860653624627
24 338 0.19705222503836
24 400 0.0460855036068504
24 407 0.253637314620881
24 428 0.017537050068354
24 512 0.0960340018414961
24 550 0.00561958306459061
24 557 0.0250505958170841
24 572 0.025830620223032
24 575 0.150504122454978
24 595 0.165799047947595
24 608 0.188983696657012
24 626 0.00126663784898286
24 637 0.0106653961330862
24 687 0.180064408429732
24 718 0.0190966912349604
24 722 0.110557602497811
24 749 0.0305705692575765
25 11 0.0972365415742532
25 14 0.0442816741365879
25 18 0.0696077743372331
25 20 0.100065992807512
25 23 0.155823474997113
25 27 0.0223776691372703
25 29 0.0639741098663039
25 35 0.112532519932714
25 37 0.0341033685872438
25 38 0.00510776028253271
25 81 0.105279227041301
25 91 0.200404643296302
25 121 0.00652656896647177
25 260 0.630592929353695
25 293 0.109382290064993
25 326 0.0613132287624118
25 346 0.0169470704391498
25 357 0.0589412602330408
25 380 0.117454689606405
25 400 0.196276906169243
25 412 0.0277522394444459
25 414 0.150464160163986
25 451 0.112782131451039
25 500 0.228417882528454
25 527 0.170239047138362
25 543 0.00689617565845478
25 553 0.0550805748565846
25 582 0.0771138091297228
25 587 0.113675740013186
25 588 0.0179874636577995
25 654 0.265626429394805
25 655 0.13609708408645
25 658 0.0768642311368876
25 683 0.0779321038387289
25 702 0.0300745778490276
25 708 0.178333647029606
25 710 0.135527374335797
25 744 0.0306887750473399
26 14 0.0119843939587203
26 18 0.317099515377246
26 19 0.0980909921241531
26 22 0.20732132635071
26 29 0.113388187891789
26 34 0.213342652058359
26 40 0.249455852473149
26 87 0.0832352382068362
26 88 0.0361724716727722
26 102 0.0713510976928435
26 105 0.0707712348876578
26 128 0.152198615005169
26 160 0.0504584511446209
26 218 0.105605869451386
26 229 0.0837773589552081
26 263 0.0782505771040611
26 302 0.146126560838567
26 347 0.0169851302637375
26 370 0.0723173589559626
26 496 0.185661968542709
26 524 0.0452649723964776
26 537 0.00403219784817154
26 664 0.078974272969404
26 678 0.0279408770188332
26 703 0.0518506653417194
26 715 0.00799243391177237
26 737 0.0657166804124048
27 2 0.0718383830580235
27 11 0.0263811178760731
27 15 0.164662086919077
27 18 0.0454647266177768
27 23 0.193320716724677
27 25 0.0223776691372703
27 29 0.174575025958949
27 33 0.0420711641160552
27 36 0.047242863669928
27 38 0.0215437050225061
27 40 0.136950567500645
27 71 0.0140158690849388
27 89 0.0447050101486564
27 357 0.0653727938976666
27 373 0.0413959296571847
27 390 0.0338944427119425
27 424 0.18273388685
27 461 0.0789683021286502
27 494 0.249220449169843
27 523 0.0283633839865853
27 549 0.128907927596625
27 586 0.017905685267982
27 587 0.107044712604273
27 628 0.100986213954761
28 6 0.206989134871661
28 14 0.228231305695537
28 30 0.105492910294881
28 32 0.212953695404466
28 35 0.00267897617113173
28 39 0.0800892364431355
28 44 0.0156899602524805
28 85 0.081849317792951
28 92 0.0366600179983784
28 169 0.065313771245086
28 184 0.0179006935241756
28 192 0.00784191727626679
28 261 0.00900566530544553
28 283 0.376033767617417
28 314 0.345636869086378
28 323 0.180302143590212
28 364 0.289879408466729
28 383 0.104652197331958
28 396 0.0242579959471672
28 447 0.0353890315241725
28 481 0.0108994782306549
28 482 0.30030185194845
28 483 0.031246250767392
28 504 0.124731907316715
28 583 0.0150791884262628
28 603 0.0276543877278604
28 605 0.00499239539136734
28 619 0.0385893964036344
28 674 0.400044462351806
28 726 0.176073135547765
28 747 0.0539069567584209
29 13 0.154670369712975
29 22 0.0191746261506806
29 23 0.267605075075538
29 25 0.0639741098663039
29 26 0.113388187891789
29 27 0.174575025958949
29 31 0.322326562754869
29 32 0.0585606714283129
29 33 0.0845848884971701
29 34 0.225186115388668
29 35 0.0455946195440858
29 38 0.0460632228183475
29 42 0.036480923938129
29 84 0.0427021874553033
29 126 0.112766319765604
29 168 0.158347579226066
29 219 0.0557731089622936
29 222 0.235971306060575
29 271 0.0264358897751208
29 272 0.0232312137344081
29 323 0.0425570228833111
29 335 0.210991928137126
29 346 0.221061103429033
29 370 0.0797880407672777
29 410 0.102799795895809
29 458 0.0220676481184785
29 476 0.0903512913796124
29 487 0.20466165734431
29 494 0.0726769902232809
29 571 0.0917292118446961
29 683 0.0271121111220788
30 13 0.140262308550503
30 21 0.120988113605291
30 22 0.133312902971391
30 28 0.105492910294881
30 31 0.0238980163073159
30 34 0.267065607092565
30 35 0.00671570330182703
30 38 0.0174026749637737
30 77 0.0586506206015456
30 82 0.0757259682816591
30 124 0.0671826230667583
30 145 0.060010269639852
30 175 0.0910895727284224
30 199 0.00878827521112511
30 206 0.0649083267957979
30 282 0.083875453973585
30 453 0.210679660674433
30 478 0.0547194779758853
30 530 0.083582125583704
30 607 0.128732336148621
30 643 0.178199521372851
30 727 0.0647451629080561
30 731 0.0157415080660213
30 744 0.0278652450076952
31 7 0.127211838376488
31 12 0.212181693313073
31 17 0.123407877236416
31 22 0.0322241266022086
31 29 0.322326562754869
31 30 0.0238980163073159
31 32 0.0788941545956889
31 33 0.12830418707255
31 35 0.00112434073587657
31 44 0.208953335425276
31 46 0.148762087434681
31 47 0.0254160963991479
31 63 0.0964782388149145
31 186 0.0150057014637261
31 194 0.0830738328234315
31 287 0.324746415754881
31 313 0.22252342571008
31 334 0.0552080639965989
31 337 0.0223963479938081
31 353 0.383345450774031
31 361 0.0104415657572042
31 368 0.0546459806134966
31 433 0.0200685033613716
31 450 0.0801058008656995
31 553 0.0358887460405836
31 554 0.151392718923214
31 601 0.0229811142624088
31 603 0.0214780159842664
31 643 0.0294422331427292
31 645 0.0716339084233749
31 648 0.0981608975542777
31 658 0.0462904702052652
31 659 0.0083307213230456
31 661 0.218025758416678
31 680 0.000747268556659992
31 741 0.125339326269166
32 1 0.0315978309027165
32 13 0.10019005198786
32 19 0.0477351537577383
32 24 0.099790283801404
32 28 0.212953695404466
32 29 0.0585606714283129
32 31 0.0788941545956889
32 43 0.0968407060397084
32 47 0.120493046668619
32 85 0.0236968196636867
32 124 0.0129445142734809
32 136 0.00729326957605151
32 138 0.166747944754197
32 146 0.104060804618282
32 190 0.12052137421181
32 237 0.0147824734896744
32 257 0.0694749025409973
32 366 0.00511710605734396
32 384 0.110826438480561
32 399 0.0913646013370323
32 490 0.0785446033601222
32 492 0.101168600926195
32 563 0.00982271177591452
32 653 0.0633920134367205
32 657 0.08985500558575
32 691 0.125906026773075
32 705 0.0807732221932171
32 707 0.0314964311734064
33 17 0.0472968969204768
33 20 0.0210498567096794
33 22 0.0481872945342618
33 27 0.0420711641160552
33 29 0.0845848884971701
33 31 0.12830418707255
33 39 0.101383397392593
33 46 0.0564168427330289
33 57 0.0851617663262196
33 75 0.0632829114805317
33 87 0.0705023749139339
33 130 0.0362957278273708
33 141 0.0582289820155218
33 190 0.076746307891143
33 232 0.0492623057670976
33 234 0.100390802236937
33 241 0.0681770075462655
33 278 0.0933821769739146
33 306 0.00919091930439869
33 342 0.0023172208153344
33 367 0.010110474148755
33 438 0.0358542999561848
33 490 0.152157361395165
33 517 0.00572579184097043
33 525 0.0512442710210982
33 537 0.224175407232278
33 556 0.0656977143039335
33 592 0.0322677197625852
33 613 0.0539464276137986
33 617 0.116333116882471
33 657 0.00281711842085204
33 690 0.0130073113780822
33 691 0.0180990232128471
33 720 0.0797102763680939
33 740 0.0224766033395545
33 743 0.027987225402016
34 14 0.037379613656937
34 20 0.116127525108858
34 21 0.0931455211667485
34 22 0.264728973850532
34 23 0.0297245051414007
34 26 0.213342652058359
34 29 0.225186115388668
34 30 0.267065607092565
34 37 0.122508999809413
34 44 0.0225316380365541
34 46 0.0489672919354625
34 47 0.0037905324129895
34 48 0.0782000247866303
34 49 0.376800473619963
34 50 0.0608816334088944
34 60 0.0132785702778866
34 66 0.0239077885041495
34 96 0.00129341473482905
34 118 0.0720651162910459
34 168 0.00184439063711928
34 237 0.0604314616489962
34 260 0.0566011259666515
34 272 0.0467316381342707
34 281 0.189666718724147
34 334 0.058276469071622
34 366 0.0286489684643527
34 381 0.0105949614647499
34 383 0.0553940705812698
34 390 0.0180962837779724
34 413 0.148722771947189
34 456 0.030250106170559
34 516 0.00470552147764976
34 541 0.0431968158434958
34 601 0.201614581388418
34 604 0.108806479319278
34 676 0.0947945739336481
34 709 0.0346966733681356
34 749 0.0370439280240856
35 19 0.300698648234592
35 20 0.0863666702494079
35 24 0.00137650433242879
35 25 0.112532519932714
35 28 0.00267897617113173
35 29 0.0455946195440858
35 30 0.00671570330182703
35 31 0.00112434073587657
35 36 0.103285837754583
35 37 0.247800149492266
35 43 0.0355300415289581
35 46 0.0490552521210772
35 49 0.0649472800397577
35 156 0.0289993206501289
35 165 0.260499446495706
35 178 0.00708940527541228
35 186 0.00672786413883954
35 187 0.185135990760641
35 193 0.0335413260740246
35 224 0.278755636868296
35 227 0.0593531683844837
35 231 0.0320078297845692
35 232 0.200091895020949
35 269 0.281981723880206
35 278 0.00308036970767173
35 294 0.0328968843624643
35 346 0.0283714550758121
35 362 0.18409227592535
35 370 0.010755184329986
35 398 0.12488830562538
35 418 0.0349324346364139
35 455 0.0171449865874254
35 456 0.00429092051766851
35 518 0.112415653499861
35 577 0.00847631144001614
35 721 0.0868915485002642
35 738 0.0504783128984773
36 8 0.0980853603970145
36 27 0.047242863669928
36 35 0.103285837754583
36 41 0.249460395103656
36 42 0.0908985568385385
36 48 0.0195911920099144
36 49 0.219931325068868
36 53 0.0539393356193961
36 63 0.0518373851492238
36 74 0.0290662515331857
36 107 0.15074510096773
36 138 0.00121391747297717
36 189 0.0243798645633658
36 206 0.153262663007664
36 219 0.0422149899375661
36 252 0.0516405250887609
36 294 0.0205037423058184
36 307 0.168129967323224
36 349 0.119340921041901
36 354 0.131794063814184
36 406 0.0300290888887069
36 412 0.0132627052236098
36 414 0.0742301478015049
36 415 0.101923276554758
36 430 0.0128907213607187
36 502 0.0222579832605277
36 508 0.307217429788961
36 594 0.0247687116405813
36 709 0.130418476598569
36 724 0.0953106810341858
37 13 0.0187582171215397
37 14 0.098932319211299
37 22 0.0495037881309994
37 25 0.0341033685872438
37 34 0.122508999809413
37 35 0.247800149492266
37 40 0.0300265015715704
37 43 0.00144780894423732
37 44 0.00639218700575558
37 48 0.0107164657226094
37 57 0.0830289522157986
37 101 0.111342999616292
37 112 0.0614434654545949
37 127 0.0223811951969244
37 144 0.330249492276691
37 145 0.101589127045641
37 146 0.0218894823396819
37 152 0.076666729692989
37 190 0.0411346413517421
37 192 0.015439348985649
37 200 0.0352414604696999
37 202 0.116611218340735
37 335 0.0286318069502001
37 346 0.202097169499965
37 412 0.0154860832226932
37 463 0.0496527027007823
37 482 0.073068052869334
37 546 0.149820012298886
37 549 0.0884343747878658
37 557 0.11537763798364
37 569 0.282173367318561
37 573 0.11732699994876
37 588 0.0369494643634133
37 614 0.165633055577318
37 631 0.039468396135052
37 636 0.100671713756429
37 637 0.0680329450344342
37 641 0.0679214523389259
37 663 0.130244815404263
37 735 0.0491117147113341
37 738 0.06729862574411
38 25 0.00510776028253271
38 27 0.0215437050225061
38 29 0.0460632228183475
38 30 0.0174026749637737
38 42 0.145793334506356
38 54 0.321102341927581
38 60 0.0223123717428874
38 69 0.110418132189468
38 73 0.129149344485342
38 83 0.231930914027916
38 93 0.050456792589608
38 120 0.00498099146603965
38 134 0.105843747436354
38 183 0.00861096834688969
38 187 0.18837620066954
38 200 0.0788281878893998
38 334 0.0126915924865487
38 360 0.0184759066478405
38 385 0.0705589986903011
38 391 0.120341020092985
38 401 0.0955273289894068
38 456 0.0843833361472553
38 485 0.10668201930797
38 490 0.207069243215043
38 508 0.0304894441982033
38 554 0.0448813164310208
38 562 0.105279938094621
38 582 0.0934895267663232
38 600 0.0234199982229208
38 635 0.0537213603451423
38 653 0.0543543828396981
38 654 0.0815266482341917
38 672 0.0153532158474043
38 675 0.199208773928325
38 742 0.0979443548262636
38 745 0.0430916214768367
39 1 0.0404667781284292
39 23 0.132078199067346
39 24 0.00779086136044099
39 28 0.0800892364431355
39 33 0.101383397392593
39 41 0.164817245686949
39 45 0.0314666883777237
39 46 0.0595932209861361
39 47 0.14549001695977
39 51 0.170825227637382
39 66 0.102182351296447
39 79 0.0139961605553225
39 101 0.095414625977449
39 219 0.0534710075478181
39 249 0.0576014263662983
39 262 0.0298313849812923
39 320 0.00292592306348531
39 322 0.151507611397644
39 407 0.147154319008763
39 411 0.214262815717226
39 417 0.0127524221362739
39 440 0.0572574542102803
39 491 0.0551390494962589
39 534 0.0214265993461524
39 549 0.033776295882272
39 557 0.101869748790278
39 596 0.00778835241202759
39 627 0.126551712419301
39 664 0.0321399956776833
39 697 0.155666735297865
39 738 0.210556599775842
40 26 0.249455852473149
40 27 0.136950567500645
40 37 0.0300265015715704
40 46 0.0372236489736202
40 47 0.347135890781396
40 49 0.132112622158946
40 50 0.000740054523167074
40 51 0.151906508164198
40 55 0.0143191768104
40 76 0.0272375497483246
40 109 0.0417784743467287
40 191 0.0281371295156259
40 363 0.102836802087631
40 396 0.0119491688764789
40 423 0.0661149187997948
40 444 0.0582060728487534
40 503 0.0440821688451799
40 514 0.0849747901372951
40 520 0.243051948302841
40 530 0.0327363299228667
40 531 0.0462085898530835
40 555 0.172270313817293
40 599 0.0165113661541966
40 639 0.356127211077199
40 642 0.0411595877545606
40 670 0.0182067162978971
40 729 0.220624931399915
40 739 0.0249790170582395
41 9 0.179582524007242
41 23 0.0864633811559567
41 36 0.249460395103656
41 39 0.164817245686949
41 42 0.0757573628260646
41 45 0.0497614384899274
41 50 0.00795265366626064
41 53 0.0941877129442929
41 67 0.0726352361101196
41 84 0.102585304541843
41 96 0.477320702232986
41 174 0.0206905941869516
41 237 0.0506283988743318
41 253 0.05856785792862
41 259 0.0887090623545889
41 295 0.0162404670104439
41 307 0.0302307164816715
41 309 0.0983248756371862
41 332 0.0214070106783553
41 349 0.11544105321948
41 488 0.0806238457365698
41 492 0.0416540904501686
41 500 0.00769842248759737
41 511 0.174201773183328
41 515 0.0338984097520693
41 580 0.00746481164298162
41 594 0.0606059694528961
41 617 0.016768074670894
41 654 0.136045378496961
42 29 0.036480923938129
42 36 0.0908985568385385
42 38 0.145793334506356
42 41 0.0757573628260646
42 52 0.0339948775667948
42 54 0.0114684611874116
42 55 0.0747499653190684
42 56 0.0091036263128764
42 58 0.0944639260872537
42 60 0.00914827702637835
42 62 0.0771129263106125
42 64 0.167867798872313
42 70 0.431109916654818
42 88 0.0721042897819293
42 100 0.0497396929784142
42 154 0.074103325008961
42 223 0.0243324573533983
42 283 0.30496502228869
42 318 0.0408550936912004
42 377 0.0290550004868602
42 381 0.111311687632836
42 406 0.0273361856461188
42 438 0.131425025274823
42 449 0.0513594601360095
42 451 0.105003719470491
42 532 0.0137363115156514
42 563 0.316543670757566
42 642 0.0366523753051376
42 668 0.0736557937784129
42 700 0.0512786153219344
43 7 0.0036679692848844
43 32 0.0968407060397084
43 35 0.0355300415289581
43 37 0.00144780894423732
43 51 0.00228917803938138
43 52 0.0032642239404294
43 53 0.000434199855623513
43 54 0.0572332244094664
43 61 0.0020249514967449
43 67 0.0160073663550546
43 71 0.00234793501664441
43 84 0.0349749277167874
43 159 0.0282630625252019
43 228 0.02235942722441
43 242 0.0299381971052913
43 290 0.0544445395197955
43 300 0.00284415223256573
43 304 0.0207197597912681
43 341 0.0657351855282707
43 379 0.0287197036901265
43 381 0.524854700373828
43 395 0.112452749160665
43 495 0.101329422152122
43 513 0.0733603674882458
43 517 0.0691358474019177
43 534 0.0895061754185576
43 539 0.0976603069927184
43 566 0.0160390131795434
43 580 0.0894374709782884
43 645 0.0264432980878467
43 704 0.00932503426764955
43 722 0.072995747445831
43 737 0.0470142974073366
44 6 0.0424960577648538
44 28 0.0156899602524805
44 31 0.208953335425276
44 34 0.0225316380365541
44 37 0.00639218700575558
44 47 0.00950211514930115
44 51 0.143554038426434
44 81 0.00790020433825022
44 131 0.0574433934023877
44 172 0.234045999683739
44 224 0.109433121854488
44 229 0.0183240246826488
44 288 0.0368928451499577
44 301 0.0271793099382227
44 302 0.0233478615710932
44 305 0.0418573283117935
44 344 0.0168269092705461
44 350 0.133115638200028
44 356 0.178523313636076
44 362 0.00633212133348111
44 375 0.132846571653651
44 383 0.0787683521263847
44 391 0.151386209873949
44 433 0.090495256968781
44 439 0.0341863861339533
44 529 0.0751797612642435
44 629 0.0132937176599633
44 638 0.0273952108606574
44 684 0.11583913564274
44 697 0.0042525440616519
44 713 0.20048568414613
44 731 0.0553810464167632
45 39 0.0314666883777237
45 41 0.0497614384899274
45 52 0.216373949967942
45 56 0.0786980622001812
45 59 0.0438746156693822
45 60 0.00837772254093819
45 61 0.168498338846712
45 184 0.0127811819276442
45 244 0.177466489269646
45 259 0.00515113770087518
45 275 0.12974469762883
45 320 0.162883444487619
45 340 0.224701315352178
45 352 0.463397281423919
45 365 0.0534037793241625
45 380 0.00529306130656298
45 409 0.156617050703774
45 421 0.0622907573005546
45 439 0.0253018176980691
45 450 0.331193736452333
45 467 0.184260060626588
45 470 0.00362138777812038
45 480 0.0127578730023962
45 493 0.0076242145830565
45 549 0.0701889465881102
45 555 0.158178568171136
45 562 0.048621133726936
45 574 0.0726616425539945
45 601 0.0296120026224352
45 628 0.0208635648239433
45 644 0.0526817681458493
45 650 0.110692960121354
45 661 0.0562535471047632
45 676 0.0636781281563133
45 715 0.00865528684926257
46 31 0.148762087434681
46 33 0.0564168427330289
46 34 0.0489672919354625
46 35 0.0490552521210772
46 39 0.0595932209861361
46 40 0.0372236489736202
46 47 0.164176762209669
46 50 0.041531179083903
46 51 0.559667895845203
46 57 0.00515628541923346
