0 1 0.0361502960519056
0 5 0.00425768574929268
0 7 0.158383606277811
0 9 0.313232237630626
0 10 0.26763303007125
0 12 0.00963498124848456
0 14 0.0467393009208899
0 15 0.0231605717740792
0 29 0.0211781488598403
0 55 0.147459554991931
0 61 0.0226590669952499
0 109 0.0536501401054875
0 133 0.133492501470129
0 191 0.443100379837943
0 205 0.197190260843211
0 313 0.153205186023788
0 318 0.169002050285024
0 341 0.206873418716194
0 399 0.134779535712084
0 438 0.0315858538864907
0 456 0.00120241721486383
0 458 0.204446032095356
0 485 0.0421571689145828
0 486 0.1617082546216
0 487 0.00895562554483149
0 488 0.1519416325014
0 490 0.148494160325932
0 494 0.141399278547722
0 495 0.0148844536293314
0 496 0.258700090870752
0 499 0.00992789646066283
1 0 0.0361502960519056
1 3 0.0582606957680246
1 5 0.0582118405107645
1 7 0.0296058099988653
1 9 0.0131430307533226
1 11 0.200524394123558
1 13 0.0599479783443418
1 30 0.391803787002569
1 32 0.115020208803577
1 39 0.159873978819059
1 60 0.143665860849213
1 83 0.0842438631816286
1 98 0.00844464666741758
1 186 0.0759860800215827
1 331 0.133945800251614
1 338 0.0235914484765482
1 349 0.000675331017460382
1 425 0.0548943506978661
1 457 0.161059040518419
1 461 0.126933634773293
1 483 0.0653275530228509
1 490 0.0180637155620152
1 491 0.0440901211417318
1 495 0.23253646282434
1 496 0.0836097597061991
1 497 0.107259592071523
1 499 0.338785607801722
2 3 0.0210394064778272
2 4 0.0924656785256681
2 5 0.134775563141032
2 15 0.0736976276211656
2 16 0.424120398467005
2 111 0.0238476671922029
2 139 0.115694370352316
2 150 0.00565476405715922
2 188 0.0203950686241262
2 256 0.0318337168986995
2 264 0.0253873972321869
2 271 0.0828543932313109
2 334 0.0639530087381076
2 371 0.0213632077561058
2 412 0.119848962614984
2 441 0.0725945717210082
2 455 0.153137749342861
2 488 0.0273971174412645
2 489 0.0150324569915433
2 490 0.177632298933115
2 492 0.0720139036913428
2 493 0.0733858882724643
2 494 0.039149806921203
2 495 0.0161523333677442
2 496 0.0337731708175809
2 497 0.177985658785071
2 498 0.188372337359604
3 1 0.0582606957680246
3 2 0.0210394064778272
3 4 0.14266181443639
3 6 0.173770070326329
3 8 0.154468798277879
3 9 0.0900844332114191
3 10 0.197896016928425
3 11 0.0494397072601091
3 13 0.0903234690388422
3 14 0.179808798785219
3 16 0.060056441879558
3 58 0.182427614188182
3 88 0.0392569158408005
3 125 0.00231490576803775
3 133 0.13605916130552
3 227 0.109491829993804
3 234 0.0104986400828292
3 241 0.161636621491371
3 253 0.0664692330169085
3 274 0.118618047451646
3 318 0.148104159386071
3 430 0.0164828918651557
3 462 0.0765381146070407
3 471 0.026841268900104
3 489 0.151691609570988
3 491 0.00222000413704458
3 496 0.0311241940399039
3 497 0.0111606032341192
3 498 0.282140175894932
4 2 0.0924656785256681
4 3 0.14266181443639
4 6 0.29430527205073
4 8 0.219617977667563
4 9 0.209292772500455
4 11 0.208883880941857
4 12 0.00477754163461436
4 14 0.0677927235929566
4 16 0.00322206665370664
4 18 0.0192319509318856
4 74 0.189366927324101
4 108 0.00132035563106573
4 109 0.102020927275066
4 131 0.0523558328926227
4 231 0.0159982000417698
4 233 0.0421891048403474
4 291 0.0967683364612286
4 328 0.0646102552621138
4 344 0.228873787862432
4 400 0.0807072365026902
4 424 0.0259362345500309
4 433 0.0592722821337135
4 441 0.197902155388601
4 459 0.0114446617154728
4 490 0.162111760856057
4 491 0.233485925964755
4 493 0.0261077487354867
4 495 0.0449473299511445
4 497 0.137861577827009
4 498 0.352386154237075
5 0 0.00425768574929268
5 1 0.0582118405107645
5 2 0.134775563141032
5 6 0.0400772514702886
5 8 0.118156806252683
5 9 0.0024395161617073
5 13 0.0810953399571727
5 15 0.0163734209843785
5 16 0.19513276166265
5 18 0.00279497646215337
5 19 0.194169957429174
5 94 0.705513432847702
5 131 0.139950566111647
5 168 0.0402645771921775
5 193 0.123970317578897
5 240 0.298753909539362
5 243 0.208422617871072
5 319 0.30336515024468
5 383 0.0481770953289849
5 427 0.0149852526237578
5 464 0.369355539663184
5 495 0.0160684365178721
5 497 0.0393751757019415
5 499 0.390126612484581
6 3 0.173770070326329
6 4 0.29430527205073
6 5 0.0400772514702886
6 7 0.169954567088286
6 8 0.42614953793596
6 9 0.413768700118564
6 11 0.01556571928994
6 15 0.00498331917155756
6 18 0.113536024822784
6 19 0.00652946503399487
6 20 0.211328736964298
6 62 0.0655481708512492
6 71 0.028697513659926
6 76 0.0157934259637593
6 84 0.0598582257625371
6 100 0.223190279975604
6 122 0.00428323170280157
6 128 0.217217193173847
6 168 0.0698217085119295
6 241 0.0993595810426443
6 252 0.0481827649386016
6 299 0.0571837321059867
6 327 0.00995331999572289
6 363 0.123209700160895
6 414 0.0317714035337841
6 477 0.0344975850374697
6 492 0.230237128657926
6 494 0.288058361410181
6 495 0.139763367025505
6 498 0.0317144204405576
7 0 0.158383606277811
7 1 0.0296058099988653
7 6 0.169954567088286
7 8 0.0376914538260795
7 9 0.00498056975475461
7 10 0.125594698858667
7 15 0.150127214580151
7 16 0.0734543514594136
7 17 0.0123969428249289
7 18 0.0181339226250519
7 19 0.0606489593381413
7 21 0.0637578732435825
7 130 0.0642593519261621
7 186 0.0223577957028735
7 234 0.109303304001578
7 240 0.0202703612209366
7 252 0.143730888697839
7 257 0.041987508560044
7 269 0.45350412188771
7 293 0.0323319643642803
7 301 0.0229776699727812
7 318 0.142474618706291
7 470 0.059296321153349
7 479 0.0112867172879523
7 497 0.385188476358682
7 499 0.030428772017234
8 3 0.154468798277879
8 4 0.219617977667563
8 5 0.118156806252683
8 6 0.42614953793596
8 7 0.0376914538260795
8 10 0.0731698142468932
8 12 0.0213861555937898
8 15 0.0699736639209248
8 17 0.0645572779089493
8 19 0.0423680306832461
8 21 0.532842825311155
8 45 0.131213471200692
8 58 0.0812596873088232
8 63 0.011015029370654
8 97 0.00147077972246808
8 132 0.099070488201231
8 152 0.0231811640146508
8 156 0.88819335278768
8 180 0.3591508348572
8 214 0.211547135327296
8 262 0.131034775760079
8 296 0.0245197781931007
8 335 0.0757819714451651
8 358 0.0300388966060385
8 359 0.169523176974607
8 406 0.0795268007790709
8 415 0.0757728521485175
8 431 0.00142827255906115
8 432 0.219260191101672
8 433 0.0516193238412744
8 442 0.0148297784034019
8 473 0.00177878517426224
8 498 0.215016377575088
8 499 0.146879281204287
9 0 0.313232237630626
9 1 0.0131430307533226
9 3 0.0900844332114191
9 4 0.209292772500455
9 5 0.0024395161617073
9 6 0.413768700118564
9 7 0.00498056975475461
9 10 0.00378522483281254
9 11 0.103086647419846
9 15 0.156968671935763
9 17 0.11762336446148
9 19 0.00756261011801184
9 26 0.268047897204708
9 58 0.0156425840003167
9 85 0.0774723271934348
9 106 0.0372508740017642
9 172 0.0284068063666978
9 236 0.360774960409311
9 237 0.0898572053025258
9 238 0.407765305430467
9 277 0.166799228145286
9 292 0.0547062166231484
9 381 0.100484327085016
9 396 0.119666811196607
9 416 0.0809703303150589
9 452 0.0729945129729615
10 0 0.26763303007125
10 3 0.197896016928425
10 7 0.125594698858667
10 8 0.0731698142468932
10 9 0.00378522483281254
10 15 0.00868065095280023
10 16 0.0159000599249002
10 18 0.152388035729736
10 21 0.0665032456436534
10 30 0.0157458136910562
10 66 0.0297967913879182
10 230 0.0848726721161081
10 247 0.0384159861532768
10 360 0.0149121317434589
10 393 0.13585286378294
10 463 0.322730302247703
10 496 0.161896944804393
10 497 0.246214255245349
10 498 0.076724678691992
10 499 0.107759891647381
11 1 0.200524394123558
11 3 0.0494397072601091
11 4 0.208883880941857
11 6 0.01556571928994
11 9 0.103086647419846
11 12 0.0119286347159968
11 15 0.15918021675597
11 16 0.031146486660975
11 17 0.0978329119215712
11 19 0.185256409394192
11 23 0.0132594896009352
11 34 0.0819091763917372
11 61 0.00994044343910791
11 90 0.0209785758857007
11 112 0.116658179549613
11 130 0.102759041572071
11 132 0.0603179715690925
11 141 0.451899813876156
11 182 0.0439801500405837
11 196 0.0893267507748285
11 214 0.0721647661815936
11 354 0.0321730282950467
11 396 0.403476122300335
11 422 0.0209484546225753
11 441 0.138351181608179
11 444 0.0157447972858723
11 475 0.283988004473158
11 487 0.156658498436577
11 497 0.0328409062189202
11 499 0.00263746202821199
12 0 0.00963498124848456
12 4 0.00477754163461436
12 8 0.0213861555937898
12 11 0.0119286347159968
12 14 0.0131526618229084
12 16 0.0575825153069137
12 20 0.345540173579731
12 22 0.101675776059315
12 26 0.0430982810799745
12 27 0.254722832787428
12 33 0.0974158613111907
12 43 0.179520478495712
12 109 0.553361404407984
12 135 0.084963354253146
12 217 0.0297975527177655
12 261 0.240183057409669
12 307 0.0679505992603459
12 371 0.0948343650391883
12 384 0.0381356677550359
12 387 0.045758873996737
12 426 0.0175679179744052
13 1 0.0599479783443418
13 3 0.0903234690388422
13 5 0.0810953399571727
13 14 0.267252376083117
13 16 0.192034560333577
13 17 0.0411956431594301
13 18 0.0434125212365262
13 19 0.035043196725201
13 20 0.0564332888098071
13 22 0.121649870936066
13 23 0.0119351219892773
13 24 0.0705426973398749
13 60 0.0237897594305539
13 63 0.00642864204150459
13 76 0.239805241246512
13 87 0.00121299315317538
13 113 0.0448658641263101
13 118 0.0778802014601158
13 120 0.0136326387731586
13 202 0.149431356356818
13 230 0.06530713416493
13 273 0.0417772488511414
13 288 0.0707127885636563
13 298 0.0513121314220959
13 303 0.0366059646630208
13 342 0.0600940804128996
13 408 0.0853458458459263
13 427 0.070636987517446
13 440 0.01265763401887
14 0 0.0467393009208899
14 3 0.179808798785219
14 4 0.0677927235929566
14 12 0.0131526618229084
14 13 0.267252376083117
14 15 0.0385914951041172
14 18 0.00156028478116164
14 19 0.0302425409549487
14 22 0.260846209362321
14 26 0.146073245284363
14 28 0.0574478343395601
14 93 0.0348256992605737
14 154 0.0511173702342808
14 184 0.151430150443943
14 199 0.23268395442617
14 200 0.243601138423437
14 274 0.0425948141995497
14 322 0.0374049104439061
14 358 0.159133197410451
14 365 0.341663004769292
14 378 0.128352354457133
14 415 0.0259457132960536
14 420 0.486941729429314
15 0 0.0231605717740792
15 2 0.0736976276211656
15 5 0.0163734209843785
15 6 0.00498331917155756
15 7 0.150127214580151
15 8 0.0699736639209248
15 9 0.156968671935763
15 10 0.00868065095280023
15 11 0.15918021675597
15 14 0.0385914951041172
15 16 0.450153237809064
15 19 0.0136839794239955
15 23 0.012535236237122
15 25 0.0205497728959403
15 26 0.0320708226253017
15 28 0.138431766804846
15 47 0.0256670196312138
15 64 0.0628263062453533
15 101 0.10452494238524
15 158 0.0811152725368466
15 265 0.0204800003026947
15 381 0.1350871203491
15 402 0.168822873882321
15 446 0.0743573019840484
15 476 0.136506794509675
15 480 0.0732553234230422
16 2 0.424120398467005
16 3 0.060056441879558
16 4 0.00322206665370664
16 5 0.19513276166265
16 7 0.0734543514594136
16 10 0.0159000599249002
16 11 0.031146486660975
16 12 0.0575825153069137
16 13 0.192034560333577
16 15 0.450153237809064
16 17 0.155116854732725
16 18 0.560807201943632
16 21 0.177670131313331
16 22 0.276844789679274
16 23 0.156628415193074
16 24 0.0206646709318114
16 25 0.00326164731337559
16 26 0.0117477908876746
16 27 0.203111256209075
16 29 0.193418996907634
16 30 0.0482661754692808
16 64 0.115182743844435
16 73 0.331538813263501
16 332 0.054695659789489
16 350 0.0265910348436819
16 418 0.156818218253267
17 7 0.0123969428249289
17 8 0.0645572779089493
17 9 0.11762336446148
17 11 0.0978329119215712
17 13 0.0411956431594301
17 16 0.155116854732725
17 20 0.121985784797621
17 22 0.176398492820577
17 23 0.00678875001887546
17 27 0.0487551913319186
17 29 0.0634684170589851
17 30 0.000559552690124549
17 31 0.00623418545962738
17 87 0.116717109514172
17 123 0.0615869068750101
17 134 0.049268710288512
17 174 0.0434807639137873
17 180 0.0394370934157672
17 190 0.0202247688738622
17 208 0.0270794060430166
17 214 0.104877837849158
17 227 0.17577288668437
17 311 0.019130669654808
17 331 0.012188764449616
17 375 0.153941162918147
17 482 0.249841140785436
18 4 0.0192319509318856
18 5 0.00279497646215337
18 6 0.113536024822784
18 7 0.0181339226250519
18 10 0.152388035729736
18 13 0.0434125212365262
18 14 0.00156028478116164
18 16 0.560807201943632
18 20 0.236156176882072
18 21 0.0178127369068029
18 22 0.0557370240736391
18 23 0.0031605208873087
18 24 0.017684708548562
18 26 0.141377689978112
18 28 0.0833674480402355
18 29 0.0389046925442545
18 30 0.0434430653205715
18 31 0.0217750192808972
18 32 0.0301240832027796
18 57 0.00105549968800965
18 163 0.0700502899119174
18 278 0.0507840407589209
18 388 0.0786058690582187
18 402 0.229093086034925
18 410 0.117073407188756
18 468 0.196056684380373
19 5 0.194169957429174
19 6 0.00652946503399487
19 7 0.0606489593381413
19 8 0.0423680306832461
19 9 0.00756261011801184
19 11 0.185256409394192
19 13 0.035043196725201
19 14 0.0302425409549487
19 15 0.0136839794239955
19 21 0.048574203716224
19 22 0.081947099472456
19 23 0.315594526160628
19 25 0.024310083768502
19 26 0.0759065789944591
19 28 0.300728193808705
19 29 0.441856968513066
19 32 0.106061816517422
19 54 0.101961426707156
19 74 0.286257710330098
19 83 0.0589752164960474
19 171 0.0375973655141188
19 217 0.170513573139009
19 266 0.0753166586695393
19 449 0.282613963651785
19 474 0.0866098736338937
19 489 0.0681446002207921
19 494 0.00413497619371782
20 6 0.211328736964298
20 12 0.345540173579731
20 13 0.0564332888098071
20 17 0.121985784797621
20 18 0.236156176882072
20 28 0.252874699850982
20 29 0.0116486304151727
20 31 0.251201107937193
20 32 0.154583025970615
20 33 0.036959053894614
20 77 0.136747783353391
20 90 0.164219060051631
20 101 0.136320811689077
20 141 0.134640300623028
20 144 0.0866829024470335
20 165 0.00429274381386653
20 169 0.0736766503967063
20 205 0.0926076627620661
20 230 0.381912724109872
20 248 0.077137856536366
20 415 0.0885805119811136
20 416 0.0353298167798158
20 456 0.0329478918700842
20 471 0.0289951967595096
21 7 0.0637578732435825
21 8 0.532842825311155
21 10 0.0665032456436534
21 16 0.177670131313331
21 18 0.0178127369068029
21 19 0.048574203716224
21 22 0.0183055428221032
21 26 0.0481235194402196
21 28 0.0889345097067879
21 31 0.0593855069855831
21 33 0.367609381318936
21 39 0.0155274218523663
21 42 0.0502824846301818
21 152 0.0166053127605137
21 157 0.183714727571975
21 194 0.167368471185894
21 203 0.172327105191309
21 223 0.00293355200459646
21 225 0.3324849878813
21 270 0.17015471060847
21 317 0.121592344857566
21 322 0.0208061883803564
21 323 0.169008926264602
21 327 0.0679186219554547
21 334 0.0814422244653893
21 343 0.216543723745313
21 348 0.13531261771759
21 359 0.300570110471774
21 364 0.110428945591551
21 464 0.312876285492259
22 12 0.101675776059315
22 13 0.121649870936066
22 14 0.260846209362321
22 16 0.276844789679274
22 17 0.176398492820577
22 18 0.0557370240736391
22 19 0.081947099472456
22 21 0.0183055428221032
22 24 0.0748883547974132
22 25 0.00626390473933903
22 30 0.00540905483010308
22 31 0.109244967683158
22 34 0.225722233813713
22 35 0.0603129368099364
22 36 0.000358371126223236
22 78 0.0561997476882176
22 96 0.0732721734856064
22 98 0.140364483958736
22 108 0.94187043151389
22 113 0.0272845618623627
22 130 0.0497160271213131
22 185 0.0740728692651431
22 245 0.013107595803247
22 361 0.0307125715742666
22 362 0.0270024649013854
22 383 0.0164664906060269
22 384 0.233014782711079
22 442 0.0544383961965617
22 479 0.0139153953670451
22 482 0.0124579186491552
23 11 0.0132594896009352
23 13 0.0119351219892773
23 15 0.012535236237122
23 16 0.156628415193074
23 17 0.00678875001887546
23 18 0.0031605208873087
23 19 0.315594526160628
23 24 0.066304564884535
23 25 0.233119224368834
23 26 0.0358829208534555
23 27 0.0597816808445411
23 29 0.0469719403348388
23 30 0.11458347945791
23 32 0.0609542868925954
23 37 0.0874030332297035
23 39 0.0029556779280474
23 40 0.102677292093494
23 74 0.013089453932376
23 106 0.0557329136936768
23 145 0.0259578512851989
23 154 0.0204182172921391
23 174 0.409590064272366
23 179 0.051802930060509
23 208 0.13505032109343
23 291 0.0251837972844491
23 316 0.347874061674337
23 383 0.00907869793147662
24 13 0.0705426973398749
24 16 0.0206646709318114
24 18 0.017684708548562
24 22 0.0748883547974132
24 23 0.066304564884535
24 25 0.0578003278097913
24 27 0.0739768476872758
24 28 0.197693759889818
24 32 0.164255898626047
24 38 0.233984190297551
24 40 0.168969205695053
24 50 0.014956899096723
24 99 0.0111644825263201
24 144 0.0512016062426233
24 264 0.0788237015885514
24 281 0.0636406211566222
24 310 0.0253976965219034
24 320 0.00373105745207068
24 358 0.00460371760867261
24 378 0.141188571162174
24 379 0.105432503005244
24 409 0.0580137213137842
24 430 0.00578089558632019
24 435 0.443860912535827
24 437 0.090767444472131
24 457 0.0338494138544668
24 459 0.144154141128289
24 461 0.107893162195028
25 15 0.0205497728959403
25 16 0.00326164731337559
25 19 0.024310083768502
25 22 0.00626390473933903
25 23 0.233119224368834
25 24 0.0578003278097913
25 26 0.156842360697138
25 27 0.177806001931405
25 28 0.0278967326404826
25 29 0.00613836726405086
25 30 0.0093175834205262
25 35 0.101390878278056
25 37 0.214184880252816
25 39 0.0770541993441542
25 56 0.0370883915067994
25 84 0.0137113815831681
25 116 0.180893669862634
25 167 0.131737464420451
25 181 0.0659206525665675
25 183 0.146761259391644
25 197 0.109999698191645
25 213 0.0326721966832725
25 301 0.0574736044242318
25 303 0.0475243170823047
25 345 0.168980971739197
25 409 0.00825524676493178
25 446 0.0773379911741953
25 489 0.0432642634290066
26 9 0.268047897204708
26 12 0.0430982810799745
26 14 0.146073245284363
26 15 0.0320708226253017
26 16 0.0117477908876746
26 18 0.141377689978112
26 19 0.0759065789944591
26 21 0.0481235194402196
26 23 0.0358829208534555
26 25 0.156842360697138
26 29 0.0552246975057657
26 32 0.120666833921353
26 33 0.0360858233117009
26 34 0.00579923301045614
26 43 0.477109055369285
26 57 0.0426418499911225
26 107 0.0474316274676362
26 117 0.0632471657581281
26 136 0.0389376090912643
26 162 0.0175706191044972
26 182 0.255711732206468
26 192 0.118649821575125
26 235 0.0480264848013796
26 246 0.00214240697940153
26 251 0.334144472534112
26 254 0.0133301670472659
26 268 0.0257694102944509
26 296 0.0257238359447731
26 367 0.131939550779571
26 395 0.0722144674736227
26 466 0.0541047979243303
27 12 0.254722832787428
27 16 0.203111256209075
27 17 0.0487551913319186
27 23 0.0597816808445411
27 24 0.0739768476872758
27 25 0.177806001931405
27 28 0.0308403368117802
27 29 0.0800677754217933
27 30 0.0715814333387885
27 31 0.0506437057119167
27 33 0.164171747373373
27 35 0.210736574529909
27 36 0.20652237075724
27 37 0.144419852121876
27 38 0.02132528324557
27 39 0.0734249393985904
27 41 0.334355196093365
27 123 0.0151687791147662
27 183 0.0206370371317555
27 197 0.139076449453347
27 220 0.0375582015687611
27 301 0.091755897427383
27 307 0.0380064958088182
27 373 0.00296584740958178
28 14 0.0574478343395601
28 15 0.138431766804846
28 18 0.0833674480402355
28 19 0.300728193808705
28 20 0.252874699850982
28 21 0.0889345097067879
28 24 0.197693759889818
28 25 0.0278967326404826
28 27 0.0308403368117802
28 29 0.0108503937301406
28 35 0.015363440169116
28 37 0.217459568785453
28 40 0.117713350103262
28 52 0.0119649322548517
28 68 0.0404489711511076
28 77 0.0366403642575227
28 170 0.159701329601951
28 230 0.175091599046154
28 244 0.261687393685662
28 310 0.0296345045316323
28 342 0.438960910789636
28 366 0.0306383747505978
28 367 0.279112792509821
28 447 0.144844230375944
28 480 0.123926745065009
28 486 0.0143182230905418
29 0 0.0211781488598403
29 16 0.193418996907634
29 17 0.0634684170589851
29 18 0.0389046925442545
29 19 0.441856968513066
29 20 0.0116486304151727
29 23 0.0469719403348388
29 25 0.00613836726405086
29 26 0.0552246975057657
29 27 0.0800677754217933
29 28 0.0108503937301406
29 31 0.0758663878494417
29 33 0.161707175932892
29 34 0.026218504037716
29 38 0.00181850197385871
29 39 0.278269736701623
29 43 0.127793771243478
29 47 0.334238949084067
29 54 0.187961981121827
29 92 0.149019148436329
29 106 0.215733284141986
29 163 0.000884004505808189
29 182 0.0497925667710256
29 313 0.414884258489905
29 327 0.176755135588159
29 342 0.0393211652969509
29 356 0.138421580054835
29 472 0.221435426014856
29 481 0.00520256170840922
29 495 0.0926202618009036
29 497 0.0683620683760891
30 1 0.391803787002569
30 10 0.0157458136910562
30 16 0.0482661754692808
30 17 0.000559552690124549
30 18 0.0434430653205715
30 22 0.00540905483010308
30 23 0.11458347945791
30 25 0.0093175834205262
30 27 0.0715814333387885
30 33 0.231217443993458
30 34 0.269857279292694
30 35 0.241625022845806
30 38 0.159695627300063
30 39 0.0708619114848949
30 41 0.0250758283148305
30 42 0.013980495338315
30 44 0.146147335373504
30 56 0.0582793078823755
30 89 0.0233388945206964
30 123 0.0217965389268176
30 193 0.0529136666152906
30 235 0.0944130004390417
30 254 0.0223672321123245
30 267 0.0462181866364927
30 322 0.256463331277972
30 350 0.123378345596017
30 359 0.159670790958836
30 396 0.0723111366142528
30 462 0.0819145582335641
30 468 0.236894339394071
31 17 0.00623418545962738
31 18 0.0217750192808972
31 20 0.251201107937193
31 21 0.0593855069855831
31 22 0.109244967683158
31 27 0.0506437057119167
31 29 0.0758663878494417
31 32 0.0890259449696276
31 36 0.0605830561802898
31 37 0.138719348460854
31 38 0.0115217550165928
31 40 0.158551744289791
31 41 0.0271718383943688
31 42 0.0769233378778757
31 44 0.207652661557586
31 45 0.110401428873557
31 143 0.0524827162846273
31 150 0.0248264424634501
31 153 0.117323859962233
31 183 0.0584220188005845
31 218 0.00225363735253321
31 219 0.09734162952903
31 290 0.0255750991611604
31 348 0.00366974117747686
31 356 0.019386709792094
31 401 0.282409957074513
32 1 0.115020208803577
32 18 0.0301240832027796
32 19 0.106061816517422
32 20 0.154583025970615
32 23 0.0609542868925954
32 24 0.164255898626047
32 26 0.120666833921353
32 31 0.0890259449696276
32 33 0.124939508969375
32 34 0.0678659449654741
32 36 0.0916343996130548
32 37 0.152173656650215
32 38 0.155450721282293
32 39 0.0745862254095401
32 40 0.0441073043670321
32 41 0.0983117580494612
32 44 0.0140115890389759
32 97 0.217925240994573
32 152 0.0364338166347636
32 180 0.622853204088078
32 254 0.0420665900781416
32 257 0.0250771749094325
32 279 0.204675206320005
32 313 0.0293655345686479
32 323 0.00130161509026414
32 396 0.0107175340169027
32 457 0.00239306706059598
32 482 0.254713614998485
33 12 0.0974158613111907
33 20 0.036959053894614
33 21 0.367609381318936
33 26 0.0360858233117009
33 27 0.164171747373373
33 29 0.161707175932892
33 30 0.231217443993458
33 32 0.124939508969375
33 34 0.0294354475999971
33 40 0.00293350308254201
33 41 0.100307605247934
33 42 0.0032939628100717
33 43 0.663894729150222
33 60 0.0633880759540699
33 113 0.00138376646543846
33 139 0.0313889395167317
33 209 0.0246049953285173
33 258 0.056427775101686
33 261 0.175828221136183
33 276 0.0876269432095302
33 319 0.0225545406987985
33 340 0.0387840701090666
33 378 0.0336376332993879
33 416 0.0682747689681212
33 472 0.0303251713193161
33 480 0.343449116329738
33 483 0.0118552406309737
33 497 0.108380884975995
34 11 0.0819091763917372
34 22 0.225722233813713
34 26 0.00579923301045614
34 29 0.026218504037716
34 30 0.269857279292694
34 32 0.0678659449654741
34 33 0.0294354475999971
34 35 0.0457860842230845
34 38 0.0509586277084287
34 41 0.03054395343221
34 45 0.633918791565468
34 47 0.0541700057132827
34 57 0.0235308812900221
34 150 0.13683687452755
34 176 0.00332145571633139
34 231 0.110591805029081
34 236 0.487696306273967
34 268 0.0657663131035332
34 305 0.219891746872083
34 312 0.0542832345829354
34 331 0.00516022197077889
34 351 0.000220718701925987
34 375 0.188262788543838
34 396 0.00504242767072587
34 405 0.0166531118309503
34 417 0.174967701727448
34 420 0.0859911554377698
34 431 0.0630018790800752
34 499 0.0181986332580638
35 22 0.0603129368099364
35 25 0.101390878278056
35 27 0.210736574529909
35 28 0.015363440169116
35 30 0.241625022845806
35 34 0.0457860842230845
35 36 0.0436460654093445
35 39 0.120573469047431
35 43 0.0185511288097483
35 45 0.0374943819941685
35 46 0.0576143313576736
35 47 0.0577079209113158
35 48 0.116910733316364
35 49 0.160468885067395
35 144 0.0345157412760937
35 163 0.03821231177144
35 169 0.186573789743929
35 190 0.00989290243330095
35 202 0.0492255373708871
35 205 0.0574293547506507
35 227 0.14194993827118
35 252 0.171013677434133
35 254 0.00920286261922235
35 343 0.167645587154115
35 404 0.136783269981063
36 22 0.000358371126223236
36 27 0.20652237075724
36 31 0.0605830561802898
36 32 0.0916343996130548
36 35 0.0436460654093445
36 38 0.145144272936195
36 40 0.113689579750772
36 43 0.00247235856462596
36 44 0.0762938006736086
36 47 0.194303028711389
36 48 0.0397384207569857
36 49 0.0757290383311962
36 50 0.136405135115596
36 63 0.047029265590522
36 77 0.0349678312649718
36 79 0.148032074208816
36 82 0.0761798579969285
36 86 0.0567024160412821
36 116 0.117839135852184
36 118 0.324598679922036
36 161 0.206831541170879
36 181 0.148138409364942
36 210 0.04524120009722
36 279 0.200689740194443
36 320 0.0785374048963882
36 430 0.0498834673097049
36 460 0.458666687853155
36 472 0.00524432327106025
37 23 0.0874030332297035
37 25 0.214184880252816
37 27 0.144419852121876
37 28 0.217459568785453
37 31 0.138719348460854
37 32 0.152173656650215
37 38 0.226332436641788
37 40 0.112523492177869
37 42 0.106382142561003
37 46 0.00283531246377063
37 48 0.20635850766072
37 49 0.0023388336715194
37 51 0.0198148420363375
37 70 0.0602805566904801
37 114 0.17129018197258
37 145 0.255229988426673
37 172 0.0791580388827418
37 251 0.236355201754323
37 263 0.0585751676106088
37 278 0.18160700267837
37 380 0.0196823224957039
37 423 0.203188226472918
38 24 0.233984190297551
38 27 0.02132528324557
38 29 0.00181850197385871
38 30 0.159695627300063
38 31 0.0115217550165928
38 32 0.155450721282293
38 34 0.0509586277084287
38 36 0.145144272936195
38 37 0.226332436641788
38 41 0.118928181870139
38 42 0.0511366616551146
38 43 0.0790981923968948
38 47 0.0270798381648635
38 49 0.0204246804547857
38 50 0.133450096854187
38 104 0.128158355036516
38 147 0.1857923956523
38 215 0.164746992579816
38 239 0.0167318716154116
38 248 0.0517538687874736
38 277 0.0424394004880147
38 312 0.100441837575397
38 335 0.0584217413594542
38 376 0.152383314465473
38 379 0.0211345985562205
38 414 0.0118843145270944
39 1 0.159873978819059
39 21 0.0155274218523663
39 23 0.0029556779280474
39 25 0.0770541993441542
39 27 0.0734249393985904
39 29 0.278269736701623
39 30 0.0708619114848949
39 32 0.0745862254095401
39 35 0.120573469047431
39 40 0.00919574230585345
39 43 0.410463758151024
39 44 0.0662548998256088
39 48 0.0819876241217321
39 50 0.0453751859864455
39 51 0.531068179817616
39 52 0.0252866793893661
39 66 0.0285227777539484
39 77 0.451787831763355
39 82 0.195259813153588
39 120 0.22868406278241
39 133 0.061407954159677
39 172 0.0252657858261742
39 211 0.153949543222749
39 236 0.0462962888062652
39 252 0.00595652893786681
39 302 0.088015082322504
39 405 0.0280966881841826
39 413 0.179364473911237
39 462 0.00187311713920933
39 469 0.0998228179864141
40 23 0.102677292093494
40 24 0.168969205695053
40 28 0.117713350103262
40 31 0.158551744289791
40 32 0.0441073043670321
40 33 0.00293350308254201
40 36 0.113689579750772
40 37 0.112523492177869
40 39 0.00919574230585345
40 41 0.0219364505940457
40 42 0.00670975556129362
40 44 0.146382091688559
40 48 0.13168913716964
40 50 0.41518049740327
40 52 0.0566623843417128
40 54 0.354516091761064
40 62 0.0183176299520005
40 101 0.0306142242850686
40 103 0.0305746376860572
40 122 0.00773823057606114
40 141 0.0967882748368022
40 183 0.363132475688235
40 235 0.287235843737705
40 278 0.00545840103182765
40 287 0.141847276807458
40 320 0.128908818152957
40 457 0.0855439432157071
40 477 0.13297455302544
41 27 0.334355196093365
41 30 0.0250758283148305
41 31 0.0271718383943688
41 32 0.0983117580494612
41 33 0.100307605247934
41 34 0.03054395343221
41 38 0.118928181870139
41 40 0.0219364505940457
41 43 0.0325070849502268
41 44 0.0337343893152213
41 45 0.133570384558409
41 46 0.0761997247656645
41 50 0.244440733350006
41 51 0.0819081261201008
41 52 0.0440170921067934
41 53 0.00914356033147698
41 55 0.0343699658369449
41 90 0.137293265081158
41 112 0.000485653549417787
41 174 0.00592106490079417
41 207 0.0292314567891147
41 238 0.00810034279999359
41 239 0.155644994691059
41 320 0.00409157388319699
41 338 0.247768225391248
41 345 0.0964606378169493
41 354 0.0977169110337534
41 355 0.321676716639097
41 387 0.0407152667156942
41 393 0.0658384367006104
41 421 0.0779601239511404
41 459 0.0316324576011059
41 472 0.303430694476329
41 476 0.117324335125206
42 21 0.0502824846301818
42 30 0.013980495338315
42 31 0.0769233378778757
42 33 0.0032939628100717
42 37 0.106382142561003
42 38 0.0511366616551146
42 40 0.00670975556129362
42 43 0.183347356392438
42 46 0.086060015664316
42 49 0.0749656327624915
42 51 0.0747726637385314
42 52 0.00421438212649434
42 53 0.123239591214941
42 55 0.0512107904095516
42 56 0.0380084145876578
42 111 0.00975802556562626
42 119 0.00668665931959204
42 176 0.0767141399507359
42 187 0.403833379677527
42 201 0.176991391984543
42 214 0.413168877005698
42 303 0.0619321342130291
42 317 0.20506602632788
42 351 0.160817301292875
42 375 0.166893072013324
42 379 0.0781142712634642
42 394 0.0746224535232827
42 395 0.0407141740338045
42 428 0.0145655666850856
42 468 0.0296867758561482
42 470 0.0145435851406435
42 490 0.173941234749408
43 12 0.179520478495712
43 26 0.477109055369285
43 29 0.127793771243478
43 33 0.663894729150222
43 35 0.0185511288097483
43 36 0.00247235856462596
43 38 0.0790981923968948
43 39 0.410463758151024
43 41 0.0325070849502268
43 42 0.183347356392438
43 44 0.0491011672657125
43 45 0.108797740218017
43 47 0.242349782391305
43 48 0.0246214351448006
43 49 0.320064821555095
43 52 0.00815617501155869
43 53 0.218311054581597
43 56 0.0897702165439548
43 57 0.0707579695972977
43 86 0.186040501512526
43 127 0.0341745216253202
43 157 0.152499210733412
43 160 0.0268218619384219
43 347 0.0678652612864073
43 351 0.101993157158004
43 363 0.142765209504432
43 432 0.075117695001152
43 436 0.286095787212227
43 479 0.164865031511533
44 30 0.146147335373504
44 31 0.207652661557586
44 32 0.0140115890389759
44 36 0.0762938006736086
44 39 0.0662548998256088
44 40 0.146382091688559
44 41 0.0337343893152213
44 43 0.0491011672657125
44 47 0.0856902002530769
44 48 0.257865784073591
44 49 0.0704573605244294
44 50 0.02762827225624
44 53 0.0083970824278783
44 57 0.0837926032790576
44 58 0.00681047329129206
44 158 0.0359845045441246
44 169 0.106545134869832
44 192 0.156872008552724
44 201 0.390481504338236
44 245 0.055106250377799
44 260 0.0586136162634773
44 280 0.270678421688606
44 345 0.126645920202678
44 354 0.190162039693342
44 364 0.0216459115342334
44 420 0.0316733563976377
45 8 0.131213471200692
45 31 0.110401428873557
45 34 0.633918791565468
45 35 0.0374943819941685
45 41 0.133570384558409
45 43 0.108797740218017
45 47 0.0220382973764159
45 49 0.0380155911784492
45 50 0.0775153643451197
45 51 0.118066294410853
45 52 0.0422540173458253
45 55 0.0554115743503689
45 57 0.0359270169850114
45 59 0.0308868901219781
45 77 0.334295591000324
45 89 0.110609879556537
45 106 0.0474444206285829
45 111 0.0228333107732458
45 167 0.27088771481388
45 171 0.214050953709434
45 206 0.0244378824123436
45 222 0.0359535169601487
45 234 0.0332318754886578
45 246 0.117106767274683
45 305 0.0561638662662833
45 338 0.0947569490579253
45 387 0.148150402618511
45 398 0.11683431092435
45 449 0.190607677546916
46 35 0.0576143313576736
46 37 0.00283531246377063
46 41 0.0761997247656645
46 42 0.086060015664316
46 48 0.0944949912091506
46 50 0.360787120821752
46 52 0.072289109248771
46 53 0.0315794196167942
46 55 0.00103360487404168
46 56 0.0424347737883095
46 57 0.460595026817753
46 58 0.0508901558389933
46 60 0.0330839391572025
46 70 0.0197275997601975
46 146 0.12763943194655
46 158 0.00257414329628628
46 231 0.234207742431149
46 287 0.0482930242584002
46 290 0.000788696275623575
46 291 0.00978072317229365
46 430 0.0451669257179234
46 441 0.0709278338236359
47 15 0.0256670196312138
47 29 0.334238949084067
47 34 0.0541700057132827
47 35 0.0577079209113158
47 36 0.194303028711389
47 38 0.0270798381648635
47 43 0.242349782391305
47 44 0.0856902002530769
47 45 0.0220382973764159
47 49 0.256591992560964
47 53 0.0374890640321393
47 55 0.813307969385944
47 56 0.0163534935536978
47 58 0.140508317884199
47 59 0.163472483986539
47 60 0.115031671718432
47 128 0.211913505617888
47 146 0.0309987320386923
47 224 0.0131655696200931
47 237 0.175675708711066
47 253 0.0611685763858019
47 267 0.0598988620510289
47 288 0.0286548007352721
47 324 0.108568125945485
47 331 0.0130132489733594
47 361 0.018164529532834
47 384 0.00273018625705646
47 446 0.0314923973540525
47 471 0.525946767023369
47 478 0.208247096786025
47 492 0.0118107371924697
47 496 0.00283463679639911
48 35 0.116910733316364
48 36 0.0397384207569857
48 37 0.20635850766072
48 39 0.0819876241217321
48 40 0.13168913716964
48 43 0.0246214351448006
48 44 0.257865784073591
48 46 0.0944949912091506
48 49 0.330682248902496
48 50 0.0525300861999038
48 54 0.0758601093909083
48 57 0.16885021565801
48 58 0.0934382826141089
48 60 0.323453043461408
48 61 0.048605086243265
48 62 0.100565916212356
48 112 0.0462129505619611
48 152 0.0727790407627018
48 208 0.0245205488407668
48 235 0.323303947168306
48 288 0.0189967200674032
48 318 0.0648599443157064
48 333 0.0599571823383562
48 366 0.0535380320960606
48 408 0.0446022286869021
48 484 0.00185818815114247
49 35 0.160468885067395
49 36 0.0757290383311962
49 37 0.0023388336715194
49 38 0.0204246804547857
49 42 0.0749656327624915
49 43 0.320064821555095
49 44 0.0704573605244294
49 45 0.0380155911784492
49 47 0.256591992560964
49 48 0.330682248902496
49 50 0.0135462265843883
49 51 0.022879709193752
49 53 0.185566156096407
49 54 0.071218433724047
49 56 0.0270802740260527
49 59 0.0847218992366007
49 61 0.192459759462273
49 62 0.157120242250133
49 185 0.161300978809774
49 227 0.0444216045104932
49 259 0.149706221732786
49 299 0.268860483871933
49 343 0.3844399916302
49 373 0.0788546169409431
49 418 0.311018952653735
49 425 0.0116060692442002
49 454 0.113114583555427
49 492 0.189588021624067
50 24 0.014956899096723
50 36 0.136405135115596
50 38 0.133450096854187
50 39 0.0453751859864455
50 40 0.41518049740327
50 41 0.244440733350006
50 44 0.02762827225624
50 45 0.0775153643451197
50 46 0.360787120821752
50 48 0.0525300861999038
50 49 0.0135462265843883
50 51 0.069230737597477
50 54 0.00631396820672982
50 59 0.30119510780349
50 62 0.0187714174412941
50 63 0.017904534573725
50 64 0.0144135333756152
50 100 0.0628167865435236
50 164 0.186017563652808
50 241 0.103924477620268
50 343 0.161441821240729
50 351 0.123596792676225
50 354 0.101568672412457
50 357 0.175940635388909
50 378 0.105038530239624
50 411 0.0864573922628862
50 461 0.165122694644077
50 476 0.266257163599828
50 490 0.183519331966474
51 37 0.0198148420363375
51 39 0.531068179817616
51 41 0.0819081261201008
51 42 0.0747726637385314
51 45 0.118066294410853
51 49 0.022879709193752
51 50 0.069230737597477
51 53 0.138954315364488
51 57 0.0382265150567011
51 60 0.135394458680465
51 62 0.0340187719463831
51 63 0.0100698614644078
51 65 0.285750471255379
51 81 0.473679835251336
51 97 0.0134433131803387
51 115 0.0639342200057053
51 201 0.00977937419784222
51 220 0.0289312584256729
51 302 0.129711711095361
51 394 0.0887366129466608
51 429 0.118186436240382
51 478 0.0282062243417162
52 28 0.0119649322548517
52 39 0.0252866793893661
52 40 0.0566623843417128
52 41 0.0440170921067934
52 42 0.00421438212649434
52 43 0.00815617501155869
52 45 0.0422540173458253
52 46 0.072289109248771
52 53 0.04113934132976
52 54 0.198163710567025
52 55 0.0453268111204924
52 56 0.0178037099132475
52 62 0.0548546893564974
52 64 0.0243685639825272
52 65 0.173498825393692
52 66 0.0536971786847802
52 93 0.150983650495261
52 180 0.0289600212891752
52 236 0.303749092511053
52 280 0.196872140891091
52 382 0.0373761209191307
52 395 0.142162637822442
52 422 0.11425468030361
52 446 0.0182712664199026
53 41 0.00914356033147698
53 42 0.123239591214941
53 43 0.218311054581597
53 44 0.0083970824278783
53 46 0.0315794196167942
53 47 0.0374890640321393
53 49 0.185566156096407
53 51 0.138954315364488
53 52 0.04113934132976
53 54 0.0281179620100061
53 55 0.109430792303345
53 56 0.334480702878607
53 57 0.278379845612137
53 59 0.0877261048257896
53 62 0.0124256639070532
53 63 0.131820910804365
53 64 0.0524090007245456
53 65 0.0662902805937702
53 67 0.174547024399713
53 156 0.161809341832188
53 169 0.0204367034254515
53 263 0.0504420707203679
53 266 0.303477011358931
53 304 0.0786750742216566
53 306 0.0532041519756688
53 391 0.145369272131009
53 410 0.0887524264788176
53 463 0.0345791415468126
54 19 0.101961426707156
54 29 0.187961981121827
54 40 0.354516091761064
54 48 0.0758601093909083
54 49 0.071218433724047
54 50 0.00631396820672982
54 52 0.198163710567025
54 53 0.0281179620100061
54 55 0.0130951689128532
54 57 0.0020515262766646
54 58 0.13109474380477
54 60 0.26018493928673
54 62 0.184036124011696
54 63 0.195489305621587
54 65 0.0216636689031949
54 66 0.172384191775032
54 67 0.32116054302261
54 68 0.0457773509236494
54 119 0.0443087966900819
54 165 0.0859130254944057
54 171 0.121584762411129
54 183 0.0199886964235561
54 226 0.147665874085511
54 295 0.0132088053167705
54 301 0.0191482942634865
54 386 0.0770854112959468
54 418 0.0130988871011948
54 423 0.0656698968659433
54 429 0.177373896600593
54 475 0.0474387293452727
54 492 0.00727444733155606
55 0 0.147459554991931
55 41 0.0343699658369449
55 42 0.0512107904095516
55 45 0.0554115743503689
55 46 0.00103360487404168
55 47 0.813307969385944
55 52 0.0453268111204924
55 53 0.109430792303345
55 54 0.0130951689128532
55 56 0.106661461803369
55 57 0.028582766064237
55 59 0.0695521749882748
55 60 0.0271554307912651
55 61 0.000653087190467255
55 63 0.0320746925317365
55 64 0.0170064397757679
55 65 0.0372401395067164
55 67 0.0565496025617673
55 68 0.013768239796443
55 69 0.0831217012785547
55 107 0.105706100712677
55 126 0.0579334130684307
55 133 0.393918300598075
55 157 0.22816345656085
55 168 0.0819441133147298
55 241 0.108512001745129
55 275 0.157701886048181
55 299 0.0286123821399769
55 307 0.000436945215306543
55 369 0.16249473187342
55 413 0.176451531769783
55 414 0.0886036382865407
55 424 0.116020923754929
55 428 0.114479419051456
55 493 0.0841218712749568
56 25 0.0370883915067994
56 30 0.0582793078823755
56 42 0.0380084145876578
56 43 0.0897702165439548
56 46 0.0424347737883095
56 47 0.0163534935536978
56 49 0.0270802740260527
56 52 0.0178037099132475
