0 3 0.178541566485544
0 6 0.00740154308742309
0 30 0.0472663787543338
0 54 0.0402090287719599
0 172 0.128887859823015
0 184 0.0711558681890439
0 216 0.136002553388511
0 265 0.0221872827297414
0 268 0.19132483099781
0 272 0.0743223026121504
0 336 0.0462761552788711
0 344 0.0187823956773467
0 382 0.0200873231504857
0 426 0.0178888868928442
0 441 0.0606528456272129
0 499 0.0336133962441555
0 507 0.0451463282535764
0 548 0.107991390252335
0 572 0.0114720342560277
0 582 0.0317298440715602
0 608 0.219552289922643
0 667 0.252974748233961
0 737 0.170718269224109
1 2 0.185387442199434
1 6 0.266742310799224
1 61 0.0012235844849299
1 77 0.123297689631875
1 80 0.00403391355197611
1 82 0.0500978662510834
1 89 0.18729274725726
1 92 0.0117975389697371
1 113 0.0232081839156185
1 173 0.014314828114967
1 188 0.0848774314410759
1 233 0.107239003235137
1 236 0.0268398341789366
1 323 0.36834654693131
1 337 0.0884805000641639
1 397 0.00458702874395253
1 422 0.0354363476035703
1 439 0.0719684718628003
1 456 0.010950887455632
1 495 0.0445208170387888
1 513 0.0655056266185042
1 515 0.0529383812905169
1 535 0.225154452375733
1 559 0.0297311923645789
1 596 0.283587639374124
1 599 0.110893823851945
1 618 0.120043284817761
1 703 0.116827902503555
1 736 0.144051516653978
1 738 0.165496134479001
2 1 0.185387442199434
2 16 0.134182177972852
2 65 0.134427437567897
2 72 0.14552202466493
2 127 0.000462992188058952
2 140 0.0502622600858451
2 182 0.0248296910418932
2 245 0.0980714170975991
2 248 0.127396417423847
2 252 0.0282054637638719
2 335 0.0573028218908398
2 374 0.0102599769760771
2 393 0.0463323628448579
2 445 0.0233476493125767
2 491 0.0488876569189508
2 497 0.0180155905090612
2 585 0.0984821947086234
2 641 0.186398401781256
2 715 0.0250675474079099
2 718 0.144347286066723
2 729 0.0424820575901365
2 731 0.112877328507513
2 733 0.0300266078146502
2 740 0.00540168021987838
2 744 0.326195106645757
3 0 0.178541566485544
3 7 0.0738499625442821
3 22 0.00571664825815889
3 38 0.0781510906028495
3 53 0.0597062312278356
3 68 0.0296271136536172
3 108 0.0239586988775322
3 111 0.00525368251432767
3 113 0.00867174833385813
3 149 0.00382561442146335
3 156 0.276270271053465
3 158 0.0690518103046338
3 187 0.0294545833285401
3 192 0.136496708535142
3 219 0.019586420483834
3 237 0.012708272382789
3 259 0.00985307453053659
3 272 0.0265674746065443
3 284 0.11643432494086
3 290 0.0962566700077525
3 307 0.0454117009415813
3 319 0.285645187724199
3 321 0.178452837312986
3 331 0.0823185750714537
3 332 0.0189878491158004
3 406 0.0402011699905141
3 552 0.015279574648834
3 720 0.0417920027172222
3 739 0.208706493629014
3 745 0.30186227826275
3 747 0.0412690754482411
4 6 0.00911299605961067
4 8 0.229220522988162
4 14 0.0307072010707958
4 21 0.161304891962662
4 75 0.039838839012613
4 100 0.11878209329692
4 157 0.110222528810026
4 186 0.00429252268487243
4 195 0.0877023380368363
4 199 0.0257702149727434
4 214 0.199048991724084
4 251 0.00962666027130732
4 281 0.019039174990871
4 321 0.0744781224701286
4 357 0.104851371023259
4 390 0.0352867349971416
4 400 0.0672677020692314
4 496 0.0423075391179207
4 518 0.091211455059451
4 550 0.033177768153025
4 557 0.110391057618527
4 586 0.101305446282016
4 598 0.0500326696973964
4 647 0.3907330274997
4 661 0.0129830278304602
4 709 0.152362570262451
4 717 0.0251299015903457
4 729 0.284771515245544
4 741 0.107471094357989
4 746 0.0684592950593307
4 747 0.22675216147503
5 15 0.0514778093645114
5 35 0.0156848145370184
5 77 0.0353721872750154
5 108 0.0112764284782189
5 161 0.190227939723204
5 176 0.000856421558696519
5 204 0.0101812254825027
5 219 0.0111247505220662
5 234 0.0988534880615185
5 343 0.0168534905995583
5 368 0.0969920368653755
5 391 0.158425051024014
5 394 0.126993267541258
5 398 0.074866771995353
5 424 0.0494262251478999
5 436 0.167256034028058
5 504 0.0350924795793555
5 525 0.302154541696358
5 533 0.0650063102180583
5 626 0.0316304909427969
5 676 0.0557983301671754
5 677 0.0835052652004193
5 693 0.0384806161709801
5 740 0.0968115116714158
5 747 0.0830494711565998
6 0 0.00740154308742309
6 1 0.266742310799224
6 4 0.00911299605961067
6 13 0.367680266804622
6 14 0.00689674788367493
6 20 0.0128470894182812
6 26 0.033140990936646
6 39 0.220628205675171
6 58 0.0344007086074668
6 94 0.0249866557714464
6 101 0.309667280324356
6 115 0.0953520948692175
6 176 0.0698447222098039
6 181 0.0350625954254373
6 254 0.0943278109336212
6 271 0.0968214631810785
6 322 0.00801994830341141
6 334 0.423697959656148
6 363 0.0593255819928849
6 372 0.16465053461033
6 386 0.438578961756915
6 401 0.0383050278775678
6 423 0.295147784778001
6 431 0.0561053687601248
6 439 0.0886986501839555
6 454 0.0435168113011338
6 515 0.0955703111327392
6 527 0.166115754242034
6 532 0.00511571713599604
6 543 0.212070141543132
6 656 0.0522910520422719
6 672 0.101377255038275
6 714 0.0105402768571956
6 746 0.0752974447516315
6 748 0.0485233661363236
7 3 0.0738499625442821
7 43 0.172212374926148
7 62 0.0286046487407196
7 74 0.119848588937281
7 109 0.160740095941741
7 169 0.283061479658732
7 190 0.0833326555302285
7 199 0.0787672348465634
7 233 0.0792579049978542
7 235 0.0985898622588074
7 338 0.0187049125017532
7 349 0.199799375327028
7 382 0.0267692439321807
7 399 0.266145841303821
7 420 0.0130363222928136
7 447 0.0221549955066554
7 451 0.160705705631217
7 460 0.037202687426332
7 461 0.197096678358013
7 495 0.0326634460109975
7 554 0.0417287883299247
7 565 0.0433817767926242
7 586 0.0338107882069114
7 601 0.146039553838409
7 634 0.00983577894036409
7 642 0.0696017426648902
7 648 0.0794213890368385
7 655 0.0602777224613998
7 663 0.0621780901678544
7 683 0.136219549218286
7 687 0.107753546571406
7 693 0.0906455008543037
7 702 0.241583587328665
7 724 0.0213309970405524
8 4 0.229220522988162
8 54 0.0897870774475312
8 118 0.315170080793329
8 151 0.0641963913011869
8 228 0.0268604975910689
8 248 0.167482259339179
8 265 0.0104466042132406
8 302 0.110551441007302
8 319 0.040129910927236
8 342 0.0460503282156006
8 378 0.0795025852248028
8 382 0.0425543428828958
8 409 0.072368612685852
8 433 0.00932105187437938
8 455 0.220175923519255
8 550 0.227428202205975
8 578 0.00312763373890169
8 590 0.241779804847974
8 612 0.00593447351268033
8 648 0.383860955470577
8 665 0.226375948961818
8 666 0.0451420884275636
8 744 0.0596657922739497
9 12 0.0529712249063106
9 23 0.117767888619348
9 46 0.0792249550584983
9 68 0.112472866457115
9 141 0.126111925929239
9 153 0.341258039387279
9 165 0.319564253645203
9 215 0.000345040259723701
9 244 0.0232865565803498
9 247 0.0489092401635212
9 337 0.0443646907955458
9 344 0.161423368092127
9 346 0.09231128296328
9 367 0.294718981002546
9 388 0.100805173239197
9 416 0.0462090462483207
9 446 0.0719184005068262
9 471 0.0268830122227723
9 482 0.0316339951048804
9 494 0.337126775217749
9 505 0.0265866456684369
9 513 0.291047864446344
9 558 0.216460838063034
9 566 0.0803728244187811
9 570 0.142615482842902
9 573 0.0390557420297301
9 578 0.198520138190324
9 590 0.0144211445206862
9 602 0.079112885311277
9 678 0.0424007816232814
9 703 0.00599107806895853
9 715 0.0633667650736533
9 734 0.0716027272617996
10 15 0.0850807740019179
10 21 0.473307949548383
10 33 0.344166283274803
10 45 0.118557558204492
10 63 0.492532241105933
10 139 0.109127123022687
10 148 0.00183799121207505
10 153 0.087759215504456
10 171 0.0533517397350663
10 244 0.0257531937342303
10 249 0.0199616424406679
10 263 0.167811712761095
10 298 0.0275185099771027
10 348 0.034031189391686
10 359 0.211144372087083
10 365 0.104834513199923
10 387 0.00237593548603829
10 390 0.361811262482033
10 392 0.117796500433453
10 472 0.004565860897041
10 586 0.0889602883470306
10 613 0.216968866905408
10 616 0.248495604030559
10 625 0.043468140871612
10 638 0.00310865815127503
10 660 0.0378570794258127
10 717 0.128410860853889
10 731 0.0518552177645442
11 19 0.026815657577197
11 20 0.0133632049377296
11 52 0.397894581370487
11 113 0.118366612683941
11 141 0.0184145256102094
11 157 0.0677743249163481
11 160 0.067070722902666
11 166 0.00490337073233899
11 196 0.228826355026813
11 211 0.434055136196364
11 236 0.0621266166225502
11 297 0.0255826837728855
11 330 0.131576499829505
11 423 0.156672353916735
11 471 0.128302381096935
11 604 0.139167443517181
11 624 0.0275798353938428
11 667 0.0209834184909363
11 749 0.163316092832313
12 9 0.0529712249063106
12 13 0.118453486741883
12 24 0.0216072336469789
12 50 0.0168173609726674
12 51 0.0253288541439865
12 64 0.00565500077952682
12 97 0.0742537780806859
12 101 0.0122909800616201
12 112 0.0373363505542245
12 129 0.139236847986564
12 145 0.0421908043108744
12 169 0.00195893814782288
12 196 0.0302138868771082
12 197 0.081881772981487
12 200 0.108559200166876
12 210 0.112771391842087
12 216 0.0495890663451637
12 231 0.103702033771492
12 255 0.0388396019141526
12 304 0.115258968096439
12 358 0.148930498425048
12 392 0.061756442382844
12 471 0.109110134846169
12 520 0.214332508993528
12 568 0.0696834431155815
12 613 0.169164295319806
12 623 0.161881622284174
12 635 0.17266229279433
12 636 0.0494327552564656
12 689 0.02845077041145
12 710 0.080787188480089
12 746 0.0475012305035707
12 749 0.0736932833451815
13 6 0.367680266804622
13 12 0.118453486741883
13 23 0.0169372226519886
13 34 0.0147694423171908
13 47 0.000503501279981861
13 98 0.159189221572282
13 115 0.018360596244186
13 131 0.253250479373385
13 139 0.0369570606367174
13 206 0.0689607299515382
13 239 0.0815586949584036
13 243 0.0977905837968094
13 258 0.0138748256323914
13 342 0.037357200153172
13 343 0.182444803523868
13 367 0.0533561526549683
13 381 0.0726652033608106
13 393 0.193488430236533
13 405 0.0864138875722623
13 411 0.0553878827265738
13 474 0.116732365473015
13 484 0.0165844768497958
13 486 0.0752162911279089
13 513 0.265572588392843
13 529 0.087858299661976
13 566 0.0314633689132806
13 617 0.0466778298062913
13 630 0.171001178167824
13 652 0.0742453883051159
13 683 0.000476456013511155
13 700 0.0599147700126816
13 713 0.115245759010045
13 734 0.0054971899048242
13 749 0.019301196606919
14 4 0.0307072010707958
14 6 0.00689674788367493
14 29 0.038413839141295
14 41 0.157725860361108
14 75 0.0611171630538875
14 92 0.0155034992293211
14 156 0.103627271967623
14 163 0.14923897482336
14 180 0.270818710484137
14 182 0.253397602924884
14 218 0.123804359162621
14 233 0.115045939753561
14 243 0.432531248722864
14 309 0.531493890031316
14 314 0.227778820219204
14 338 0.0200936620095213
14 375 0.0022083639439233
14 468 0.000770070771222088
14 529 0.280958706955408
14 531 0.171268336731394
14 543 0.0487986892239545
14 554 0.0541168307479045
14 580 0.0259259189717487
14 598 0.0668223143542768
14 602 0.172747775405406
14 616 0.0398990333817848
14 636 0.0814091912959437
14 644 0.0343327905234954
14 661 0.165712155866283
14 720 0.0916430373503033
14 728 0.0444271087233572
14 749 0.314434522350277
15 5 0.0514778093645114
15 10 0.0850807740019179
15 19 0.183343838414064
15 20 0.0232480788797558
15 55 0.0499410300234469
15 106 0.0318172954046186
15 109 0.0234672877076194
15 169 0.0695606684667115
15 173 0.0555545653033051
15 314 0.0171235427008114
15 315 0.191032778253451
15 380 0.301606136854171
15 382 0.0496076356534021
15 389 0.194150819143971
15 415 0.184931294443153
15 421 0.0910763149232917
15 451 0.183592771908753
15 503 0.0122441019597934
15 533 0.135421920098813
15 539 0.0375191586073677
15 549 0.00912165127238895
15 571 0.338965838383764
15 643 0.262187092407346
15 657 0.000672122042848888
15 670 0.139120349823726
15 692 0.0405712356620272
15 706 0.0948813207055179
15 736 0.0328476739214335
16 2 0.134182177972852
16 22 0.0341805095656418
16 54 0.0218270403479738
16 82 0.0913328996404488
16 107 0.0860315077485517
16 117 0.0184594123465353
16 170 0.115373300653445
16 191 0.027423440349675
16 288 0.0519848459214284
16 291 0.274331874092148
16 297 0.0268871919373034
16 304 0.039766763961422
16 305 0.0188258242128924
16 315 0.172951650250416
16 369 0.0403077523393877
16 418 0.0803478160294451
16 456 0.00606120886722295
16 457 0.0631154092528736
16 462 0.0318658721077167
16 490 0.228047083600957
16 518 0.0165159374849985
16 542 0.0223713024004025
16 551 0.0860500160671537
16 558 0.220833894604945
16 579 0.717141909604297
16 581 0.00804900035231947
16 603 0.0106333368558179
16 619 0.040138842633483
16 629 0.0568652685939503
16 689 0.131312110489227
16 706 0.0298683305159412
16 741 0.169510536150109
16 747 0.0942462624113339
17 18 0.230784554159084
17 28 0.0685773131481441
17 105 0.169950450730337
17 159 0.00843191593161519
17 166 0.0872999669017344
17 189 0.193442916932515
17 197 0.0584801768025366
17 240 0.0615629903808728
17 245 0.0257680377252179
17 290 0.0159347147013087
17 340 0.0531663657088268
17 363 0.0832110614739095
17 458 0.0570560091265638
17 489 0.0687570640741211
17 534 0.0123893698045251
17 541 0.256600126648018
17 551 0.143165812488402
17 573 0.0775610322041792
17 647 0.191517014103965
17 666 0.0360879251696696
17 720 0.0427658720106668
17 723 0.0700873452358766
17 729 0.166403305217893
17 734 0.0614236247603478
17 743 0.00786073216162285
18 17 0.230784554159084
18 21 0.284677903962374
18 27 0.00379893481105363
18 30 0.0225889609287613
18 31 0.0594517037975129
18 49 0.0457475908077548
18 76 0.158224285222432
18 135 0.0222236769139121
18 148 0.0511250385602455
18 163 0.0133823630235453
18 203 0.294548253528774
18 208 0.138770439540168
18 211 0.379782888055432
18 240 0.0148729746216976
18 273 0.0161888129253618
18 295 0.0457449041459908
18 325 0.131833172535698
18 424 0.158643779437394
18 457 0.0196766884943101
18 532 0.102338596085023
18 537 0.0727644301752628
18 564 0.134369980527017
18 581 0.0708556243524665
18 650 0.146531591491868
18 656 0.243862631535661
18 687 0.203200889909248
18 718 0.219652064986216
18 737 0.00766078179511075
18 740 0.0071530866912034
19 11 0.026815657577197
19 15 0.183343838414064
19 24 0.00808411324906603
19 26 0.0507763078491717
19 47 0.010577679105656
19 138 0.327506949602368
19 146 0.00940275573380967
19 147 0.0952253851690975
19 268 0.0977730654767996
19 307 0.0405919521057044
19 328 0.0579993657563367
19 340 0.036360875500842
19 348 0.0754146284252683
19 372 0.0345172792764538
19 406 0.156791814371007
19 420 0.0179497810285488
19 427 0.00812611842610133
19 477 0.454728285075083
19 484 0.0599575566765887
19 492 0.145103962419266
19 501 0.0566671814901855
19 594 0.00330559488825502
19 604 0.097277735789969
19 614 0.337544634139553
19 624 0.0300340395423869
19 655 0.0216000256979429
19 740 0.313455210305441
20 6 0.0128470894182812
20 11 0.0133632049377296
20 15 0.0232480788797558
20 53 0.203657534502523
20 119 0.198351989784258
20 139 0.119089483068126
20 189 0.0867308133219782
20 204 0.00939138059086462
20 273 0.0498416224836772
20 289 0.00135379999047063
20 307 0.0363285307940887
20 308 0.00982829462478993
20 321 0.0859814066398723
20 367 0.0659034394774907
20 389 0.045758045017066
20 393 0.0646017996362532
20 455 0.0348319291810507
20 466 0.00769478390507763
20 480 0.124733289029752
20 516 0.264901404391616
20 517 0.0298434925298791
20 534 0.0749511215402817
20 554 0.155591379236789
20 614 0.00274251185710982
20 617 0.151188090786816
20 629 0.00533182212959661
20 703 0.0145504947062356
21 4 0.161304891962662
21 10 0.473307949548383
21 18 0.284677903962374
21 30 0.0577748763038689
21 68 0.0922897166572824
21 71 0.016439298166369
21 94 0.0573476388379964
21 117 0.0303601196494842
21 155 0.127225572579831
21 158 0.175894496128453
21 173 0.032201693773805
21 180 0.0226466158362268
21 190 0.100885492758172
21 246 0.0422487763334421
21 310 0.1281441821245
21 326 0.023032914677226
21 353 0.0215611183432085
21 453 0.0412946143856819
21 541 0.00194311643335994
21 565 0.0447962155236397
21 590 0.0329134324266368
21 648 0.0978122881411556
21 697 0.16931018423703
21 740 0.355745828852458
22 3 0.00571664825815889
22 16 0.0341805095656418
22 25 0.0528326878653966
22 29 0.355112068886794
22 32 0.0639698914036204
22 43 0.0343882887364727
22 66 0.0360808905280884
22 94 0.096150822056473
22 107 0.0493787411349185
22 109 0.0730588283008327
22 172 0.0203628499743357
22 175 0.114124956214268
22 178 0.114011906836181
22 194 0.00635703732131341
22 206 0.13993084134811
22 236 0.0132072726884114
22 268 0.0225248278816736
22 310 0.0985454651464418
22 313 0.0307238469016503
22 340 0.375849932474428
22 343 0.0557777723115253
22 369 0.0561889682789675
22 430 0.0027164893047356
22 482 0.0252791339805151
22 560 0.0157431367319066
22 613 0.0236431704684982
22 623 0.0776002100809865
22 693 0.0222377746872586
22 735 0.0428229393809578
22 747 0.19388229685587
23 9 0.117767888619348
23 13 0.0169372226519886
23 59 0.165667917957421
23 81 0.325392115971718
23 109 0.00131968473887126
23 116 0.0384244773539743
23 228 0.0087592607559407
23 230 0.015427918732207
23 261 0.00624335784449234
23 289 0.0246754460784434
23 296 0.049534163684467
23 304 0.146500791478765
23 323 0.132464817364099
23 472 0.425674764127596
23 503 0.0635717754754593
23 511 0.212496497349514
23 567 0.0977536051966235
23 582 0.310532422532082
23 604 0.0852278039058666
23 606 0.0459905038517477
23 642 0.0518593237371494
23 683 0.045576298337232
23 694 0.391290532124472
23 698 0.287492509461017
23 703 0.140013041269793
23 739 0.00359818948936186
24 12 0.0216072336469789
24 19 0.00808411324906603
24 28 0.00970342277178395
24 38 0.0248576997846026
24 65 0.0498438165253808
24 76 0.0957478098864659
24 94 0.00384534635980805
24 171 0.078918578347128
24 252 0.00193495996520125
24 274 0.169899411918853
24 302 0.232910717133681
24 312 0.017456475402774
24 313 0.12338521245634
24 349 0.00997682438434034
24 359 0.315257175486445
24 481 0.102681798796853
24 483 0.0508403481499132
24 519 0.0810214513313587
24 546 0.0206631769302469
24 598 0.074238929922805
24 626 0.0363252577057557
24 678 0.0403497869514843
24 726 0.29274433687419
24 738 0.0728645994912171
25 22 0.0528326878653966
25 29 0.109867599898426
25 31 0.158859672664038
25 32 0.126978483209682
25 37 0.03180515243669
25 61 0.0445196641807703
25 94 0.0660653240788078
25 189 0.0556080472740792
25 237 0.00294871350184862
25 285 0.0319247854366598
25 393 0.0505168051011262
25 452 0.0683447401002039
25 476 0.00504493295417664
25 488 0.0526306755853065
25 537 0.0875388120882634
25 542 0.013410718543917
25 598 0.275115886906214
25 646 0.317111324701912
25 647 0.10761932403135
25 685 0.0355965788494302
25 692 0.0853044727337153
25 696 0.020358987684609
26 6 0.033140990936646
26 19 0.0507763078491717
26 48 0.211546447055224
26 71 0.00673848213599829
26 76 0.069593951525245
26 93 0.112796645928599
26 110 0.108000836883008
26 125 0.0626288771128606
26 130 0.0361617769105271
26 159 0.13501443532139
26 181 0.0784729649205579
26 201 0.015874008079106
26 215 0.0431679110933517
26 247 0.108395471303826
26 251 0.0515793351169224
26 278 0.0136723577406681
26 286 0.0671980092616646
26 321 0.0604008124146426
26 350 0.0918216827680416
26 390 0.0648198204940951
26 485 0.0402803934794123
26 555 0.385548843118661
26 657 0.0978738419599058
26 667 0.118835224078464
26 696 0.0279370379142775
26 706 0.152125864078136
26 729 0.124384898756879
27 18 0.00379893481105363
27 28 0.0370467617425996
27 31 0.0360910778484815
27 38 0.151490072815323
27 41 0.125129479896555
27 93 0.0448219269062069
27 108 0.0798268017786469
27 133 0.109270792555009
27 134 0.00358799507512855
27 164 0.219523792191167
27 192 0.00236447526930909
27 242 0.153751886594632
27 244 0.262186481745965
27 246 0.255937142143341
27 251 0.000480351109590874
27 276 0.0608328736900823
27 329 0.0177029348243155
27 358 0.026056172205276
27 422 0.0139011683820603
27 438 0.147003472696072
27 479 0.033635062307042
27 485 0.0253757295442742
27 543 0.287059603431017
27 629 0.0227130293214927
27 638 0.205734418652906
27 673 0.123581770918503
27 726 0.0168021440149523
27 736 0.136654792699566
28 17 0.0685773131481441
28 24 0.00970342277178395
28 27 0.0370467617425996
28 35 0.149091043966534
28 40 0.225019523178214
28 61 0.0210972397635124
28 114 0.754982292368024
28 124 0.0635095667849072
28 130 0.158980172057502
28 177 0.381988895329049
28 194 0.120863339330334
28 228 0.0519227357421897
28 272 0.0709985315427491
28 304 0.0433731470708491
28 344 0.225037767946545
28 362 0.0317807767336241
28 365 0.107060822256605
28 408 0.125913947292548
28 429 0.138058518672577
28 473 0.181889413522713
28 506 0.183737195039333
28 578 0.0292050573573418
28 606 0.104755629332954
28 607 0.0529570603530389
28 639 0.0483492987358805
28 712 0.0224879109038986
28 735 0.0555898001020763
28 748 0.21229308599613
29 14 0.038413839141295
29 22 0.355112068886794
29 25 0.109867599898426
29 31 0.190542345586088
29 37 0.0795156105474904
29 65 0.0547023218242441
29 169 0.0376630529181549
29 285 0.0778570913765136
29 287 0.20716269723788
29 292 0.0135829016116436
29 308 0.0330802450663113
29 319 0.176686752455596
29 356 0.516860379094426
29 358 0.164271442388325
29 389 0.0379300675312408
29 629 0.0679340721073404
29 631 0.168973800229772
29 635 0.0964355521337624
29 682 0.0218845271032174
30 0 0.0472663787543338
30 18 0.0225889609287613
30 21 0.0577748763038689
30 42 0.163381899054893
30 43 0.123534730490378
30 52 0.147299181282792
30 66 0.0638855323189803
30 110 0.0303241730493098
30 203 0.000428676498210597
30 252 0.00652661043002706
30 297 0.0523835101866729
30 304 0.121738893888531
30 329 0.10919327718105
30 371 0.034352900922782
30 376 0.0690195963889746
30 380 0.0837677685710152
30 394 0.0701652958612782
30 395 0.223012848350378
30 445 0.018528605907923
30 451 0.225635114594684
30 477 0.19982897578342
30 558 0.323592649328329
30 580 0.00459925728784943
30 611 0.193270160561211
30 619 0.142047481843954
30 641 0.0335025374770761
30 644 0.102129421581571
30 647 0.251207518157621
30 650 0.447760653069888
30 667 0.444443904806619
30 714 0.166675660040332
30 719 0.0161104931740179
30 729 0.111759461586246
30 740 0.0873447915703676
30 749 0.0778128567422405
31 18 0.0594517037975129
31 25 0.158859672664038
31 27 0.0360910778484815
31 29 0.190542345586088
31 46 0.0485758438382064
31 107 0.0654920621146874
31 114 0.0717367898325481
31 154 0.232953960559019
31 178 0.0643931391040586
31 184 0.288244435632533
31 187 0.403296209040894
31 203 0.26867212108951
31 226 0.016117933023354
31 230 0.00374604576903844
31 245 0.0417954882903502
31 267 0.0382861817124733
31 316 0.238179905836059
31 414 0.127078790641402
31 421 0.0026375943374726
31 424 0.0153255003989972
31 454 0.0538527099148951
31 462 0.158845815584313
31 485 0.325204173069601
31 549 0.00979460229252363
31 572 0.0455946906400635
31 581 0.0497831312989878
31 627 0.0654271172628928
31 648 0.245416284288378
31 661 0.0931618410426086
31 711 0.0408765254284832
31 729 0.00355969221651645
32 22 0.0639698914036204
32 25 0.126978483209682
32 63 0.169165222058299
32 85 0.0308997354419197
32 94 0.0186846571200772
32 113 0.00864159828210823
32 117 0.278201445366784
32 134 0.330917963174113
32 145 0.0242868284402287
32 161 0.000294574421920837
32 217 0.15629579891866
32 226 0.0292671950061789
32 263 0.121873391554913
32 265 0.03781385378663
32 356 0.106106463157595
32 363 0.00520482418993604
32 370 0.107895309120413
32 407 0.0223994950004086
32 433 0.0119667777136765
32 504 0.0368988554690536
32 536 0.21932365020964
32 537 0.0636944733366901
32 549 0.0268535404396901
32 580 0.00190765008336673
32 581 0.0149506742720376
32 612 0.149735864622803
32 636 0.165198700076505
32 648 0.0612987262998911
32 690 0.0842750751635921
32 738 0.232369120363255
33 10 0.344166283274803
33 35 0.0914712925751328
33 45 0.0994692973851818
33 47 0.064473966450449
33 53 0.259165053483621
33 57 0.0317723052717735
33 67 0.0914874110477466
33 87 0.141953755160103
33 88 0.0514193132477236
33 161 0.107649717633948
33 209 0.18260469222872
33 210 0.0971333081399733
33 216 0.0714404857424467
33 241 0.126722856167263
33 269 0.0333063888193402
33 318 0.0782434800646406
33 349 0.056243564632613
33 415 0.784498307432023
33 441 0.298331901823253
33 490 0.00771781686457925
33 533 0.176366271647017
33 540 0.0258145147990793
33 541 0.182090861288153
33 553 0.028466965000225
33 687 0.249098406243346
34 13 0.0147694423171908
34 41 0.00309861852612924
34 74 0.414370060510578
34 82 0.416454777494611
34 95 0.0622538048859034
34 130 0.090247037169189
34 198 0.319222024438372
34 293 0.0013212616698691
34 325 0.00975601978679983
34 336 0.039066188710944
34 349 0.00190039625844719
34 399 0.140520920096202
34 419 0.454774957317944
34 467 0.183883773416046
34 471 0.0632307094711658
34 494 0.30881727329879
34 537 0.102789296069983
34 594 0.0132835179352881
34 595 0.0691638424668285
34 602 0.15747943795249
34 663 0.00489247850356293
34 720 0.0221453382766192
35 5 0.0156848145370184
35 28 0.149091043966534
35 33 0.0914712925751328
35 48 0.0544088015005183
35 53 0.0319493871037337
35 92 0.0403911102199141
35 135 0.0455081116049655
35 142 0.0623485304543415
35 149 0.097434100517185
35 207 0.182722136628177
35 252 0.0729715617648162
35 261 0.072049483659927
35 309 0.0014381010498844
35 320 0.0540902001286019
35 321 0.0225058990662222
35 325 0.208037494185141
35 328 0.154636524948677
35 349 0.134823411909766
35 372 0.0222794538217676
35 420 0.0237465060555374
35 441 0.105403244154635
35 473 0.208117172782618
35 528 0.0150618519601691
35 547 0.046525133806258
35 610 0.116799008264535
35 616 0.141792944528389
35 631 0.0378967465746296
35 656 0.0256732132910248
35 677 0.00296392174739964
36 39 0.0262775040350719
36 47 0.14675676943404
36 49 0.0316514651708239
36 73 0.0892152035224837
36 154 0.145090879096053
36 159 0.0573521561228367
36 173 0.0540019657715302
36 211 0.171955814210617
36 231 0.139348014713007
36 237 0.193732203460411
36 252 0.179294387127551
36 305 0.16654100762557
36 309 0.0678036869620255
36 326 0.17649846752748
36 354 0.129764055455798
36 386 0.0374533943253641
36 442 0.0131061875994021
36 458 0.272660380225683
36 506 0.129501656823787
36 611 0.132651663550044
36 647 0.0448780545365504
36 733 0.0669095833043284
36 735 0.555424025942209
37 25 0.03180515243669
37 29 0.0795156105474904
37 44 0.133970905989797
37 48 0.120496340600816
37 60 0.211729648034436
37 161 0.0844862228421736
37 175 0.0278938599705021
37 187 0.025862327091704
37 210 0.0630493219353929
37 211 0.299379702853841
37 236 0.167554281623744
37 259 0.0252763925211
37 266 0.0515507292665252
37 294 0.167659496898555
37 356 0.0137562920526282
37 404 0.126708390518232
37 424 0.0104702861021255
37 465 0.160020666952473
37 514 0.0444280273003079
37 516 0.00619326374810829
37 535 0.0511210635188534
37 573 0.156211506773256
37 581 0.14765968760784
37 622 0.0111693524847987
37 669 0.0653277162178139
37 677 0.292649503527202
37 746 0.0232298730257553
38 3 0.0781510906028495
38 24 0.0248576997846026
38 27 0.151490072815323
38 43 0.0744787711906328
38 49 0.0196176158979867
38 56 0.192809373534391
38 183 0.222371681536815
38 184 0.0763246997385583
38 282 0.154930324433819
38 291 0.101370322409206
38 306 0.000445614594836768
38 317 0.0508600622019034
38 337 0.164459469935732
38 339 0.427675648157562
38 341 0.0256824435514212
38 367 0.335593175612332
38 412 0.0741726330814203
38 424 0.0589895903269886
38 428 0.0160119108398535
38 460 0.0471458940695865
38 553 0.0370337030595357
38 557 0.122412395414061
38 559 0.193621100726005
38 562 0.0288227361712524
38 569 0.0425495669602516
38 576 0.0486815684987473
38 618 0.0403654863154454
38 676 0.00316115612087462
38 698 0.0639198171263499
38 699 0.0358215412939049
38 712 0.0463266967100338
38 714 0.289934336324326
38 718 0.217148780149528
38 728 0.0866361501153393
38 738 0.33822166345977
39 6 0.220628205675171
39 36 0.0262775040350719
39 48 0.0548996816460011
39 50 0.119232348426249
39 64 0.0827123446570451
39 113 0.120501567543581
39 115 0.212875383792808
39 147 0.0515773425935147
39 157 0.059836964524956
39 178 0.0485238076020287
39 215 0.052397902202711
39 220 0.213949761261865
39 221 0.243954974713924
39 280 0.0937472788767221
39 369 0.0703515314865262
39 434 0.173379788846192
39 494 0.250186711449716
39 546 0.0518376851020406
39 605 0.0626444988067274
39 611 0.0528378764491884
39 620 0.045429895892137
39 625 0.0149498462971314
39 706 0.322208470377996
40 28 0.225019523178214
40 41 0.0124395931812282
40 64 0.162338701222286
40 69 0.0847278884822303
40 120 0.121567814007605
40 125 0.0313498601309847
40 126 0.053002904335135
40 144 0.168455226956916
40 152 0.00730715150482244
40 185 0.0224244798711822
40 186 0.0630010452928539
40 193 0.128729874730604
40 209 0.0862995596360271
40 235 0.200145991737116
40 346 0.0873668147150989
40 386 0.0558280798442786
40 420 0.119701308944765
40 422 0.0719534600576115
40 514 0.117382239462467
40 534 0.028294059947487
40 546 0.0647888243232566
40 552 0.056587661428631
40 598 0.172568496793818
40 661 0.223315501972323
40 678 0.00190441586314934
40 683 0.0401614694010696
40 684 0.034139366923739
40 692 0.115818357085397
40 713 0.0841361970449515
41 14 0.157725860361108
41 27 0.125129479896555
41 34 0.00309861852612924
41 40 0.0124395931812282
41 47 0.177093008561495
41 84 0.0640395029250779
41 91 0.0231477925262303
41 92 0.0107413353029954
41 95 0.0961712744255229
41 133 0.0528495519442041
41 137 0.094073106165473
41 142 0.0531475910454063
41 184 0.0484060715834963
41 193 0.0275387560865254
41 213 0.00380911696754086
41 274 0.159020382344863
41 276 0.418063844550653
41 307 0.0727498838748891
41 308 0.0807265447816369
41 315 0.208080845275695
41 336 0.310156874429398
41 391 0.150145560500083
41 412 0.0702571379272065
41 465 0.0463206531851092
41 578 0.0355395423706394
41 620 0.220158703006921
41 646 0.0371781439518562
41 684 0.0126977567681398
41 707 0.313851561769097
41 722 0.0206920417595458
42 30 0.163381899054893
42 46 0.0577714427601117
42 48 0.144808171863993
42 53 0.324751353819333
42 84 0.0287106394239595
42 91 0.0819410673800332
42 102 0.022626099489201
42 133 0.0368893064168452
42 155 0.114063639237472
42 202 0.125996427672512
42 235 0.0332993728645792
42 262 0.0503887196839
42 287 0.0745159727033022
42 292 0.0796651930225134
42 298 0.0565068314143784
42 312 0.0995136431987682
42 313 0.0487036147248324
42 335 0.053446358441896
42 337 0.0574677962103637
42 430 0.147930010862581
42 461 0.0489055787373383
42 496 0.00742191171243364
42 609 0.00630698723447528
42 636 0.00767388769742796
42 662 0.103291016679922
42 673 0.0121152873395717
42 737 0.00174894516073526
43 7 0.172212374926148
43 22 0.0343882887364727
43 30 0.123534730490378
43 38 0.0744787711906328
43 107 0.0882515781792071
43 120 0.112825060118612
43 188 0.0325550980484817
43 192 0.530381273801422
43 235 0.0135000086056511
43 282 0.00941132780873219
43 320 0.240750382910271
43 383 0.0398391296493999
43 386 0.0525385096896584
43 393 0.0592603093153233
43 425 0.0962607764121459
43 449 0.033141147015991
43 459 0.0017325433310301
43 487 0.180265953506283
43 536 0.0448847284841472
43 549 0.160227321436183
43 646 0.0540373492659206
43 654 0.13237396071661
43 684 0.09614844575768
43 716 0.0618798075793143
43 717 0.0705854864025463
44 37 0.133970905989797
44 47 0.44962979856825
44 90 0.138780025275852
44 153 0.308646619992681
44 188 0.332784766319774
44 224 0.0485877136889344
44 233 0.131885319615659
44 259 0.0152334434034973
44 286 0.0738536534521353
44 296 0.0598241388579549
44 310 0.0277065265420575
44 311 0.0809563225231622
44 312 0.0242803792330067
44 366 0.0222978971398751
44 376 0.0631608689471372
44 402 0.0629491289066236
44 456 0.33401942674111
44 497 0.034881467705581
44 512 0.0308687566209641
44 557 0.0271131061441777
44 561 0.0251211038466968
44 631 0.00892510675344073
44 650 0.0286917349318833
44 673 0.197416302919932
44 678 0.0294227312164509
44 733 0.0620845522867848
45 10 0.118557558204492
45 33 0.0994692973851818
45 77 0.0327079715861724
45 87 0.00945589295587273
45 102 0.0999762466033218
45 122 0.0110398234332081
45 144 0.127334723125273
45 183 0.240581102068756
45 189 0.0494669180365958
45 273 0.0689798937210169
45 306 0.070078541474373
45 311 0.00305722085312687
45 338 0.10653280506191
45 357 0.246468547835542
45 379 0.0366536498510453
45 396 0.000378809147080618
45 403 0.194362651033712
45 424 0.159653667490201
45 428 0.0460341104455619
45 429 0.260022871559962
45 478 0.217224812488877
45 510 0.0856727416050797
45 552 0.227289706220023
45 583 0.174575552288521
45 600 0.00518349608434111
45 605 0.0269594143444942
45 622 0.0568882071508921
45 630 0.0578346499325604
45 631 0.0598778690068469
45 645 0.0423629145792427
45 681 0.0350046022256794
45 699 0.0808993208368953
45 714 0.177640986512716
45 740 0.21998358977524
45 744 0.157305047415916
46 9 0.0792249550584983
46 31 0.0485758438382064
46 42 0.0577714427601117
46 55 0.129712205832779
46 93 0.0340293167568268
46 98 0.204107629976735
46 182 0.0699995045482945
46 228 0.0782002607660997
46 230 0.0176061864866562
46 239 0.17790879807194
46 350 0.0099418383837843
46 400 0.216586983646775
46 402 0.0891844120619498
46 434 0.271790185657986
46 463 0.0495492596326063
46 475 0.116129464087137
46 489 0.325360359168655
46 497 0.027457610940277
46 519 0.0681613045706459
46 550 0.26963035499344
46 598 0.033431867922766
46 630 0.016558419314619
46 683 0.122764926710396
47 13 0.000503501279981861
47 19 0.010577679105656
47 33 0.064473966450449
47 36 0.14675676943404
47 41 0.177093008561495
47 44 0.44962979856825
47 58 0.183368910837841
47 61 0.15987772393432
47 72 0.243489542645578
47 103 0.0187750805214859
47 156 0.0481619623199185
47 185 0.000592149969094127
47 190 0.0134126825524857
47 226 0.0897154713883125
47 232 0.0249957818969671
47 235 0.124118632590893
47 256 0.0126061944685027
47 335 0.0278850985851395
47 369 0.164618966524945
47 373 0.0594208589269123
47 382 0.118633470713319
47 422 0.36296603935817
47 425 0.150424734651782
47 437 0.140351264941205
47 443 0.116748048670246
47 444 0.0726063224055627
47 448 0.14796845537346
47 471 0.246279165834554
47 481 0.0820540463467128
47 494 0.0363340955672752
47 543 0.136264408204307
47 652 0.0106184474429349
47 710 0.000761625907240209
48 26 0.211546447055224
48 35 0.0544088015005183
48 37 0.120496340600816
48 39 0.0548996816460011
48 42 0.144808171863993
48 50 0.032874738944361
48 51 0.0784419705384314
48 56 0.264236509870179
48 70 0.211531839071179
48 171 0.0820142952843705
48 186 0.0497049228362026
48 269 0.03120500402811
48 286 0.00529391484701354
48 344 0.0874016892994701
48 413 0.352175647840263
48 476 0.126454805907957
48 511 0.0133770825013875
48 534 0.189730234936953
48 559 0.290264286463027
48 608 0.0820070255065384
48 622 0.176412289409664
48 624 0.130224405745988
48 652 0.0658756384996008
48 659 0.0770586254212182
48 663 0.0349063825077161
48 685 0.0954388369371037
48 742 0.0275776043132963
49 18 0.0457475908077548
49 36 0.0316514651708239
49 38 0.0196176158979867
49 52 0.124897463457913
49 80 0.196706238447157
49 93 0.0442086631445117
49 94 0.0879370594347324
49 119 0.0617698178406052
49 133 0.085333774362992
49 152 0.215831625124503
49 170 0.0184614330257204
49 247 0.140747030781731
49 344 0.239056140787537
49 364 0.00910632236988759
49 395 0.00391173592715712
49 422 0.00286913248716538
49 442 0.00644990152636119
49 453 0.0900049809984517
49 465 0.0112264934655958
49 474 0.05176325730408
49 602 0.0586810130777529
49 614 0.00808823760939896
49 670 0.000121744684416836
49 697 0.0589716429872184
49 706 0.0682546293447797
50 12 0.0168173609726674
50 39 0.119232348426249
50 48 0.032874738944361
50 52 0.3864037776291
50 56 0.0559637027984974
50 103 0.0947866939635467
50 140 0.0589853205635863
50 193 0.0577910975322947
50 233 0.341401166303095
50 271 0.0630518736829837
50 286 0.175901008483002
50 342 0.00743837376667074
50 348 0.0779032453089937
50 349 0.0821272865023444
50 423 0.0132924097096397
50 435 0.0110329564652632
50 450 0.0100890394565286
50 461 0.0325812793632155
50 478 0.711201366756384
50 507 0.0815261633073577
50 678 0.0317831282552211
50 682 0.0013476614795548
50 695 0.0967209192824241
50 711 0.103210407185195
50 713 0.0761007959055837
51 12 0.0253288541439865
51 48 0.0784419705384314
51 65 0.0281127156975975
51 89 0.301977801675708
51 102 0.111557544315467
51 105 0.123124533878954
51 186 0.0606251744695069
51 234 0.0513691154612113
51 244 0.241818872890383
51 283 0.0598474627817014
51 292 0.112655762291845
51 338 0.282837005178905
51 379 0.0744447932764341
51 437 0.0597626373163632
51 462 0.0431646029805409
51 507 0.118748888237236
51 510 0.161483978193619
51 511 0.196326168707608
51 610 0.00968206341098295
51 636 0.0474701520588119
51 645 0.32404173396897
51 687 0.172076701212254
51 712 0.00870162816003973
51 721 0.0366446748359371
52 11 0.397894581370487
52 30 0.147299181282792
52 49 0.124897463457913
52 50 0.3864037776291
52 55 0.0959132552572002
52 64 0.0589785543337262
52 95 0.0773777781796073
52 103 0.114376440131295
52 119 0.039159165711823
52 173 0.0459981757358208
52 220 0.0493820527501579
52 221 0.0322551173922189
52 229 0.05958628023987
52 237 0.183448588864915
52 284 0.11934513047236
52 318 0.071356971233077
52 356 0.0602173512707328
52 394 0.173446515935492
52 395 0.0279333446658675
52 409 0.404547756597861
52 412 0.0139514527963745
52 447 0.0117549993846606
52 455 0.105087213109345
52 456 0.143570901381042
52 492 0.310447616291814
52 551 0.036123274038909
52 571 0.14847130612958
52 572 0.208981539504895
52 573 0.0656347617821633
52 584 0.0224433580525065
52 664 0.0315490410697891
52 684 0.0375540576231027
52 685 0.0278312921392498
52 693 0.0213607326895855
52 712 0.0466910544847187
52 722 0.0154942971743742
52 735 0.114952606688953
53 3 0.0597062312278356
53 20 0.203657534502523
53 33 0.259165053483621
53 35 0.0319493871037337
53 42 0.324751353819333
53 57 0.00301181280252079
53 65 0.0693761002257406
53 80 0.200109438843375
53 88 0.601787476676768
53 132 0.00185238491887055
53 161 0.168876215887079
53 169 0.0463717393687971
53 171 0.184307197661031
53 201 0.109523990982231
53 205 0.206710858169313
53 227 0.107224752759799
53 295 0.0255038493101744
53 306 0.104452841435558
53 311 0.124985877987654
53 316 0.105345620583758
53 336 0.22439286997405
53 338 0.0267867688777072
53 339 0.126485320470522
53 347 0.0521905369215541
53 403 0.0879078480492103
53 404 0.14759256868863
53 424 0.246427146621595
53 429 0.131259973365386
53 432 0.0364092728496191
53 440 0.288593572176217
53 447 0.397522199858304
53 459 0.557411115013848
53 476 0.0108348289309542
53 526 0.00044165276674599
53 535 0.000540429607906071
53 561 0.197127669043472
53 575 0.00791633674576063
53 599 0.0244839017402871
53 607 0.00196892596079917
53 627 0.0339237186498765
53 635 0.128510822745474
53 640 0.142600214708804
53 714 0.123333288214454
53 716 0.129178592653924
54 0 0.0402090287719599
54 8 0.0897870774475312
54 16 0.0218270403479738
54 56 0.0247510769225403
