0 2 0.38859190347224
0 8 0.175598337382697
0 16 0.195930639110576
0 32 0.0762547368227663
0 38 0.154910507022701
0 59 0.0613184750578842
0 66 0.0315449071971305
0 68 0.208345248972123
0 132 0.338095717075048
0 148 0.1242817111052
0 166 0.0907764126698849
0 170 0.11493581071515
0 174 0.00358253181348156
0 176 0.0691495424327828
0 204 0.0528656703293055
0 230 0.166452424397594
0 249 0.00935901239639706
0 256 0.0995710961802845
0 262 0.0448450701976991
0 290 0.113707055872031
0 291 0.015610680400952
0 295 0.0565856097779484
0 303 0.158758510211931
0 306 0.149026111733111
0 324 0.0771870765354452
0 378 0.161669254791956
0 379 0.0262067934543115
0 386 0.0238790584192309
0 417 0.0458999622553808
0 419 0.0989021811045649
0 429 0.243493911217831
0 442 0.0170526444739198
0 473 0.0987315249521968
0 493 0.0857394447653592
0 498 0.133020467826702
1 7 0.0108081904728713
1 34 0.103068693506932
1 51 0.021783435909276
1 59 0.180830589515812
1 61 0.136768891710572
1 83 0.283020484079169
1 112 0.0371393127282963
1 124 0.171948764159151
1 142 0.101445121726275
1 149 0.0415626593911845
1 152 0.0166616814636134
1 155 0.122879531737557
1 184 0.141673539161867
1 224 0.150804796643204
1 231 0.268312806250498
1 233 0.166949922037527
1 235 0.00448460553424683
1 249 0.379876476644247
1 291 0.0225447639492074
1 292 0.113312801873597
1 293 0.182290091974153
1 312 0.103762224714277
1 352 0.103358614790488
1 373 0.073745318002459
1 379 0.2710114476186
1 388 0.0875976613775836
1 394 0.0845571986301767
1 418 0.222423843370357
1 420 0.0813942606973091
1 427 0.0289848404228733
1 439 0.0645630370719217
1 447 0.0205300400862948
1 468 0.031600017812319
1 495 0.164027046900601
1 496 0.223018161471015
2 0 0.38859190347224
2 4 0.421715222372378
2 8 0.102885849031549
2 15 0.0535962589083687
2 23 0.0962237770012596
2 36 0.112673679509121
2 49 0.0310076885120011
2 58 0.243292001495737
2 97 0.0671756265652997
2 124 0.0893577626566914
2 146 0.0872242102951059
2 149 0.00149710629153578
2 168 0.102893774054176
2 179 0.0734083421527336
2 180 0.149471910261074
2 184 0.18953387657016
2 194 0.118063364527547
2 200 0.0719531698891529
2 229 0.117126478362303
2 269 0.00338842756184344
2 274 0.0588741545009473
2 280 0.0465335294195532
2 283 0.135735081228835
2 309 0.0197969021044608
2 317 0.060265323529932
2 346 0.0206117940073663
2 349 0.19450944107718
2 367 0.0135471767111775
2 382 0.0458878267314874
2 383 0.0212716501759789
2 387 0.184226690015486
2 402 0.0748018308632968
2 420 0.00495204086063677
2 426 0.0446416138620653
2 429 0.136494664278092
2 437 0.00460851452510789
2 457 0.066892950633108
2 472 0.564033766514661
2 474 0.233022582010418
2 489 0.0663852283057461
2 497 0.323372424155703
2 498 0.0826548212453049
3 7 0.184418416666802
3 13 0.119282267931912
3 16 0.0650081831594912
3 19 0.0647349012148334
3 35 0.127483127222687
3 53 0.0922479858879888
3 61 0.0619690868060875
3 77 0.0748540498489361
3 79 0.216166484875803
3 85 0.0964634713419962
3 106 0.0396148199734999
3 116 0.0159158503913897
3 127 0.0877732973276523
3 131 0.0994263846215556
3 135 0.0976104437720308
3 137 0.0897099603125619
3 160 0.00256270252992266
3 164 0.12952462322795
3 167 0.145787472461765
3 203 0.132075207922712
3 205 0.240482639164045
3 226 0.0577412592324209
3 227 0.0538305740815973
3 245 0.0318062706061777
3 247 0.0828897789373119
3 249 0.0306821376940795
3 312 0.015353870532404
3 334 0.148479310682529
3 336 0.00978476726330982
3 341 0.134713981419651
3 361 0.0206998160663998
3 377 0.477930017512406
3 405 0.107597338365227
3 415 0.189974573984553
3 420 0.0723371045915767
3 435 0.26023661090238
3 448 0.0589623678071037
3 459 0.443754773024718
3 460 0.23019012218547
3 483 0.131348051741053
3 489 0.140367860754402
3 496 0.094182870715858
4 2 0.421715222372378
4 8 0.0202121762742248
4 13 0.054474668347374
4 15 0.00491392877716384
4 31 0.0084672054490712
4 57 0.0776901857169263
4 74 0.0160279969626845
4 75 0.22399264730484
4 99 0.00962098525124469
4 119 0.0333336149487866
4 120 0.0220574053155593
4 124 0.0912633077100541
4 160 0.00071899602353648
4 173 0.166147850288484
4 198 0.0364446857343172
4 212 0.00134795054231723
4 220 0.073642626190297
4 234 0.00473644411578986
4 240 0.128208000809128
4 243 0.011970185867421
4 246 0.0752082072351907
4 260 0.00888367972121446
4 274 0.0657768453829665
4 289 0.172778490264743
4 294 0.0617351211096352
4 298 0.150570652208742
4 299 0.0988908607975479
4 328 0.0245092160597044
4 346 0.00961654645581552
4 361 0.0340494550567791
4 380 0.0550950362243289
4 392 0.181144591797599
4 401 0.0589008234637942
4 415 0.273739735738725
4 447 0.00857074696606928
4 449 0.0100698038637696
4 453 0.0195285499604347
4 489 0.0677314124501353
5 6 0.100669264018801
5 7 0.0780094591724353
5 13 0.0158048910520022
5 20 0.0864149842470031
5 22 0.0724305017704015
5 24 0.112870696114116
5 28 0.00775325217031619
5 38 0.0488257227662402
5 68 0.0150026810244313
5 69 0.00821065425076794
5 75 0.0984740413183708
5 116 0.0445098208160747
5 136 0.0210006511175818
5 170 0.000798778476262738
5 172 0.00392561097679615
5 189 0.00189536126922607
5 240 0.0455159189182903
5 251 0.23295488021339
5 259 0.0587500551798464
5 264 0.0717990781713198
5 269 0.147497975956588
5 281 0.00162771569747267
5 289 0.000799015750282924
5 310 0.0320456272299033
5 332 0.0701495414056893
5 336 0.145620975581726
5 340 0.00980657291552936
5 349 0.0439620078455653
5 371 0.004136326471288
5 412 0.0975200102646602
5 416 0.0854439757117937
5 427 0.264927314239824
5 436 0.0931701435565238
5 455 0.194268237599282
5 467 0.223070626214798
5 473 0.0108120511365226
5 478 0.0775987059303365
5 492 0.0955118853655257
5 493 0.266917353651948
5 499 0.0646557586338901
6 5 0.100669264018801
6 7 0.194755730143859
6 15 0.000426690449122623
6 16 0.133540783751386
6 17 0.0868153316926691
6 40 0.0159948563862668
6 72 0.0361901457730455
6 98 0.187636262398757
6 99 0.253563375084748
6 112 0.272574066705181
6 115 0.129137989390099
6 127 0.133778966933389
6 147 0.108535004561643
6 168 0.00979283337594968
6 176 0.0955479863258844
6 184 0.049668747663416
6 211 0.0164016968901721
6 223 0.0437390336591378
6 231 0.0569593766047567
6 235 0.0248278616128179
6 242 0.0104109247830231
6 243 0.494858028392435
6 246 0.125912847493168
6 251 0.120128516549852
6 337 0.0060954012827076
6 379 0.04574782776797
6 389 0.113555893708085
6 425 0.103324551156959
6 445 0.0213502926009845
6 461 0.161160727856508
6 463 0.13086258954478
6 464 0.24000615499565
6 479 0.0474209963214805
6 487 0.0476577144280622
6 488 0.253268241371261
6 490 0.171984655064629
7 1 0.0108081904728713
7 3 0.184418416666802
7 5 0.0780094591724353
7 6 0.194755730143859
7 9 0.0992939200241507
7 32 0.105814250659755
7 42 0.231602220322031
7 45 0.0471093882905333
7 57 0.0161259990860927
7 59 0.434978600592274
7 63 0.0602075543497578
7 65 0.38681439785603
7 76 0.0828510020465485
7 93 0.0918044476303154
7 100 0.0128734173707646
7 115 0.0116461971352457
7 120 0.258465866484125
7 127 0.0088362882194962
7 172 0.085780385860985
7 208 0.249617628452473
7 235 0.06744332403634
7 237 0.200689784486764
7 249 0.163040564600049
7 288 0.0399549310280671
7 300 0.149467945514526
7 316 0.28063413069201
7 332 0.0331363397308307
7 379 0.0230715924872118
7 381 0.0774609452217135
7 406 0.00855199028203101
7 418 0.0625065337862968
7 437 0.0325090450379773
7 444 0.112342404910279
7 446 0.0376111952597787
7 458 0.035379555274427
7 461 0.0690380244010926
7 462 0.0790079056168877
7 475 0.116619904499702
7 498 0.206652679552137
8 0 0.175598337382697
8 2 0.102885849031549
8 4 0.0202121762742248
8 14 0.0220922169156461
8 20 0.0242157802454756
8 72 0.0889650122393774
8 120 0.0102166462256857
8 140 0.195755114946883
8 148 0.0997769756462767
8 149 0.0910866983198353
8 179 0.156563266623809
8 212 0.138810752298823
8 216 0.192552266122819
8 217 0.0487240081153501
8 230 0.344023923486949
8 267 0.0870352961218507
8 282 0.012898504997536
8 286 0.0776647692422896
8 294 0.0672970863566427
8 335 0.315121028965554
8 338 0.416795828191369
8 383 0.0580463821697055
8 406 0.267897807107086
8 407 0.0401445496502762
8 422 0.0708418647239346
8 434 0.0238370161377031
8 448 0.00917166210934269
8 451 0.0179073827808192
8 452 0.0405284574435469
9 7 0.0992939200241507
9 13 0.0132087367679434
9 16 0.0909197479770549
9 18 0.625812187113646
9 19 0.0776632034249452
9 47 0.00855595554592437
9 53 0.0905362527643356
9 59 0.324710804416245
9 66 0.0194969256889304
9 69 0.0485219248537326
9 94 0.0668376482763831
9 114 0.0856880939677541
9 117 0.0334592782465418
9 123 0.280861293592586
9 147 0.0995132964527828
9 163 0.050750385262913
9 168 0.00734698672274078
9 170 0.0396797451977702
9 188 0.107641920112389
9 217 0.0125252003366951
9 225 0.0449323169084698
9 241 0.0174909455393385
9 288 0.000140678548535784
9 309 0.10625288954524
9 325 0.0201698419369709
9 339 0.207248775152992
9 344 0.0131733576855079
9 381 0.109807638071632
9 407 0.175800932821676
9 416 0.0216678586690451
9 426 0.122788024716634
9 463 0.0693850289744357
9 492 0.0129250595576185
9 493 0.0904743897876433
9 495 0.0120220615233557
10 12 0.0913839840591067
10 22 0.106168905010788
10 26 0.00818145960780531
10 29 0.0339170790198507
10 43 0.00147157375848016
10 60 0.0691830270234233
10 69 0.0946595429016573
10 95 0.0362179748576574
10 148 0.168048968846374
10 149 0.0842762106723555
10 155 0.235774356307361
10 162 0.0816486177995241
10 175 0.046645818775557
10 181 0.00587225636510475
10 187 0.0693119741988073
10 207 0.057458476093067
10 208 0.383226329115201
10 218 0.0660623148936123
10 234 0.0785330309971084
10 245 0.210504241730025
10 247 0.249750033040237
10 248 0.0930870042999697
10 259 0.0837724417813646
10 274 0.0721143593953432
10 281 0.000823636381480749
10 282 0.0304627016073584
10 327 0.195208353804464
10 376 0.0655437497858297
10 404 0.249975504768434
10 461 0.0386156256868767
10 473 0.00583523223562725
10 476 0.132286867658687
10 489 0.0982730257662805
10 497 0.0272705857309042
11 16 0.0911016855485858
11 25 0.0694215625537096
11 42 0.00605210271901498
11 58 0.325587806732968
11 60 0.0376520060375861
11 62 0.0480259153260627
11 118 0.121338031157468
11 151 0.038495501261967
11 158 0.129484301715109
11 160 0.139774216722127
11 173 0.0499859472056841
11 181 0.00710896251153823
11 200 0.039738462530191
11 237 0.115466236317738
11 245 0.0608974497714365
11 270 0.0246524297054852
11 274 0.125939974421532
11 281 0.105172720540065
11 296 0.156594026619127
11 340 0.0239758814973116
11 347 0.0402705340500491
11 363 0.00103443213640699
11 371 0.214873116658092
11 402 0.181802791634844
11 410 0.139862363004225
11 414 0.00305422648386066
11 422 0.0456293615109235
11 474 0.159627940035836
12 10 0.0913839840591067
12 13 0.0485585558426993
12 16 0.0279782805758684
12 19 0.208727101250267
12 21 0.0389623260434369
12 27 0.24931652313095
12 32 0.0143538413923999
12 127 0.07653785105008
12 130 0.0579127046976661
12 134 0.178205160784122
12 161 0.0265233249779106
12 191 0.253434210105529
12 195 0.0355441707185396
12 203 0.0503938041378584
12 254 0.140553952946278
12 279 0.0898539510675818
12 286 0.0219908163339001
12 287 0.121016810158691
12 289 0.197390252917989
12 326 0.147271424504077
12 327 0.224062877222637
12 329 0.448242182854243
12 331 0.10457054443788
12 338 0.203605943506607
12 364 0.0162801655997967
12 414 0.0517868266748382
12 429 0.0443751390437665
12 439 0.179383618419977
12 469 0.242103147896957
13 3 0.119282267931912
13 4 0.054474668347374
13 5 0.0158048910520022
13 9 0.0132087367679434
13 12 0.0485585558426993
13 16 0.0189395853721382
13 21 0.00589476494209289
13 31 0.104063363770648
13 33 0.0366695967400854
13 39 0.00348128883689917
13 47 0.177054136360195
13 65 0.124437755104912
13 76 0.0590548031946079
13 97 0.0115940726697228
13 138 0.155131748274241
13 167 0.00583308764033778
13 173 0.367699367288762
13 200 0.00654905777502436
13 218 0.231812434522607
13 219 0.0145390680951196
13 231 0.499122280540093
13 262 0.044020910467167
13 300 0.187249086148357
13 306 0.0448274818775075
13 319 0.025091061386666
13 339 0.00690981498835467
13 406 0.116642219072602
13 414 0.198513973420711
13 421 0.0256395200429982
13 426 0.0510424968963893
13 444 0.227582067778973
13 471 0.18451339083318
13 484 0.0234351889289004
14 8 0.0220922169156461
14 21 0.0603310691798738
14 26 0.077107805054558
14 30 0.0312890547666784
14 51 0.0303086419446473
14 71 0.0786613279149135
14 72 0.0326681278120823
14 73 0.0360223137177614
14 75 0.151621361662976
14 80 0.0360776587852436
14 84 0.0796505447575292
14 86 0.00948748065696483
14 92 0.121822855675932
14 120 0.0379239816857523
14 136 0.0412059752481914
14 149 0.0403198693989325
14 152 0.250780846403963
14 165 0.0150915125391897
14 168 0.28413073110385
14 169 0.0143744148025941
14 170 0.866519734639054
14 266 0.0558436418770441
14 269 0.543016484010082
14 270 0.342008145770257
14 272 0.0703590743585566
14 315 0.0668483650814853
14 333 0.115030839769411
14 407 0.0819072059431268
14 412 0.00758854726429609
14 452 0.0871746050536589
14 468 0.0113753737653068
14 474 0.00392030047681037
15 2 0.0535962589083687
15 4 0.00491392877716384
15 6 0.000426690449122623
15 18 0.00444519053380386
15 31 0.0132150245708554
15 32 0.0342747900575237
15 85 0.0555038624253473
15 95 0.0760459895525592
15 116 0.158008005536916
15 119 0.0816207589839405
15 144 0.0473980923169903
15 154 0.0502944734769849
15 181 0.0267934540055129
15 195 0.175478035907942
15 200 0.00570768404877885
15 206 0.0330225053226674
15 223 0.07435390742068
15 255 0.0957062167781034
15 291 0.0603938596414974
15 297 0.050829268967547
15 306 0.162240956582178
15 307 0.203373153341656
15 332 0.0803569985332329
15 335 0.0210124641533149
15 336 0.103654605970862
15 362 0.269254887538875
15 413 0.0924346733688702
15 414 0.0269059785866662
15 435 0.143229794190545
15 441 0.0925709605947189
15 465 0.0103809678432625
15 468 0.0681898404974709
15 469 0.147911614718743
15 492 0.0388286833225748
15 493 0.275616995726382
15 494 0.111056464198537
16 0 0.195930639110576
16 3 0.0650081831594912
16 6 0.133540783751386
16 9 0.0909197479770549
16 11 0.0911016855485858
16 12 0.0279782805758684
16 13 0.0189395853721382
16 17 0.0187690170026013
16 19 0.0830427792630309
16 52 0.158033980096721
16 53 0.12960062751213
16 55 0.264578043666675
16 74 0.289815305035959
16 75 0.164798254077129
16 195 0.103945416565906
16 198 0.464464812867116
16 200 0.144885267581846
16 215 0.213231625905155
16 225 0.136553650067074
16 242 0.166268127829425
16 247 0.223573348411893
16 270 0.0937444722876163
16 273 0.0163708109365526
16 276 0.0307458474607658
16 305 0.0445558675454189
16 317 0.0552029183902834
16 318 0.276451916587327
16 338 0.139558617902957
16 357 0.166994149587833
16 372 0.0275084174014447
16 375 0.027898798049807
16 400 0.33368710472665
16 423 0.0291379324838344
16 437 0.00268379742318032
16 453 0.00656284093708824
16 475 0.0186728276618325
16 479 0.0224099017122712
16 484 0.190157871219873
16 487 0.151828696362265
16 495 0.0265503099146882
17 6 0.0868153316926691
17 16 0.0187690170026013
17 19 0.0241993187159712
17 20 0.0680539753025786
17 25 0.0074186966662858
17 32 0.106443273042001
17 110 0.0643527754576253
17 122 0.0270640469295387
17 146 0.101209563973315
17 158 0.00691849154918867
17 162 0.0395221650276478
17 179 0.141125718238125
17 222 0.0103868439126667
17 234 0.00365349754850092
17 242 0.0755657654759939
17 246 0.0936220299925066
17 282 0.0668945765325946
17 291 0.0073236708122401
17 292 0.141756270427841
17 294 0.219591929395768
17 301 0.436509486192932
17 302 0.103085958324596
17 307 0.0748925204895066
17 352 0.028359153442551
17 392 0.110871130383664
17 403 0.137606690197261
17 424 0.17144352685341
17 428 0.0970545249797701
17 444 0.0092868236808602
17 474 0.289931259199509
17 499 0.0577089505322637
18 9 0.625812187113646
18 15 0.00444519053380386
18 31 0.12031208333029
18 37 0.209683544206098
18 55 0.0140417949610935
18 68 0.0458490113737004
18 69 0.0210156320058887
18 110 0.0366804762827543
18 144 0.00501429843568803
18 145 0.0513510467134923
18 176 0.0204066777744877
18 181 0.113469926581709
18 200 0.00474546816824454
18 203 0.0933404360675465
18 204 0.0818638556087992
18 226 0.0199774698971708
18 261 0.0102659519193341
18 280 0.299244466770664
18 301 0.0183937022741371
18 308 0.0192581997260734
18 309 0.00162344660185868
18 311 0.0106303052658506
18 319 0.333054565626224
18 331 0.0955229095478858
18 333 0.106411156683223
18 340 0.144791640163278
18 341 0.259448512399094
18 343 0.109828383944055
18 348 0.216088822251902
18 358 0.180164020715523
18 365 0.156483641052577
18 367 0.12778609502272
18 398 0.0529816911496048
18 412 0.0296882399002214
18 435 0.038224444873861
18 496 0.0470603384168877
19 3 0.0647349012148334
19 9 0.0776632034249452
19 12 0.208727101250267
19 16 0.0830427792630309
19 17 0.0241993187159712
19 24 0.106688106174464
19 29 0.248182886773335
19 50 0.0457063528778133
19 100 0.0130476830118094
19 107 0.0198593567872163
19 126 0.212170489066705
19 128 0.0389018085771483
19 151 0.144598232315826
19 154 0.083650264723434
19 155 0.103285395409383
19 161 0.072952705660166
19 196 0.0291810138319234
19 233 0.326067706391309
19 239 0.0209984635174135
19 256 0.259485763349547
19 258 0.00358155770541638
19 293 0.225209502567375
19 304 0.24134957023657
19 306 0.134460432232419
19 338 0.16841117309713
19 370 0.00689290969330469
19 383 0.116725975658176
19 385 0.0586255091088207
19 402 0.0185092975864448
19 438 0.0424618966935425
19 439 0.0354340684719347
19 446 0.0542671799743831
19 459 0.0660592593694588
19 488 0.213084448202634
19 495 0.00310768048408703
20 5 0.0864149842470031
20 8 0.0242157802454756
20 17 0.0680539753025786
20 31 0.0709103797686446
20 48 0.0708536302915078
20 65 0.0173002369432552
20 72 0.0114320471634771
20 80 0.000216823078372834
20 89 0.0635128398097104
20 96 0.0704021707592045
20 123 0.314972025806976
20 135 0.0854449839046515
20 167 0.0447459644311222
20 177 0.137918365376806
20 210 0.0917335498050293
20 211 0.123065001396419
20 261 0.0872108283211949
20 262 0.0570332101764425
20 316 0.241839104535105
20 354 0.0625450712146358
20 418 0.0708019415068907
20 439 0.0280532744620218
20 447 0.0586788312956533
20 450 0.00240974060487544
20 459 0.00153665292568307
20 461 0.112512732159385
20 485 0.107529524701072
21 12 0.0389623260434369
21 13 0.00589476494209289
21 14 0.0603310691798738
21 27 0.0365972070701487
21 54 0.0839716744962781
21 78 0.0670339076302819
21 96 0.0162677275448575
21 126 0.00621526632184305
21 162 0.313542704165294
21 196 0.146803377066902
21 209 0.0217417380765327
21 213 0.134548718528358
21 215 0.160556550276343
21 237 0.049937743880847
21 241 0.120755311823181
21 247 0.0632987140120618
21 250 0.420090160098303
21 270 0.123530657863012
21 275 0.0206279135484278
21 277 0.211137212228717
21 302 0.0118289489765818
21 304 0.0174735736786228
21 308 0.0390382407621558
21 344 0.828833774931216
21 352 0.0962556493065761
21 353 0.170010103288208
21 355 0.0780266435804776
21 361 0.00899405172638667
21 367 0.136815483352038
21 398 0.027072698073209
21 415 0.0722957133354958
21 416 0.0107021769271491
21 423 0.0258941416245842
21 428 0.0469700740970505
21 439 0.0282024001413748
21 441 0.084657853778845
21 446 0.0373314984575411
21 454 0.0703521247334088
21 458 0.0319068274637079
21 470 0.165785184857545
21 475 0.178312917887625
22 5 0.0724305017704015
22 10 0.106168905010788
22 45 0.222477083009935
22 58 0.00563219474308737
22 63 0.0749098715534828
22 73 0.149615424461265
22 77 0.0533231257927431
22 78 0.0163866133277321
22 101 0.113904074568034
22 102 0.0778112401887884
22 115 0.112969013184735
22 150 0.136896554538734
22 161 0.151841144797815
22 165 0.00917639105781691
22 176 0.00696027799706339
22 184 0.0666118769957201
22 233 0.0131245990310678
22 238 0.00444524433104451
22 240 0.120599207350561
22 245 0.0178513184600804
22 254 0.00800098864397718
22 269 0.0316478196176683
22 279 0.127107174040694
22 298 0.045846773029183
22 302 0.0499218862218683
22 317 0.00997955634870014
22 320 0.248819805005002
22 322 0.301605277798979
22 335 0.0161746820774174
22 355 0.124714402782438
22 376 0.169233075409815
22 377 0.357619182640825
22 419 0.0785436819066124
22 433 0.350507086612914
22 459 0.00279611129828327
22 497 0.13800630710106
23 2 0.0962237770012596
23 33 0.139141917112602
23 49 0.0914862572701052
23 85 0.308663006479457
23 91 0.0159164015404287
23 104 0.0433875719843167
23 108 3.43128867769071e-05
23 130 0.0284680399365358
23 133 0.123823509580446
23 135 0.123864688536614
23 216 0.0158144444436668
23 220 0.13286599723666
23 222 0.00705138906249497
23 229 0.328351071963224
23 242 0.0807400416644702
23 264 0.0209022872285279
23 272 0.0305038159899481
23 294 0.0786146434722128
23 305 0.0495113062134027
23 322 0.28780522450708
23 347 0.0637812566803254
23 355 0.0969993368526638
23 364 0.0547938921820534
23 410 0.0799190590760292
23 443 0.0258750794014057
23 459 0.0607462059756427
23 467 0.360869980461449
23 481 0.0896093584750821
23 490 0.1716876454968
23 496 0.0432118155480217
24 5 0.112870696114116
24 19 0.106688106174464
24 29 0.0588794701743299
24 36 0.00335942180421792
24 42 0.0349793450673644
24 58 0.221642865028951
24 92 0.249308407188071
24 129 0.141148575581187
24 185 0.0238838970213536
24 186 0.0374027922015019
24 192 0.238578285655094
24 196 0.0911484170549186
24 202 0.00675220936732635
24 208 0.12451201018923
24 210 0.0881476880073466
24 221 0.0378205438890881
24 230 0.0338860165174426
24 232 0.00431805450876008
24 244 0.051747024051822
24 246 0.142488296943101
24 250 0.148133600668083
24 275 0.358988421099959
24 280 0.164799806478602
24 310 0.112596892019113
24 323 0.0644415607136423
24 339 0.00849315945357343
24 353 0.0977684016547384
24 361 0.385100546170341
24 366 0.1853758598636
24 367 0.0574011387951776
24 369 0.015275938903981
24 371 0.0103979347240887
24 387 0.0471789482566139
24 401 0.191930812412821
24 414 0.0724429817885994
24 416 0.0790763928828858
24 417 0.363889752529647
24 436 0.0873817437465359
24 466 0.0617042469462977
24 486 0.0028678573698525
24 491 0.319721255096481
24 492 0.0136675107547076
25 11 0.0694215625537096
25 17 0.0074186966662858
25 29 0.00449254547826047
25 31 0.115686709870962
25 34 0.111277537114491
25 35 0.00459224545984379
25 70 0.105237290885251
25 84 0.140830007758237
25 89 0.0144038983400772
25 99 0.0890791356842354
25 138 0.0152805966206805
25 144 0.136273215231529
25 151 0.0526155658257759
25 167 0.081009185174995
25 184 0.131668013914026
25 186 0.0107869993249831
25 187 9.11213290341762e-05
25 192 0.0114341745426328
25 216 0.176939285615053
25 224 0.058699855215865
25 236 0.364924350262038
25 245 0.212715756678548
25 276 0.0840904191112704
25 300 0.0699687232746791
25 303 0.093186515817679
25 305 0.0652475667936643
25 310 0.0027591828551835
25 343 0.0070572524880139
25 371 0.0514415949148897
25 395 0.00836209664010348
25 422 0.00946515122272922
25 423 0.602556458879862
25 472 0.0145727068150483
26 10 0.00818145960780531
26 14 0.077107805054558
26 27 0.108586685337901
26 28 0.14596509438258
26 30 0.191553593373255
26 34 0.13139411339845
26 44 0.0662987561547039
26 65 0.0102113543903173
26 87 0.0275644777031988
26 90 0.136433879503748
26 95 0.078897197693779
26 99 0.272533907943259
26 108 0.0695749047829093
26 112 0.280747112874524
26 116 0.159980694830339
26 117 0.0567940458550589
26 120 0.077860980470713
26 128 0.0146259048667325
26 140 0.0885766434486702
26 146 0.0293521774051489
26 148 0.0344406593973972
26 150 0.254746969547717
26 173 0.179438291379482
26 174 0.116798870593399
26 186 0.0923303379907076
26 189 0.0953053235563009
26 203 0.00396332806339975
26 205 0.0312071414728436
26 217 0.0754038647461471
26 224 0.0221569352652312
26 261 0.0356188849282472
26 273 0.241103003688388
26 276 0.0586553417507797
26 282 0.0286176007577905
26 285 0.0186978198485698
26 297 0.0152770304031074
26 342 0.107853769060556
26 345 0.00467919124238861
26 352 0.118751675244464
26 355 0.0390973959370482
26 382 0.0622150096623519
26 398 0.0791014643308392
26 411 0.107522324009994
26 414 0.0131774609918078
26 428 0.00649687177638535
26 451 0.142088767392368
27 12 0.24931652313095
27 21 0.0365972070701487
27 26 0.108586685337901
27 40 0.0925928383129314
27 43 0.0309502887835211
27 44 0.305639563320066
27 71 0.0333114576831566
27 87 0.0394769975419341
27 96 0.36030884770686
27 115 0.0137707627331747
27 118 0.215523281958636
27 151 0.159722938827817
27 163 0.144875136413947
27 166 0.0179658952783229
27 196 0.148632158819095
27 229 0.073572213103487
27 240 0.0515057885894216
27 247 0.0544269269590186
27 260 0.0730762861203263
27 269 0.0527839064966768
27 292 0.00812394334653344
27 307 0.13662930232266
27 333 0.0534443427161916
27 344 0.000127769214846031
27 379 0.181277644867206
27 390 0.0507446754691039
27 413 0.0280832071967949
27 420 0.419465451611149
27 435 0.15960969325434
27 441 0.129698294860103
27 456 0.0459897609736444
27 457 0.0164112836820185
27 464 0.0164539248467419
27 474 0.10953441824824
27 481 0.343776832274733
27 487 0.245306970821179
27 498 0.0092730001940556
28 5 0.00775325217031619
28 26 0.14596509438258
28 31 0.0624330124331919
28 41 0.223219522131518
28 42 0.0781338582116304
28 60 0.0732495181509534
28 63 0.156431112501012
28 84 0.0505477490902008
28 101 0.087369549085088
28 112 0.0933141426937237
28 118 0.0228157880677477
28 124 0.157102187451777
28 167 0.0684771658195801
28 174 0.229601590365743
28 179 0.0106011608381326
28 189 0.0782041422223616
28 220 0.0629415772589186
28 221 0.0267858210646426
28 232 0.0490331510671543
28 237 0.0206889559111818
28 241 0.10624989716742
28 261 0.0983597419826768
28 275 0.0756986776077426
28 297 0.0261243606239204
28 300 0.100180326783825
28 302 0.0768179728593084
28 309 0.19663862733043
28 310 0.0180309919892152
28 324 0.000314038552873963
28 343 0.014871673260982
28 363 0.0960615637323026
28 364 0.0349730251539039
28 372 0.0527546489102953
28 421 0.426490009080034
28 422 0.00219149692153045
28 426 0.0412489522170719
28 433 0.374329966922112
28 464 0.0642900675092302
28 465 0.180951376855863
29 10 0.0339170790198507
29 19 0.248182886773335
29 24 0.0588794701743299
29 25 0.00449254547826047
29 31 0.127766855259262
29 32 0.16672712098183
29 45 0.00145250294771265
29 46 0.00595522661374288
29 91 0.194030263573235
29 94 0.14231840420599
29 107 0.552857551902721
29 109 0.103363052935346
29 122 0.155560977227074
29 133 0.154087041429778
29 150 0.332621562843432
29 158 0.0759366795308172
29 167 0.0437879540554915
29 176 0.0759160243508491
29 192 0.0996197395762995
29 197 0.117475685353043
29 203 0.0248622779725423
29 217 0.00631702073315597
29 222 0.0155963518912457
29 251 0.00947795162727974
29 300 0.0565596043367339
29 315 0.0523660937292553
29 316 0.0675937371626116
29 383 0.0695314316791974
29 388 0.0285199227541614
29 402 0.0830555758806693
29 416 0.0836264191447229
29 420 0.0602056259043208
29 426 0.069189679840438
29 427 0.0456428146091159
29 495 0.0241420440102682
29 499 0.216587338333708
30 14 0.0312890547666784
30 26 0.191553593373255
30 33 0.0861463205963603
30 39 0.105503827984592
30 41 0.0794061625032863
30 44 0.0216376409648927
30 56 0.0131982129660561
30 64 0.221504459564655
30 84 0.089847997683176
30 98 0.0933894706766124
30 104 0.265405648920647
30 105 0.00372724986462829
30 112 0.349203296808408
30 113 0.0818496452510214
30 132 0.0687108610712462
30 144 0.107089807249844
30 148 0.0459451369384684
30 157 0.0160676257568863
30 169 0.0408017635760293
30 177 0.153437616080855
30 185 0.0881138769296662
30 194 0.147059913173553
30 207 0.152549887556652
30 223 0.237762850146735
30 245 0.0282645910028461
30 256 0.0610647263776557
30 296 0.0193654532665806
30 310 0.198626074577955
30 318 0.456921593041501
30 322 0.0571488412968535
30 341 0.0350513424138175
30 345 0.0900598868804113
30 362 0.370015426389734
30 395 0.193777186421564
30 407 0.0573351035447805
30 425 0.208593579812438
30 455 0.0112782903275098
30 470 0.0152382465123954
30 479 0.065804526656553
30 484 0.0635851754975765
31 4 0.0084672054490712
31 13 0.104063363770648
31 15 0.0132150245708554
31 18 0.12031208333029
31 20 0.0709103797686446
31 25 0.115686709870962
31 28 0.0624330124331919
31 29 0.127766855259262
31 35 0.198803116209937
31 44 0.12723263676531
31 91 0.0302050814840521
31 98 0.164038339430778
31 100 0.0329259156514729
31 119 0.0264129706025461
31 133 0.129787540867986
31 157 0.0894472986798169
31 170 0.218840880157108
31 173 0.0152913106888085
31 174 0.137509244743366
31 182 0.264306230940275
31 194 0.00355542629642875
31 199 0.0487506928867092
31 200 0.0989325247132951
31 211 0.050394473402689
31 212 0.0608672643337648
31 233 0.00930453745643097
31 235 0.00885700410035526
31 256 0.0278152183221404
31 263 0.0816766969089196
31 271 0.0312190525750728
31 276 0.23941671141636
31 279 0.0874871293714853
31 283 0.109203048986074
31 292 0.0292625938497462
31 312 0.0434320461398443
31 345 0.58197642108378
31 354 0.27744678949496
31 365 0.0761033436881557
31 382 0.0142396034768415
31 384 0.432633650552623
31 404 0.101442006746409
31 422 0.0267455586308984
31 462 0.0614181515790875
31 493 0.0380985476591499
31 497 0.0947242509352017
32 0 0.0762547368227663
32 7 0.105814250659755
32 12 0.0143538413923999
32 15 0.0342747900575237
32 17 0.106443273042001
32 29 0.16672712098183
32 35 0.0454287101637857
32 54 0.00210140049773675
32 71 0.139562009415998
32 86 0.0721667629628818
32 107 0.452080318591636
32 129 0.230761997075375
32 143 0.0492665832876476
32 155 0.0085354706376097
32 162 0.12583324949875
32 185 0.0190605611830961
32 225 0.134362072053332
32 231 0.0212785090306198
32 238 0.0841085837802375
32 245 0.0683606333219787
32 249 0.455438263012644
32 256 0.0309586269740466
32 295 0.197702376283295
32 299 0.181320498494668
32 323 0.0193759225221029
32 329 0.0579229605275877
32 336 0.00518438050050221
32 366 0.370428548538886
32 388 0.60460042861885
32 412 0.129150019029875
32 441 0.0254012399686055
32 470 0.0620055291545993
32 480 0.0453447785215472
32 489 0.0537665371852996
32 491 0.0798548219636025
33 13 0.0366695967400854
33 23 0.139141917112602
33 30 0.0861463205963603
33 35 0.13709661139002
33 41 0.0954860797386399
33 51 0.111686029173338
33 71 0.0322853891360033
33 94 0.17451502611057
33 95 0.0045284581005615
33 122 0.147613138453266
33 144 0.147658409555263
33 166 0.0611808715712247
33 171 0.0627328944155616
33 179 0.125242936944691
33 181 0.295694864083825
33 211 0.102092966574586
33 217 0.262481346877552
33 224 0.4243588117959
33 232 0.101122893307739
33 236 0.00526398884516298
33 240 0.270337264626485
33 255 0.0639963090573022
33 290 0.586838792199077
33 310 0.0954843848340207
33 339 0.140146886853691
33 366 0.023248563453306
33 370 0.0494777045731559
33 371 0.0353402569733849
33 379 0.130102578695933
33 404 0.0872552444134572
33 407 0.042383221046042
33 417 0.197143245231103
33 426 0.519338659214137
33 430 0.0299491798840876
33 432 0.0149376894491125
33 475 0.402457372651026
33 483 0.0702076252029065
34 1 0.103068693506932
34 25 0.111277537114491
34 26 0.13139411339845
34 35 0.062368424099884
34 45 0.101307659822234
34 50 0.320294754907021
34 66 0.010950146233446
34 69 0.40535261611424
34 90 0.228920893141735
34 96 0.176079842475019
34 121 0.134951552363687
34 133 0.154179483791613
34 156 0.106496127242959
34 175 0.104217113631244
34 179 0.126692981568201
34 195 0.11212419322333
34 217 0.114492402618638
34 233 0.131582651641681
34 248 0.0238800358115016
34 271 0.0334565211762194
34 275 0.000535072005873743
34 284 0.00303701365276132
34 378 0.143218606268797
34 447 0.0430517576996283
34 453 0.0510863841200617
34 458 0.0936459875643621
34 471 0.00701786132679252
34 480 0.052842553105463
34 490 0.045783459079033
34 492 0.179037506918482
34 496 0.142025500558013
35 3 0.127483127222687
35 25 0.00459224545984379
35 31 0.198803116209937
35 32 0.0454287101637857
35 33 0.13709661139002
35 34 0.062368424099884
35 38 0.120424784864442
35 39 0.0722953406853312
35 41 0.208696902901299
35 42 0.0183388803055332
35 47 0.382945434609911
35 50 0.100213238644902
35 62 0.10726242898382
35 65 0.24300205910801
35 73 0.048395212534461
35 77 0.0648887881701392
35 85 0.145475646645159
35 94 0.215314992847202
35 117 0.0108995341182009
35 139 0.0218116300083865
35 153 0.0973238002612539
35 171 0.0182312268585626
35 177 0.00960629154068342
35 193 0.0372606686690446
35 194 0.0570967983631143
35 209 0.0466992926153879
35 223 0.21996902980567
35 232 0.0210065632112177
35 233 0.020868722056984
35 239 0.458093462360356
35 245 0.0724067823490621
35 259 0.0132494927356784
35 263 0.025973490570768
35 271 0.137813373672916
35 273 0.00778438248916296
35 284 0.00302353107338425
35 287 0.192330533936321
35 302 0.140484173722379
35 308 0.05790487065082
35 334 0.0573117465873096
35 338 0.0625407746015525
35 342 0.0270120161135843
35 346 0.0671220634798288
35 385 0.147729086037257
35 387 0.00808178579584406
35 393 0.0697876055923145
35 395 0.203626816170529
35 406 0.291821275477209
35 428 0.0651986096239292
35 440 0.0456396136359926
35 449 0.0331964061594551
35 457 0.0524318628943277
35 474 0.149339957483496
35 482 0.00201667855592645
35 486 0.0376159482201001
35 489 0.0345894533117376
36 2 0.112673679509121
36 24 0.00335942180421792
36 37 0.0119118571983143
36 45 0.109451731114486
36 52 0.00207641111090132
36 65 0.052190058400325
36 74 0.357618725996133
36 110 0.183208371532122
36 111 0.00471400412711904
36 116 0.180626117651498
36 123 0.103528610497235
36 131 0.097753931549009
36 135 0.162874214736982
36 142 0.0315448054210286
36 154 0.036722454809691
36 180 0.00462828231776165
36 194 0.0368142788617134
36 213 0.0923262750270667
36 236 0.0852286240380629
36 237 0.239892751253133
36 262 0.00541941945015605
36 272 0.0324209840074268
36 274 0.0400665960168287
36 339 0.243253259207464
36 369 0.321400277616971
36 377 0.0472085848562425
36 380 0.159486872179237
36 388 0.0559382147951425
36 394 0.0569465521578927
36 406 0.0111272829136551
36 417 0.131357941246277
36 431 0.0437799803161829
36 437 0.045274650582518
36 491 0.335403346488429
37 18 0.209683544206098
37 36 0.0119118571983143
37 51 0.255960586352318
37 74 0.197526239391029
37 90 0.000111676005577632
37 101 0.18446837164067
37 129 0.0206910027116695
37 136 0.0296966158175744
37 138 0.0116955294030793
37 164 0.0625891261841689
37 166 0.0294875286693511
37 196 0.0500834864595433
37 198 0.221106052718618
37 199 0.0330589835893719
37 202 0.187477444051091
37 209 0.00567665770112501
37 232 0.389635106507961
37 256 0.00839709962657446
37 258 0.621852999491596
37 293 0.0472454753083363
37 298 0.012257543720096
37 303 0.00398790115905442
37 325 0.00675187220967696
37 328 0.482418935712255
37 340 0.0624777663466937
37 345 0.0774896012753523
37 349 0.0355276294620369
37 372 0.00187698503569266
37 375 0.0407295943472252
37 383 0.0178302052316901
37 419 0.0650978701842924
37 428 0.130684405165254
37 454 0.287811897161238
37 477 0.0722239249425388
37 492 0.148597182709149
38 0 0.154910507022701
38 5 0.0488257227662402
38 35 0.120424784864442
38 44 0.250629850848017
38 46 0.028442260265149
38 56 0.00571998878595789
38 71 0.0461525318493846
38 113 0.0214553745261897
38 116 0.126569630458499
38 119 0.0451426560192188
38 174 0.0424854228874324
38 180 0.012181707441608
38 202 0.012978693305023
38 205 0.212308473477394
38 245 0.0427034993162404
38 297 0.0860526747738792
38 309 0.173939853934832
38 328 0.0440398314836491
38 353 0.23020783024455
38 376 0.0505998129259882
38 385 0.13845369843871
38 393 0.100891692614707
38 397 0.049760790980909
38 408 0.0563070364459445
38 420 0.0304757965278572
38 444 0.0442730652280561
38 452 0.0722818266550113
38 473 0.140482535482011
38 475 0.195864865106231
38 490 0.0797344674794646
38 491 0.385074791516949
39 13 0.00348128883689917
39 30 0.105503827984592
39 35 0.0722953406853312
39 43 0.123102048475123
39 46 0.0554940819620729
39 48 0.219415502825274
39 52 0.187713596423005
39 58 0.0940479979606242
39 75 0.136427793429434
39 77 0.423739750107222
39 84 0.0472003378870978
39 98 0.0447359167585991
39 127 0.0435533406759246
39 130 0.0948218844624791
39 143 0.0684373148551188
39 146 0.00737826957593111
39 159 0.661449691296197
39 165 0.328769338688405
39 172 0.0136028735969626
39 180 0.0311726094800524
39 188 0.129474584630908
39 192 0.278890476294274
39 224 0.222586131906148
39 226 0.0297489496027599
39 227 0.271811098882503
39 236 0.422728399329118
39 237 0.0345676049311573
39 243 0.0181377103878443
39 246 0.176118605757307
39 256 0.0858051439502503
39 286 0.0222197458233146
39 324 0.0133392550253787
39 332 0.0471594123906135
39 346 0.190624356856168
39 352 0.382199462911847
39 391 0.142149697520033
39 393 0.0860207943115159
39 431 0.0626044015992235
39 433 0.0397584621784388
39 440 0.171280904191102
39 464 0.0117566830026909
39 486 0.027701547763879
39 496 0.0256994015941941
40 6 0.0159948563862668
40 27 0.0925928383129314
40 62 0.0893444050892491
40 91 0.198182934730987
40 101 0.299481878174758
40 105 0.285559535100023
40 161 0.00278673635154373
40 193 0.323394885680831
40 268 0.0278840325977489
40 269 0.00331830592883116
40 274 0.0360689614651573
40 330 0.0734437337460436
40 344 0.00295803834173684
40 361 0.213120253002237
40 373 0.0155941333906331
40 379 0.0834020500872054
40 393 0.224031764930599
40 412 0.189507951232565
40 418 0.00751309285338502
40 422 0.0984133495301207
40 427 0.16558504255095
40 430 0.109193413253964
40 436 0.1983741600709
40 442 0.0721197164981167
40 461 0.0266936885546799
40 465 0.128736234823935
40 483 0.134581097605583
41 28 0.223219522131518
41 30 0.0794061625032863
41 33 0.0954860797386399
41 35 0.208696902901299
41 46 0.0377352817061025
41 51 0.0340198704261854
41 52 0.0227794166774593
41 53 0.0360125874246117
41 54 0.217264894568599
41 55 0.291084371275259
41 56 0.0940385447188064
41 59 0.035191653969802
41 64 0.0171964527971841
41 65 0.0624357803188907
41 68 0.169758621554488
41 88 0.246378288133967
41 103 0.00574854747293033
41 113 0.0915385676940659
41 120 0.160002945735219
41 137 0.0477417469042246
41 142 0.0211949238057857
41 150 0.0316380224171868
41 153 0.329748087031216
41 176 0.0357294240916887
41 185 0.00972046514777608
41 201 0.126757576391587
41 219 0.0470608491691726
41 234 0.179489017734145
41 276 0.0132263917938918
41 286 0.0162461644769208
41 299 0.196747637308199
41 314 0.052319194647103
41 327 0.292795679690583
41 329 0.0416284075511609
41 347 0.0495441158613471
41 376 0.0209769027907893
41 400 0.125130374992902
41 418 0.00661906852757872
41 432 0.108311757749154
41 461 0.0137649127797937
41 482 0.0841408468986216
42 7 0.231602220322031
42 11 0.00605210271901498
42 24 0.0349793450673644
42 28 0.0781338582116304
42 35 0.0183388803055332
42 49 0.112078107045583
