0 2 0.120407643787425
0 5 0.036737954780443
0 6 0.110135916246924
0 9 0.0974881848490585
0 11 0.197662015554713
0 13 0.117546078658301
0 35 0.598348000682426
0 83 0.0982360339076184
0 195 0.164629365956634
0 319 0.000535361085423953
0 345 0.151646672059216
0 351 0.0177611797339661
0 377 0.305453202973637
0 436 0.0832670358050787
0 442 0.312338288058941
0 453 0.00909784892535106
0 504 0.0109577827823492
0 564 0.0227262016285622
0 591 0.04533061164128
0 673 0.0112358506677818
0 685 0.000146616611411907
0 695 0.0344835274336873
0 889 0.0849681845548287
0 898 0.215367721123258
0 961 0.136118458231261
0 1008 0.0874710040859806
0 1022 0.0163278017174938
0 1240 0.0315752067116705
1 2 0.0412509439085896
1 3 0.0869900309612203
1 15 0.11778681650048
1 45 0.0812761192690913
1 157 0.141766851426438
1 191 0.141640407396457
1 193 0.15139988450334
1 228 0.148472814418171
1 250 0.00620616013977374
1 293 0.126370505673767
1 405 0.0422090155659745
1 492 0.0115207537919627
1 499 0.231335893006951
1 512 0.315205422328027
1 550 0.0905976320627102
1 598 0.0438857646467007
1 626 0.0822423658729323
1 804 0.022196485610818
1 832 0.0143124709724682
1 896 0.0107956287698915
1 977 0.295693525285084
1 1015 0.0121554411346859
1 1024 0.172257905890241
1 1237 0.145115746096785
1 1238 0.243819195024974
1 1240 0.277830378562102
1 1244 0.0382734224324907
2 0 0.120407643787425
2 1 0.0412509439085896
2 5 0.0859950537525989
2 6 0.00293172421390314
2 7 0.0678372205243397
2 12 0.019247349897933
2 13 0.111880865016253
2 14 0.0127888420816226
2 23 0.00595341657763123
2 64 0.463292859698644
2 95 0.0688027618306555
2 108 0.0977387824768373
2 146 0.00383405976979936
2 252 0.519278269067246
2 410 0.0648638388913722
2 611 0.0829763695121495
2 673 0.154747211350963
2 714 0.0773789767505484
2 740 0.132100134451425
2 798 0.0912666355031117
2 904 0.202001361426852
2 986 0.142566102255224
2 1101 0.0847942615845956
2 1178 0.0135519938392106
2 1191 0.0507650031007615
2 1236 0.000730272528699999
2 1240 0.00084176438667226
2 1241 0.0509139681182281
2 1243 0.0161127257176814
2 1245 0.0465111704799723
2 1247 0.0598825269896429
2 1249 0.197987479981232
3 1 0.0869900309612203
3 5 0.0162050746456896
3 8 0.110646082651614
3 10 0.15341767800459
3 11 0.222937797318371
3 25 0.0860345906710034
3 32 0.10176426359597
3 116 0.327581930979939
3 121 0.113944816088459
3 213 0.084843558040537
3 384 0.883365309515612
3 460 0.14683551712626
3 474 0.288456969635958
3 522 0.00557626898885218
3 592 0.0202286814365763
3 628 0.18063026166296
3 688 0.143091213269219
3 713 0.193823866238552
3 748 0.0639794936137554
3 778 0.0522947711386374
3 806 0.00406549297879738
3 848 0.00309545845093396
3 851 0.143099347850953
3 907 0.0847335380855001
3 985 0.0332886238903086
3 1044 0.00244436487422475
3 1094 0.0894763127524206
3 1116 0.0142659864112562
3 1137 0.0654669059780676
3 1148 0.0545010895990368
3 1162 0.0364675760555528
3 1170 0.0469466025685182
3 1239 0.114806710337293
3 1245 0.0614649809759211
3 1247 0.0762855500913052
4 14 0.253422385201785
4 15 0.222188704932802
4 16 0.0960192752882262
4 19 0.00968592201987247
4 324 0.0476985227768924
4 346 0.118234959140871
4 456 0.231113093254783
4 516 0.253348675894704
4 532 0.016179622349729
4 544 0.025936559092048
4 652 0.080046900759864
4 665 0.0769168876483275
4 724 0.173835242229151
4 749 0.0754271150140837
4 760 0.00716527241102288
4 877 0.0387679599841946
4 893 0.16763882139409
4 967 0.0504471826822972
4 1024 0.0619356819818104
4 1037 0.251762269583242
4 1078 0.0117347790281912
4 1088 0.0431104518892763
4 1093 0.0644419549582105
4 1165 0.0649872555911394
4 1220 0.00973193464155919
4 1222 0.00650021313439273
4 1238 0.197120709456824
4 1243 0.0414205300083574
5 0 0.036737954780443
5 2 0.0859950537525989
5 3 0.0162050746456896
5 8 0.0499838349506563
5 12 0.0894884260725952
5 13 0.015911806332553
5 100 0.118209981822775
5 103 0.119786329581474
5 115 0.336332256907481
5 240 0.208731174275749
5 393 0.0322898724351964
5 453 0.0449107113008277
5 465 0.273244265444016
5 488 0.105349303153246
5 533 0.246727411202541
5 597 0.013726747388012
5 611 0.0875288093557196
5 689 0.0107605766027743
5 798 0.114162106894667
5 806 0.182882977269939
5 846 0.282616451227968
5 947 0.0278223810141662
5 962 0.0605396372452358
5 1043 0.0488378977415557
5 1128 0.0664425274528856
5 1168 0.0793432185517939
5 1245 0.299279516681344
5 1248 0.130449474754542
6 0 0.110135916246924
6 2 0.00293172421390314
6 12 0.143992293905491
6 19 0.00088744284915802
6 22 0.207849307879294
6 44 0.008492702758962
6 112 0.166461334659644
6 120 0.014124850451562
6 166 0.0283452646122238
6 208 0.00572396517228749
6 283 0.0572457945301225
6 373 0.0469332735931179
6 387 0.00523603480812585
6 409 0.00788411392824015
6 432 0.0268153770577728
6 505 0.0149650497675186
6 520 0.0746265003976062
6 622 0.143930816697057
6 694 0.0526826553039188
6 711 0.0275533117853959
6 749 0.0382146423854237
6 924 0.0244205945546373
6 1075 0.04232588390696
6 1102 0.0786677944302975
6 1127 0.124509115414659
6 1137 0.0190671521265262
6 1141 0.0904151136313235
6 1185 0.141304563440112
6 1248 0.0953227746103202
7 2 0.0678372205243397
7 10 0.0932716194479066
7 13 0.124560434856636
7 19 0.0547658242946081
7 21 0.0305910874102029
7 90 0.0137393965776049
7 156 0.185872633774306
7 222 0.269165490882122
7 243 0.0963313654250938
7 401 0.126566166534907
7 441 0.0344712479549816
7 566 0.0515004089007026
7 658 0.0015468035259591
7 672 0.179876984803875
7 777 0.0198513494445747
7 792 0.0430239074054567
7 836 0.139459495249307
7 873 0.13024274415779
7 979 0.0138427473298237
7 998 0.0797566322094481
7 1009 0.133010874262139
7 1015 0.0239414216210904
7 1043 0.0554522472552999
7 1137 0.0177365205210345
7 1162 0.00458084023077448
7 1233 0.017168735522393
7 1239 0.00213895182486148
7 1243 0.00259594087023914
7 1244 0.401243029864089
8 3 0.110646082651614
8 5 0.0499838349506563
8 10 0.16681724902959
8 15 0.0347439138089562
8 20 0.171031586509122
8 22 0.082437983287466
8 24 0.0603103863776026
8 59 0.0857967610308692
8 60 0.446910179263914
8 90 0.208242549660405
8 134 0.157120395454185
8 236 0.00432386770794907
8 270 0.0333271853726651
8 372 0.0488411480988301
8 392 0.0347913524311219
8 489 0.33606211470241
8 521 0.0817912733571194
8 579 0.0590244712354142
8 598 0.16768008937899
8 620 0.236418441913213
8 647 0.0109583450669325
8 747 0.0163862400155627
8 925 0.0051129212655924
8 978 0.06740965120553
8 991 0.00416425667274359
8 1144 0.0384684656500182
8 1218 0.0289566144704103
8 1231 0.0752538814280554
8 1238 0.00258700464760514
8 1244 0.00621143836346718
9 0 0.0974881848490585
9 13 0.000928388187645634
9 14 0.0186951698906167
9 15 0.070488422719886
9 17 0.224848445655079
9 19 0.0365547373169541
9 25 0.0676993440207869
9 78 0.544637619373005
9 113 0.124089125350693
9 226 0.0633434805005898
9 318 0.0637418727923877
9 367 0.0582077255240691
9 373 0.0228206426989295
9 385 0.0842314238649704
9 390 0.248685932351174
9 500 0.138430250041407
9 516 0.00742359174360983
9 575 0.111090735022137
9 732 0.0407890994477889
9 781 0.0289540245413109
9 791 0.108524201995845
9 846 0.264789737002197
9 854 0.00136465717000019
9 864 0.0811579052497206
9 919 0.0792586170616025
9 944 0.0189778869133542
9 954 0.0616510321702237
9 987 0.326786595719998
9 998 0.315361157769498
9 1092 0.177484548904429
9 1215 0.0991576027744187
9 1223 0.0473675774576773
9 1233 0.090527465974471
9 1247 0.0600141346969487
10 3 0.15341767800459
10 7 0.0932716194479066
10 8 0.16681724902959
10 11 0.17705348510603
10 12 0.0464781756452409
10 17 0.033510803996627
10 18 0.0131030118275888
10 20 0.0757125967611259
10 22 0.0860714619500524
10 26 0.0244905775162082
10 125 0.107493128234055
10 184 0.00121765978458861
10 283 0.0241430346654174
10 289 0.0556502089720685
10 302 0.0159454567768105
10 340 0.121541624284605
10 363 0.0451428995711192
10 411 0.041213491045671
10 462 0.126623551773645
10 472 0.0770031662780693
10 499 0.00799767157213601
10 665 0.173155580720954
10 681 0.701250110071582
10 848 0.0397072012565537
10 941 0.121889428404677
10 943 0.261351043783684
10 989 0.0141094697786075
10 1159 0.153141933547088
10 1227 0.111932514989826
10 1248 0.0109866589512243
11 0 0.197662015554713
11 3 0.222937797318371
11 10 0.17705348510603
11 12 0.00476320933700706
11 14 0.137475490108391
11 16 0.179825022614494
11 21 0.021257481344757
11 22 0.0621807303585425
11 61 0.03365186696088
11 168 0.121108672605355
11 255 0.0244327593700146
11 327 0.001918687500471
11 445 0.048347704762326
11 464 0.0136185751434308
11 579 0.110034291168715
11 620 0.111176033631768
11 644 0.189231353282683
11 709 0.0894300644622057
11 738 0.0912508958021698
11 999 0.038856964483795
11 1038 0.0309536109175566
11 1048 0.0449560608349884
11 1127 0.0584042673503881
11 1190 0.114359805481155
11 1193 0.079826383549312
11 1214 0.0451471765536814
11 1222 0.100022311037365
11 1238 0.182685199834009
11 1247 0.00468745926613084
12 2 0.019247349897933
12 5 0.0894884260725952
12 6 0.143992293905491
12 10 0.0464781756452409
12 11 0.00476320933700706
12 15 0.0648657949958914
12 16 0.0348710167985996
12 23 0.096384744897224
12 27 0.021858464751725
12 28 0.152754500108442
12 160 0.391214748745755
12 196 0.034842357540288
12 197 0.151055310612154
12 219 0.0502638617719103
12 251 0.0492160548623628
12 329 0.375490959152128
12 366 0.204116371775019
12 370 0.0701574271987832
12 700 0.100727041530956
12 718 0.0453201726317852
12 746 0.148451342272473
12 869 0.181358343924575
12 917 0.275189332477237
12 1080 0.00592513922662737
12 1082 0.0363144002724828
12 1157 0.0852641392864936
12 1211 0.00301391453102031
13 0 0.117546078658301
13 2 0.111880865016253
13 5 0.015911806332553
13 7 0.124560434856636
13 9 0.000928388187645634
13 14 0.0986634862861731
13 16 0.0215011297502965
13 23 0.020651860496466
13 26 0.0208734629111477
13 29 0.066241017045781
13 112 0.0473050300840792
13 121 0.390567559303013
13 184 0.0547665894003923
13 215 0.0328408226219069
13 220 0.221454950334382
13 311 0.17366615803658
13 338 0.112342648686664
13 356 0.109791855202364
13 503 0.00962834665043856
13 521 0.0514906917780495
13 529 0.149022254524824
13 555 0.0194945788261507
13 582 0.115446289111692
13 585 0.0205636475400833
13 624 0.488227456717572
13 692 0.0167958294584335
13 693 0.118974264855943
13 735 0.222629827529094
13 906 0.212201773078953
13 920 0.208462739676573
13 958 0.0153386518015071
13 1084 0.250923423907202
13 1148 0.249991758402856
14 2 0.0127888420816226
14 4 0.253422385201785
14 9 0.0186951698906167
14 11 0.137475490108391
14 13 0.0986634862861731
14 28 0.0142242332952508
14 29 0.151436635375916
14 58 0.000756636525466619
14 72 0.139466088026764
14 169 0.366822823098646
14 274 0.315507735946645
14 286 0.121572187055938
14 356 0.103301047783805
14 366 0.0598982632503001
14 415 0.212894309904286
14 450 0.112236625412402
14 456 0.0303601775971053
14 545 0.0372243941515842
14 558 0.23297037857406
14 627 0.0754158771430238
14 642 0.0305157169751438
14 738 0.0554896827637005
14 806 0.070270043154842
14 894 0.259456133685114
14 1165 0.0297879360052071
14 1173 0.0466368984365339
15 1 0.11778681650048
15 4 0.222188704932802
15 8 0.0347439138089562
15 9 0.070488422719886
15 12 0.0648657949958914
15 25 0.00659401797661267
15 29 0.272773848396633
15 30 0.197186632480825
15 92 0.0108707905758789
15 136 0.42120326228394
15 156 0.0359190922599605
15 184 0.0348842176336154
15 185 0.301285870111859
15 203 0.022710020266752
15 292 0.0260240621099905
15 298 0.14271186419344
15 354 0.145779408532359
15 358 0.277965402576654
15 381 0.0212199806343265
15 410 0.0687608594019802
15 413 0.0126973507925139
15 434 0.0719014980667814
15 444 0.0700209173631906
15 450 0.0451878559890505
15 479 0.0406634415842056
15 553 0.324242587068026
15 653 0.168826747625078
15 691 0.0899253720912249
15 738 0.0549702646527476
15 821 0.0246978661139679
15 873 0.016080785435524
15 891 0.152615801292776
15 892 0.0759420824248657
15 899 0.0630952527640638
15 920 0.0692178474415491
15 922 0.0496061383850824
15 937 0.0750132691960407
15 948 0.00336555875567259
15 1011 0.0531138996259866
15 1051 0.24837084291314
15 1161 0.21312928999222
15 1172 0.0015287333505348
15 1185 0.0840543402544037
15 1233 0.00671934929221542
15 1249 0.0404483657175265
16 4 0.0960192752882262
16 11 0.179825022614494
16 12 0.0348710167985996
16 13 0.0215011297502965
16 25 0.0232391126386768
16 48 0.0929601119430662
16 97 0.667702338280063
16 207 0.209443241192453
16 311 0.0932489880105842
16 318 0.0416583352609087
16 364 0.0921894718633301
16 371 0.131864258078219
16 400 0.116226533383048
16 421 0.0500556199213123
16 475 0.0565098845405188
16 515 0.0421580359031468
16 534 0.0457842660094366
16 682 0.0912772278728335
16 742 0.171424534602641
16 760 0.0642232125790066
16 769 0.0921046223753637
16 921 0.0246889706568043
16 933 0.0291515289194389
16 951 0.0722417286362518
16 978 0.0265432409394409
16 1014 0.142416063618626
16 1040 0.00774582486814731
16 1084 0.0759579118568093
16 1089 0.0899688084171693
16 1147 0.153976304335661
16 1231 0.018159707418584
17 9 0.224848445655079
17 10 0.033510803996627
17 18 0.0705708242702711
17 26 0.114872286286883
17 30 0.10746917309724
17 98 0.0229105980898665
17 140 0.0214982031488625
17 144 0.0446898694687795
17 150 0.0584186392124192
17 277 0.104845316286541
17 310 0.11523238482041
17 349 0.0435404103714065
17 358 0.0427468592943623
17 385 0.135600940557573
17 417 0.309982320161444
17 451 0.380680461657691
17 465 0.192173265222765
17 496 0.03383757531098
17 549 0.0623890820801637
17 613 0.061268828543765
17 634 0.226554519736408
17 641 0.0376703025969671
17 668 0.149290135017529
17 718 0.405443118620396
17 739 0.131080518214016
17 881 0.0371768654025389
17 883 0.0343589139827213
17 895 0.0901560616564013
17 918 0.197466707757728
17 919 0.089592335116623
17 946 0.0478721607935201
17 976 0.0436247793399591
17 998 0.000748868215688268
17 1010 0.0193754320732028
17 1015 0.0115423298679265
17 1092 0.0758987523815447
17 1126 0.0562797284440872
17 1205 0.0847620761257119
17 1237 0.314378834496617
18 10 0.0131030118275888
18 17 0.0705708242702711
18 21 0.176867455571968
18 29 0.203595581512234
18 413 0.0414741037679781
18 461 0.000296281678842602
18 586 0.0149909345980904
18 602 0.0897308644851992
18 625 0.0529226190998588
18 662 0.155434694994072
18 717 0.470179115507187
18 759 0.00577267151286437
18 831 0.110279750569906
18 841 0.0322096870316756
18 856 0.322412261397762
18 861 0.0869962268533577
18 889 0.110377927682997
18 929 0.137767485833796
18 962 0.0453356723738264
18 974 0.107922673559075
18 988 0.248229527304518
18 1052 0.146665610928963
18 1058 0.798508294307448
18 1145 0.00463730225547338
19 4 0.00968592201987247
19 6 0.00088744284915802
19 7 0.0547658242946081
19 9 0.0365547373169541
19 21 0.0263837924956689
19 116 0.385125327735635
19 145 0.021557501526954
19 205 0.15399836474294
19 303 0.23490719953521
19 312 0.0188331516269899
19 350 0.210366913673109
19 497 0.209576777424885
19 598 0.032614791229432
19 610 0.113751747586004
19 620 0.540368021956034
19 643 0.0288118161821003
19 706 0.319620437184058
19 715 0.0465213318354377
19 823 0.0345545135192315
19 840 0.0111624292702851
19 891 0.215415611293225
19 907 0.083709984717183
19 921 0.0555650001648786
19 966 0.24047698907623
19 1054 0.00334313198128213
19 1064 0.110154478675435
19 1143 0.063810569763821
19 1178 0.0243059515868747
19 1198 0.0402503902083506
19 1213 0.0717433733259191
20 8 0.171031586509122
20 10 0.0757125967611259
20 24 0.0630072080569953
20 25 0.0896839290791708
20 30 0.0235311870391865
20 31 0.0473095526880119
20 33 0.0233306706692735
20 73 0.0305553147978162
20 77 0.126548441338613
20 104 0.173261281775855
20 150 0.0374830332071014
20 172 0.133989403427503
20 187 0.0262563464053826
20 301 0.000804340097825276
20 321 0.0709911359935314
20 413 0.000949285742975616
20 450 0.00535741824751192
20 461 0.133119464721668
20 526 0.115220292923833
20 544 0.311195623471024
20 545 0.0354257140110628
20 662 0.0309755969539209
20 739 0.0506559583766931
20 774 0.0404301690432127
20 783 0.0496642821015899
20 856 0.381349567831818
20 898 0.0374362332813355
20 904 0.0220476014694044
20 953 0.0225187714756099
20 954 0.106078473826851
20 1001 0.0660528646591823
20 1016 0.059978956513787
20 1142 0.451329885113936
20 1148 0.18506188682582
20 1192 0.0507125594593038
21 7 0.0305910874102029
21 11 0.021257481344757
21 18 0.176867455571968
21 19 0.0263837924956689
21 23 0.0484677715208017
21 24 0.063070802340323
21 29 0.192615930157897
21 32 0.0379303135250098
21 35 0.0354400716771301
21 36 0.0656716676456967
21 37 0.00681112131988941
21 112 0.186427588932264
21 194 0.0836789615426669
21 283 0.0861684893001265
21 299 0.019071012808054
21 342 0.0301205451752625
21 364 0.061266873707325
21 427 0.0196257898831609
21 430 0.0242733725562875
21 437 0.0558758587473617
21 468 0.117459006281779
21 489 0.135238243957315
21 525 0.212281260198135
21 756 0.169937079627231
21 785 0.13530496351694
21 828 0.09199871018302
21 880 0.258946158864003
21 882 0.0606427826623611
21 990 0.0636807357024418
21 1078 0.0155947526472328
21 1102 0.303859133964842
21 1128 0.0731428917001438
21 1167 0.160232278469277
21 1198 0.0550663579224775
22 6 0.207849307879294
22 8 0.082437983287466
22 10 0.0860714619500524
22 11 0.0621807303585425
22 28 0.409429141155881
22 29 0.206862392573604
22 30 0.0270585077750031
22 31 0.16564573228546
22 33 0.253692839216045
22 35 0.278803587849314
22 38 0.236152221136095
22 50 0.0268421548164355
22 55 0.0155976096764017
22 225 0.0563916504841837
22 251 0.095974908539232
22 280 0.0289561053916871
22 284 0.00375432503356794
22 365 0.144497099457835
22 446 0.0722838545282376
22 480 0.135701890847012
22 689 0.000855900989744025
22 710 0.0600042523778473
22 717 0.107532316691151
22 747 0.0165669789522814
22 777 0.156345647600999
22 786 0.134453251802743
22 821 0.0444990355719931
22 877 0.00211192143703835
22 912 0.0281572569118333
22 965 0.197746007246827
22 1044 0.226902670733507
22 1178 0.203642748788034
22 1188 0.0761629072705883
23 2 0.00595341657763123
23 12 0.096384744897224
23 13 0.020651860496466
23 21 0.0484677715208017
23 25 0.0225533382634287
23 32 0.264922805999925
23 33 0.0821287035101284
23 37 0.0153102805946749
23 72 0.174991369848253
23 182 0.147837814322707
23 222 0.143083413110978
23 246 0.00267010251530992
23 265 0.0518060884563963
23 443 0.0610698235954052
23 537 0.0301160749734435
23 577 0.187948600273519
23 581 0.163155808660522
23 674 0.458793366495033
23 694 0.331968832785218
23 723 0.178460598167585
23 757 0.13238228559159
23 777 0.0657879382825415
23 817 0.292254333930234
23 821 0.235743178989928
23 839 0.0532947315727673
23 844 0.0571558470910871
23 898 0.192304034648323
23 904 0.0816753507233061
23 1018 0.00419660452805076
23 1083 0.109110582993435
23 1107 0.183171553109836
23 1164 0.0503208393343361
23 1168 0.18720630269445
23 1178 0.124314299272654
23 1198 0.00493514362599806
23 1204 0.0955798155515306
23 1215 0.0112297823380582
23 1233 0.045042051382527
23 1236 0.0688386320917587
24 8 0.0603103863776026
24 20 0.0630072080569953
24 21 0.063070802340323
24 28 0.00342250680686229
24 41 0.0746477348457878
24 76 0.375306206755874
24 94 0.00845226072732771
24 125 0.0100452535692044
24 191 0.0443077744339855
24 203 0.194306729638417
24 225 0.0523620140090484
24 319 0.0540063753336187
24 323 0.0381021125873341
24 341 0.0781400362198241
24 404 0.176454070622739
24 411 0.0588693023844528
24 488 0.0745437662842325
24 526 0.0145564649514319
24 528 0.0279758027010019
24 530 0.0196701361477711
24 560 0.0454940529370351
24 624 0.00490186372982085
24 712 0.165275169572723
24 807 0.34682402673211
24 842 0.0220732409945255
24 911 0.0267621731058294
24 923 0.113109198335277
24 1049 0.00662084419906529
24 1085 0.497623088012104
25 3 0.0860345906710034
25 9 0.0676993440207869
25 15 0.00659401797661267
25 16 0.0232391126386768
25 20 0.0896839290791708
25 23 0.0225533382634287
25 28 0.0534205040593372
25 35 0.0635696930555827
25 38 0.0192303558567495
25 66 0.0236623265932396
25 97 0.0706708771178782
25 108 0.0146146546251648
25 126 0.0866974717681831
25 135 0.0323280279605588
25 203 0.0314677559803303
25 255 0.0389173487650332
25 372 0.305414680009695
25 407 0.0151102679823844
25 468 0.0406708189582201
25 498 0.22630775916086
25 560 0.103338891320469
25 641 0.0678472686531049
25 644 0.161023566158814
25 665 0.0874194998095964
25 690 0.135660872182679
25 693 0.0485130052712219
25 708 0.0106259153953004
25 727 0.0361463919609407
25 751 0.0973770036589074
25 787 0.0990933430402124
25 793 0.124074559668738
25 969 0.0434200991724416
25 1051 0.0191661043573065
25 1057 0.156424964307867
25 1066 0.0255504507337057
25 1172 0.018402860670616
25 1176 0.053393593900686
25 1223 0.218691600153019
26 10 0.0244905775162082
26 13 0.0208734629111477
26 17 0.114872286286883
26 28 0.154573948288951
26 29 0.0111367259980436
26 32 0.576066930164582
26 38 0.0225334142519145
26 40 0.0866615772559128
26 150 0.0308103700568364
26 190 0.190905639063448
26 402 0.0245328322257992
26 415 0.0217371976547545
26 416 0.0163869973579375
26 422 0.0175969989562755
26 445 0.203266508751777
26 476 0.0204685369027586
26 547 0.174022356684071
26 550 0.0961497744280037
26 634 0.0689240697325881
26 749 0.0161842341142652
26 779 0.0331613067385985
26 1028 0.122498775754821
26 1139 0.095328342708117
26 1165 0.00431328918376951
26 1171 0.00758420669069779
26 1190 0.0549008769066841
26 1222 0.354968768910345
27 12 0.021858464751725
27 40 0.0376145750350629
27 41 0.0361021842353068
27 42 0.0398260539947074
27 43 0.0519494630017531
27 52 0.0110516447440688
27 92 0.0804046914133336
27 99 0.0927594643739048
27 146 0.0655958993181315
27 190 0.048250561826955
27 373 0.0471071436449458
27 379 0.32891486766495
27 402 0.263024565095718
27 462 0.330581125713008
27 489 0.151375792056468
27 492 0.0810466205439111
27 501 0.112134089247722
27 511 0.149443631648936
27 583 0.0596063723037737
27 633 0.023414507861718
27 709 0.0861991689275926
27 770 0.428600342000872
27 917 0.073825276308199
27 1044 0.055199439637171
27 1049 0.0517374843781214
27 1074 0.0271496058489908
27 1089 0.013874013588616
27 1112 0.161481398186795
27 1117 0.049470397597317
27 1191 0.0777672434490437
27 1205 0.116110194175044
28 12 0.152754500108442
28 14 0.0142242332952508
28 22 0.409429141155881
28 24 0.00342250680686229
28 25 0.0534205040593372
28 26 0.154573948288951
28 29 0.011365468793356
28 30 0.0291133253414132
28 31 0.188399607406842
28 38 0.00703244139254433
28 40 0.141637281248729
28 77 0.0011268993294579
28 100 0.611729919343543
28 234 0.290608100680568
28 245 0.380959096165258
28 269 0.0345901931893472
28 301 0.0124464396594465
28 310 0.0292628651334482
28 356 0.335111287003883
28 399 0.010251124721911
28 438 0.167400298949926
28 453 0.0210369048926448
28 458 0.12948177236132
28 489 0.0265540168136495
28 491 0.0619746730752656
28 555 0.113318577747854
28 557 0.0312763840211687
28 579 0.0666598874782071
28 601 0.150589240647566
28 710 0.00421482712175427
28 729 0.00239384454825434
28 779 0.0503045384663337
28 811 0.00161838390690659
28 969 0.0665659584277069
28 1082 0.0258620893422977
28 1089 0.123986425960912
28 1120 0.121766956451973
28 1199 0.113640244320303
29 13 0.066241017045781
29 14 0.151436635375916
29 15 0.272773848396633
29 18 0.203595581512234
29 21 0.192615930157897
29 22 0.206862392573604
29 26 0.0111367259980436
29 28 0.011365468793356
29 34 0.0874150420900564
29 41 0.107826701011906
29 42 0.0920115627034428
29 153 0.111033738997125
29 302 0.118485772037688
29 333 0.11184893112298
29 403 0.0790917552669766
29 432 0.0474903814966749
29 448 0.087129003880172
29 476 0.108522156915874
29 556 0.036101904242038
29 581 0.135302288076197
29 623 0.0800290314909941
29 733 0.0343639004314539
29 776 0.0831747129687384
29 798 0.00968227660233114
29 907 0.00017440476105256
29 966 0.0297236206914624
29 1072 0.00613353764176624
29 1139 0.144693951948061
29 1141 0.0820093224607849
29 1147 0.0318829413209168
29 1166 0.0635213238837722
30 15 0.197186632480825
30 17 0.10746917309724
30 20 0.0235311870391865
30 22 0.0270585077750031
30 28 0.0291133253414132
30 36 0.508988676655745
30 38 0.0708039412225653
30 45 0.0474129839869954
30 78 0.0457714180914421
30 148 0.102558043467959
30 285 0.0305859689987647
30 310 0.0617038428156559
30 334 0.0119551662506201
30 338 0.170503720462829
30 369 0.0385537966878622
30 379 0.0189275103989352
30 462 0.329990342121906
30 510 0.115322649651495
30 542 0.0561768963454954
30 568 0.271769694134693
30 631 0.190640568009442
30 635 0.000292791585710858
30 691 0.0353283779747211
30 722 0.0711714641573548
30 759 0.22103920510049
30 823 0.0479821398408214
30 927 0.784395465370001
30 960 0.284528768673268
30 983 0.0299645191565743
30 1062 0.0551054325716246
30 1166 0.127141091301423
30 1211 0.0345932026426469
30 1213 0.0736314161196268
30 1228 0.0767918950660879
31 20 0.0473095526880119
31 22 0.16564573228546
31 28 0.188399607406842
31 40 0.0987966031061518
31 46 0.21875864699834
31 80 0.145061515761198
31 177 0.477125273816142
31 178 0.0108160121486063
31 191 0.0775204726061739
31 207 0.136673539663636
31 286 0.354832903484919
31 296 0.122682129565768
31 380 0.134065431206162
31 432 0.0585294254487143
31 434 0.109994934798035
31 511 0.0069154414197661
31 649 0.0208624667263185
31 664 0.167623941939285
31 707 0.0565023339212444
31 716 0.207858865211797
31 845 0.325436982665806
31 858 0.0614503321262571
31 897 0.0167518308626178
31 912 0.213301258978887
31 916 0.133912624873971
31 1060 0.0746387572324827
31 1083 0.00952400921760268
31 1102 0.0914887549236449
31 1125 0.0333440266674725
31 1209 0.0828869975907031
31 1238 0.0910921548705123
32 3 0.10176426359597
32 21 0.0379303135250098
32 23 0.264922805999925
32 26 0.576066930164582
32 34 0.000561780322266644
32 36 0.0825877338845643
32 39 0.33406809540654
32 40 0.0564976732590121
32 42 0.135424110547836
32 45 0.0317723243360871
32 192 0.0674827191486863
32 256 0.0998842545007135
32 260 0.00800963596653082
32 310 0.080489142897849
32 333 0.184986611321858
32 350 0.0372342865032036
32 396 0.00108466117366144
32 400 0.0687324960848136
32 411 0.26175957523236
32 428 0.359124331922224
32 438 0.0310490848310322
32 618 0.00900440465056291
32 757 0.104837118958531
32 800 0.105662071489945
32 1053 0.00510840748266505
32 1058 0.0673816814926438
32 1106 0.134704224829098
32 1220 0.43696463412812
32 1226 0.0692246422138545
33 20 0.0233306706692735
33 22 0.253692839216045
33 23 0.0821287035101284
33 38 0.129875072003938
33 40 0.0132453683809622
33 42 0.000262852982480326
33 50 0.0247944452798635
33 62 0.167828290578201
33 246 0.0257573596476825
33 395 0.101727976864582
33 419 0.0897201985874708
33 432 0.0327333915984546
33 486 0.182110654298032
33 505 0.00224841665934774
33 535 0.0311730999718277
33 543 0.0320580490054896
33 550 0.074026281324131
33 597 0.0727592569634317
33 608 0.0239246732274853
33 668 0.0216375441253653
33 707 0.7813913794957
33 822 0.151002030694421
33 854 0.0469019489921345
33 892 0.009771660864072
33 949 0.00510044341507497
33 960 0.0309327073934019
33 967 0.0207315379824286
33 1150 0.059667277367618
33 1235 0.0249477500150061
34 29 0.0874150420900564
34 32 0.000561780322266644
34 35 0.0957128388439284
34 40 0.0851242632641368
34 41 0.195815942803532
34 47 0.0178848388234466
34 149 0.242663497314738
34 190 0.000370614614970694
34 212 0.108138055956771
34 236 0.0578500652653845
34 322 0.0914019285936363
34 338 0.100561890823365
34 425 0.169946542060337
34 450 0.1216315055368
34 490 0.00142473028106665
34 495 0.00739713444397346
34 515 0.116350637923788
34 521 0.269052723998367
34 532 0.16370162868811
34 572 0.135030074464993
34 629 0.00812050207270376
34 690 0.31109963826296
34 745 0.060432044614834
34 863 0.0269547201925152
34 874 0.00633372303129501
34 889 0.0344857255832946
34 917 0.151791201649704
34 924 0.0372613916187148
34 936 0.0231525047454304
34 1059 0.0404904893609141
34 1066 0.0258901870191637
35 0 0.598348000682426
35 21 0.0354400716771301
35 22 0.278803587849314
35 25 0.0635696930555827
35 34 0.0957128388439284
35 38 0.0109386968394346
35 39 0.110630156302246
35 42 0.00427685250117043
35 103 0.205737349875182
35 292 0.211126570152235
35 418 0.195672196017617
35 441 0.099727685559084
35 658 0.118914278027068
35 714 0.0209370321821466
35 782 0.00338519601123424
35 814 0.0201219371731883
35 822 0.00690998814533155
35 854 0.0784286426865379
35 878 0.0682044685512058
35 891 0.0150148572283552
35 899 0.0223418773067004
35 942 0.0184589023604498
35 957 0.00295839556378056
35 964 0.0726450499423174
35 984 0.0480820124920232
35 1046 0.00226398783271764
35 1148 0.00909352753449431
36 21 0.0656716676456967
36 30 0.508988676655745
36 32 0.0825877338845643
36 39 0.0805466782512268
36 41 0.170622461368219
36 43 0.0581173541124395
36 49 0.0481821948715985
36 50 0.00968083667462891
36 65 0.268375384770558
36 145 0.0160186179852451
36 159 0.17765879417835
36 220 0.0845305360618375
36 242 0.0312509645775875
36 322 0.119239742726277
36 370 0.0384371945745355
36 378 0.02073731161647
36 439 0.171149245969435
36 561 0.00802444018911099
36 563 0.164047452872372
36 603 0.0785273456586572
36 635 0.07359688881148
36 636 0.00777829615905782
36 683 0.225460419242972
36 745 0.269312862046788
36 771 0.0070728201154153
36 829 0.0436643307438084
36 831 0.104990916062428
36 860 0.110336758907682
36 861 0.0248427138188419
36 939 0.0190605048467527
36 958 0.14093666808696
36 963 0.189950014629927
36 1110 0.0938598839656246
36 1137 0.114335250631902
36 1160 0.0194523651258113
36 1247 0.00954585175119738
37 21 0.00681112131988941
37 23 0.0153102805946749
37 42 0.0758866859814108
37 51 0.117042063812172
37 53 0.328471447570953
37 77 0.00921396688831527
37 111 0.336014522148691
37 155 0.073688158722833
37 221 0.37365568833739
37 289 0.0254600369577944
37 315 0.035947703137575
37 359 0.00882629383865057
37 366 0.00856153031673344
37 411 0.176465867659261
37 455 0.242987292179737
37 473 0.0900440469900829
37 498 0.0656599425371294
37 568 0.0443780140442441
37 572 0.253821311746097
37 616 0.0314292373464121
37 821 0.106393151334699
37 861 0.0120928984144158
37 868 0.109149731437014
37 971 0.0166467121597869
37 1145 0.0836748153402457
37 1235 0.0951899610877333
37 1248 0.106196089367781
38 22 0.236152221136095
38 25 0.0192303558567495
38 26 0.0225334142519145
38 28 0.00703244139254433
38 30 0.0708039412225653
38 33 0.129875072003938
38 35 0.0109386968394346
38 40 0.205823198591169
38 46 0.204251050739401
38 53 0.0807163876888179
38 108 0.0053754358560847
38 148 0.0857999203870262
38 169 0.13278667374837
38 336 0.173723003210563
38 345 0.0998422999454285
38 384 0.0605851691893836
38 389 0.00717254705602635
38 425 0.0210089233983058
38 449 0.00892138113760339
38 532 0.136786200029549
38 541 0.0189820687557511
38 550 0.103996968083954
38 573 0.0974699651351927
38 611 0.0542785239921346
38 680 0.0294929018555548
38 749 0.22971035179156
38 756 0.0272796783251551
38 758 0.0109083012755015
38 908 0.145270538162258
38 914 0.057384550094228
38 956 0.322835112725053
38 963 0.113537118660915
38 1030 0.0190870891391631
38 1031 0.261629025394236
38 1075 0.0111279838624963
38 1085 0.0449969427450237
38 1120 0.00665907722168611
38 1208 0.0128934810103654
38 1234 0.0188718352600994
38 1237 0.00694578760547086
39 32 0.33406809540654
39 35 0.110630156302246
39 36 0.0805466782512268
39 40 0.0143994608383633
39 47 0.00893823870707268
39 50 0.0906438740495445
39 51 0.192829022765513
39 52 0.0873528703791466
39 55 0.0186594682084094
39 62 0.00989297603924355
39 109 0.028575271018968
39 143 0.0239577675900532
39 152 0.119801716224998
39 169 0.29183533714423
39 174 0.0280966723617425
39 204 0.0312700465759652
39 212 0.06793425749522
39 272 0.0124129481019139
39 282 0.0470663585754741
39 316 0.165463204301097
39 334 0.196690212520189
39 386 0.0296969613356977
39 520 0.00277035523285408
39 592 0.104914174878159
39 630 0.00247214398504891
39 710 0.0455886427881966
39 744 0.0159999367782148
39 768 0.0450991438680367
39 797 0.0781474247589401
39 884 0.0535915831642119
39 889 0.0297177885070037
39 890 0.0353101001776735
39 899 0.0623377624767312
39 952 0.0357150066142967
39 1006 0.00651729656570452
39 1043 0.233222402039067
39 1064 0.100579399552434
39 1115 0.0042377186157213
39 1133 0.0945462848081943
39 1155 0.273482424906252
39 1176 0.103638700589335
39 1226 0.00297213692625885
40 26 0.0866615772559128
40 27 0.0376145750350629
40 28 0.141637281248729
40 31 0.0987966031061518
40 32 0.0564976732590121
40 33 0.0132453683809622
40 34 0.0851242632641368
40 38 0.205823198591169
40 39 0.0143994608383633
40 42 0.245051739738231
40 44 0.0133297340340437
40 47 0.0122227475838348
40 49 0.0430946356035794
40 51 0.00137431453288713
40 56 0.212608187182882
40 159 0.110100890487734
40 219 0.237441576750235
40 256 0.0331155361026544
40 352 0.0135145794158295
40 355 0.0152901394974901
40 465 0.211438441681721
40 555 0.100371057035358
40 556 0.498064900946158
40 563 0.151916938087878
40 569 0.0185006803553272
40 599 0.0439172845276569
40 641 0.126504030403294
40 812 0.185923385456443
40 883 0.169562091041853
40 887 0.0172979501902827
40 927 0.0771550860641777
40 1020 0.168483967513346
40 1112 0.0465623777976898
40 1119 0.0545567980940095
40 1124 0.0946175604597907
40 1137 0.258453000499988
40 1139 0.175695596316292
40 1181 0.0203636213983851
40 1203 0.00552865134794339
40 1217 0.0942706253239467
41 24 0.0746477348457878
41 27 0.0361021842353068
41 29 0.107826701011906
41 34 0.195815942803532
41 36 0.170622461368219
41 42 0.128022188935233
41 52 0.0167638452146857
41 54 0.0227487299042815
41 57 0.0985243370978248
41 63 0.0488904041208158
41 134 0.028943075919681
41 264 0.0195491596865062
41 331 0.305030903300375
41 344 0.372106958384006
41 435 0.0615124046934993
41 556 0.0411193861941976
41 574 0.10096393970026
41 650 0.0554181711902077
41 760 0.182396161002564
41 803 0.141662491220922
41 836 0.258021381653411
41 926 0.188572879389815
41 976 0.0800529510729407
41 993 0.0259936478037456
41 1030 0.198256060856277
41 1039 0.0261468773587853
41 1059 0.0441379552309071
41 1081 0.0704720035336005
41 1152 0.0202134006689479
42 27 0.0398260539947074
42 29 0.0920115627034428
42 32 0.135424110547836
42 33 0.000262852982480326
42 35 0.00427685250117043
42 37 0.0758866859814108
42 40 0.245051739738231
42 41 0.128022188935233
42 46 0.037776342254089
42 49 0.0622141533036408
42 52 0.0740265571910708
42 54 0.00248817447399929
42 55 0.100429656056838
42 125 0.0291037960179344
42 134 0.105116533946869
42 135 0.0484800067776093
42 287 0.126315161035944
42 293 0.455067676728184
42 376 0.0436404402906859
42 385 0.120217666929338
42 439 0.0590625267402627
42 471 0.0373919006178365
42 494 0.0119888382760547
42 496 0.0916339433275638
42 511 0.0541132339575459
42 548 0.0292416679789859
42 624 0.179872670614822
42 648 0.148544511400574
42 677 0.126545807975732
42 707 0.0772128731755725
42 731 0.023533393661215
42 764 0.0136575389282594
42 813 0.0129774622494796
42 858 0.176629314706692
42 865 0.152874603266444
42 893 0.0393580290986085
42 940 0.0663412177256547
42 981 0.00595458027679843
42 991 0.0200385144745067
42 1001 0.0476138453066532
43 27 0.0519494630017531
43 36 0.0581173541124395
43 48 0.205178197018847
43 50 0.043212987934462
43 55 0.0941792736265332
43 57 0.0443667401452687
43 59 0.00126685983401028
43 90 0.247342590418188
43 241 0.0401058669613991
43 279 0.109899637953869
43 372 0.0229434454614037
43 498 0.113393020738663
43 550 0.332407940422911
43 605 0.12912045409913
43 613 0.0433317170922712
43 654 0.200869413468281
43 697 0.133023698492857
43 778 0.0100006552244208
43 866 0.145770455933039
43 897 0.0188886091211124
43 979 0.0230289245121834
43 1004 0.0372000808490742
43 1020 0.211319210506693
43 1057 0.0458981007871926
43 1080 0.0160471534590525
43 1091 0.196454377846118
43 1105 0.123779046715379
43 1124 0.165526541543621
43 1138 0.0514140554368785
43 1245 0.105476404126341
44 6 0.008492702758962
44 40 0.0133297340340437
44 46 0.0230475019393425
44 48 0.00245058550803783
44 52 0.150514486955688
44 54 0.169175278926386
44 55 0.0494315425801565
44 56 0.264919805352126
44 60 0.287928330244642
44 71 0.116589921951472
44 121 0.104738186495297
44 123 0.171220711673597
44 124 0.026189188077664
44 191 0.0120839974444467
44 199 0.0358508550900896
44 238 0.0266393280764373
44 257 0.0581055595103327
44 272 0.105019280076557
44 452 0.287150396214112
44 517 0.0522909051981864
44 536 0.0648849331826668
44 549 0.0094809166376142
44 565 0.141871478888304
44 639 0.0193437097928575
44 719 0.00274089382113113
44 738 0.0860989305523507
44 752 0.0273261121202148
44 832 0.0842185076011958
44 844 0.145617378933248
44 871 0.0166931320503677
44 916 0.150435782079844
44 936 0.13530290462301
44 976 0.141213344810136
44 980 0.0286843977516429
44 995 0.0107140602042659
44 1007 0.0486241576000339
44 1016 0.0819458435034885
44 1022 0.0179739147095985
44 1044 0.0347162188149482
44 1048 0.00627480693827644
44 1062 0.144422449948328
44 1140 0.0838821778018204
44 1159 0.05413080686704
44 1204 0.0099372002899042
45 1 0.0812761192690913
45 30 0.0474129839869954
45 32 0.0317723243360871
45 55 0.0293156939978228
45 61 0.0157081020189608
45 68 0.112412239586538
45 80 0.084571770291571
45 87 0.0679603887272668
45 122 0.25036244118216
45 128 0.0372568346255688
45 187 0.0180885808107538
45 196 0.0197865874101736
45 209 0.0998834221187731
45 218 0.0983599630451587
45 236 0.0907990026349054
45 290 0.0794677197085232
45 309 0.00679427251142707
45 333 0.0454964404420632
45 383 0.10428264479703
45 385 0.0451361480167735
45 437 0.0424832205215223
45 438 0.308638718563649
45 454 0.0373212797960957
45 517 0.044146632394081
45 563 0.19099136439141
45 711 0.028018462785056
45 893 0.130456418423886
45 918 0.176062863094884
45 984 0.0612302214705511
45 986 0.0522157002795485
45 1118 0.121029790544993
45 1206 0.494312272859952
45 1236 0.132191763995548
46 31 0.21875864699834
46 38 0.204251050739401
46 42 0.037776342254089
46 44 0.0230475019393425
46 50 0.0403676338115036
46 52 0.173104859793927
46 59 0.205067125978389
46 60 0.174516840537499
46 118 0.123708804909168
46 199 0.0950880508822984
46 274 0.0397290145640108
46 285 0.00242990301457215
46 389 0.144602632956935
46 423 0.783215276518464
46 432 0.0401426396666528
46 588 0.0115062617403953
46 676 0.09502412743213
46 712 0.0972274856488047
46 935 0.0861966177774492
46 946 0.101510429828498
46 991 0.273125480834709
46 1067 0.032059249365263
46 1074 0.030940679681649
46 1106 0.0377825882176148
46 1108 0.0332417806985311
46 1157 0.194191349168133
46 1170 0.0701563592447598
46 1195 0.223052907376533
46 1209 0.104588323025924
46 1212 0.0500537256683525
