0 1 0.114638637693159
0 3 0.141463883245207
0 4 0.0787976987800415
0 5 0.0315282304466342
0 6 0.0791630297565445
0 7 0.0136819640442543
0 8 0.0891859229739831
0 9 0.0731395250890422
0 11 0.0606639066547945
0 12 0.0234765048010169
0 14 0.0308150518424247
0 18 0.0412830957334358
0 46 0.185250272172413
0 93 0.163455958311
0 165 0.152082067679841
0 168 0.0519896400696363
0 184 0.0612171637641575
0 462 0.060379666511852
0 494 0.148521894721518
0 551 0.0857795833824608
0 601 0.474292164967979
0 799 0.352443006062388
0 931 0.0970982196195802
0 978 0.740632325549603
0 982 0.0677303309265119
0 983 0.0755526228009304
0 984 0.32368567742588
0 991 0.369907342879022
0 993 0.0806791607398227
0 994 0.259352389543844
0 996 0.0880853588203442
0 997 0.0375990604458637
1 0 0.114638637693159
1 2 0.0131063834602001
1 4 0.0940540498825609
1 5 0.204091141923825
1 10 0.0457786753504603
1 11 0.193465664318132
1 14 0.0364901002863703
1 15 0.192547591748039
1 16 0.0163767659133418
1 18 0.0405236618746903
1 70 0.0491548261166656
1 86 0.242317098927983
1 108 0.117432467218761
1 117 0.043423820873409
1 172 0.0402522976046977
1 208 0.0315925351879113
1 223 0.00921402240160823
1 237 0.147459104602487
1 245 0.12424928223845
1 481 0.175026705303081
1 566 0.0199384969678556
1 616 0.0987705315912214
1 732 0.112114868762044
1 741 0.203215437734809
1 981 0.0258727974140877
1 983 0.165004789769191
1 986 0.00327820113695007
1 988 0.346426254326467
1 991 0.171674338646599
1 993 0.0564320881250626
1 996 0.0632955105086527
1 997 0.0372194472998707
1 999 0.327716062855148
2 1 0.0131063834602001
2 5 0.190198730897936
2 7 0.195841634963618
2 8 0.0858020174502424
2 9 0.0420093085205962
2 14 0.0507515411396299
2 15 0.0656331004842441
2 16 0.0887988922053118
2 18 0.123854272370268
2 200 0.0719071587599369
2 269 0.135772371765424
2 342 0.176331728095572
2 374 0.0389382194707632
2 403 0.0723019033008389
2 461 0.101224761582784
2 510 0.0510268874939985
2 659 0.00851460650707855
2 679 0.112503403163889
2 686 0.28151219357027
2 696 0.0710236017992292
2 762 0.0860063628591846
2 847 0.0733254653650101
2 952 0.0832368339879779
2 984 0.0046766066175559
2 985 0.128750817837384
2 988 0.0998425894807013
2 991 0.013417824330296
2 992 0.0375423312086552
2 996 0.00144552273676898
2 997 0.0320076382434168
3 0 0.141463883245207
3 4 0.177442459508834
3 5 0.0660844187877184
3 6 0.0941583350367778
3 7 0.0044581721757849
3 8 0.131696213703494
3 9 0.269700719790633
3 14 0.0121386210826294
3 15 0.145742690524507
3 18 0.0539226972542315
3 21 0.0273716177685806
3 38 0.103964919766169
3 223 0.0945306879532512
3 288 0.00566039447150829
3 295 0.0329031750322446
3 346 0.172669045193767
3 348 0.163111750464838
3 494 0.135976038658471
3 536 0.101503174326906
3 730 0.0382535289515078
3 795 0.0438907028890619
3 985 0.0777594999694376
3 986 0.0741939211928132
3 987 0.0345665339887989
3 989 0.17588117312467
3 990 0.0390924961677747
3 992 0.112861605432366
3 993 0.134108167819251
3 995 0.251016795039284
3 996 0.0137466163199065
3 998 0.270144839283992
3 999 0.0603316283315953
4 0 0.0787976987800415
4 1 0.0940540498825609
4 3 0.177442459508834
4 5 0.168741155607551
4 8 0.165681741460864
4 12 0.0629255479170502
4 13 0.122102405534947
4 19 0.180435110582645
4 20 0.155790347125261
4 76 0.423919973179839
4 95 0.0465620595419179
4 213 0.302959156119589
4 228 0.0247242026861594
4 239 0.0326243423349745
4 278 0.0419102380037364
4 435 0.0367111952171683
4 506 0.00427920217013443
4 609 0.0393708458742945
4 619 0.00214766506034487
4 841 0.075778078817089
4 909 0.000345790477374442
4 938 0.0507669816947761
4 986 0.12224870821213
4 987 0.0457122517804609
4 990 0.125450238449316
4 992 0.0108721694568578
4 995 0.0588638337006493
4 997 0.0630361757482403
4 998 0.0142405619591752
4 999 0.109502812433221
5 0 0.0315282304466342
5 1 0.204091141923825
5 2 0.190198730897936
5 3 0.0660844187877184
5 4 0.168741155607551
5 6 0.000430944348801332
5 7 0.282349087725481
5 8 0.199271254199055
5 9 0.0284762600518904
5 10 0.0290210574954157
5 12 0.15488133546985
5 13 0.0134293325413665
5 14 0.0801895953702627
5 15 0.0181743249962188
5 18 0.041251599993559
5 20 0.314611218634939
5 22 0.05093524783618
5 23 0.00496026439671511
5 29 0.0287180473069429
5 79 0.0975130599881857
5 93 0.0381932311484061
5 120 0.109193267471215
5 125 0.137930243361762
5 128 0.0783826727802919
5 140 0.023711742251484
5 177 0.0359506020928299
5 198 0.800084884562576
5 224 0.118215289479044
5 419 0.027541802303517
5 448 0.214182467015159
5 459 0.00247766349501986
5 481 0.0192740148512519
5 642 0.0336332858024849
5 652 0.00616742151260005
5 681 0.131465231659963
5 684 0.0378634192482212
5 720 0.021644363906972
5 793 0.0172474674308941
5 870 0.254396167274778
5 916 0.142564059838269
5 919 0.180662994474218
5 928 0.0476173282035469
5 936 0.216297472032313
5 965 0.258976669196416
5 985 0.0394063236512991
5 987 0.136140758639568
5 991 0.00757534827493078
5 992 0.0873934139211566
5 993 0.00117783948210779
5 994 0.0249888689174054
5 995 0.20798134424622
5 996 0.0171790219181614
5 997 0.0997292517850952
6 0 0.0791630297565445
6 3 0.0941583350367778
6 5 0.000430944348801332
6 9 0.21289993350992
6 12 0.121239719701609
6 13 0.0511232511086062
6 16 0.0228876917326786
6 17 0.207177255657291
6 18 0.216745470726629
6 19 0.18368620945485
6 21 0.369117310748019
6 23 0.0150687431416505
6 24 0.00167689167383711
6 126 0.0353908063540602
6 144 0.0446015935691311
6 166 0.137730487925771
6 172 0.111737707870756
6 197 0.126658842237195
6 236 0.0679773213742742
6 316 0.240618593145658
6 368 0.00825719277678751
6 427 0.058967987387118
6 489 0.0226219854071096
6 503 0.268331200432601
6 505 0.0328494799577721
6 619 0.0410146207303274
6 743 0.06270771414748
6 801 0.0745226068811853
6 852 0.0370565501120258
6 901 0.137366049195916
6 947 0.209225552586656
6 988 0.212731818421524
6 989 0.217686588835103
6 991 0.0133806057965123
6 993 0.430650854794547
6 995 0.0348835796990414
6 996 0.0562563287966307
6 998 0.0353386342161763
6 999 0.0161822941988005
7 0 0.0136819640442543
7 2 0.195841634963618
7 3 0.0044581721757849
7 5 0.282349087725481
7 8 0.237787845070853
7 11 0.0751813127036124
7 13 0.0536012101975375
7 16 0.0732173536954086
7 19 0.109280995001054
7 20 0.0514234842532449
7 22 0.0531964427903146
7 24 0.022299138102076
7 130 0.0139313991526236
7 239 0.0122166962270118
7 274 0.0619571973388672
7 359 0.181449277281993
7 366 0.00303307200265669
7 387 0.0319482099234565
7 471 0.163405746644408
7 498 0.134023708677408
7 511 0.315992612241406
7 575 0.23647271978351
7 601 0.0853727454348207
7 651 0.19790578942631
7 652 0.0540283862006655
7 726 0.0155993374293217
7 893 0.18541270696651
7 922 0.0709872139247352
7 990 0.109091050386327
7 991 0.0540476207277865
7 992 0.192465733656791
7 995 0.18852599035252
7 996 0.196171024628033
7 997 0.00742373488325465
8 0 0.0891859229739831
8 2 0.0858020174502424
8 3 0.131696213703494
8 4 0.165681741460864
8 5 0.199271254199055
8 7 0.237787845070853
8 9 0.0770829922124255
8 12 0.0525622243722395
8 14 0.169275626113776
8 17 0.067705918152921
8 19 0.0546618787735513
8 20 0.00382005846185115
8 24 0.305724313809996
8 84 0.0994014065973489
8 131 0.0179977077620984
8 150 0.162866269185187
8 198 0.0892796560544519
8 239 0.00325026288486544
8 299 0.173841827299568
8 392 0.0954585982116367
8 477 0.349330505949644
8 646 0.0182143720913397
8 757 0.269332696005806
8 804 0.165797963359503
8 899 0.12453048442559
8 974 0.232982827342561
8 979 0.152731488976809
8 987 0.152187570101439
8 990 0.0301524161470679
8 992 0.110058882322963
8 995 0.323068245704356
8 998 0.0192233676466203
9 0 0.0731395250890422
9 2 0.0420093085205962
9 3 0.269700719790633
9 5 0.0284762600518904
9 6 0.21289993350992
9 8 0.0770829922124255
9 10 0.00449148729293873
9 11 0.0951577518552926
9 13 0.111656461987923
9 14 0.0216898096535082
9 18 0.072104208997353
9 21 0.00476375009808872
9 22 0.0787649273265336
9 24 0.21516952956477
9 26 0.215807093170771
9 49 0.235939105351219
9 124 0.0095700939576834
9 133 0.281145594234868
9 159 0.0817698688309341
9 283 0.0513834127908366
9 290 0.0541569952460493
9 425 0.00160740461161756
9 489 0.145984493926726
9 508 0.208524676956542
9 639 0.054123552033679
9 679 0.00159803054400268
9 710 0.144758857468037
9 727 0.130869942556197
9 739 0.0736337025286853
9 766 0.179565249559134
9 791 0.106122791617859
9 877 0.0381248203460822
9 946 0.23157700359015
9 955 0.0312451970692891
9 991 0.115808874256923
9 992 0.255408612419486
9 994 0.0364474334694313
9 995 0.0199365221597401
10 1 0.0457786753504603
10 5 0.0290210574954157
10 9 0.00449148729293873
10 12 0.023402871330541
10 15 0.0332297569100845
10 16 0.183317673345671
10 17 0.164752794517004
10 18 0.382873957828623
10 22 0.0432285367056322
10 24 0.131583114601576
10 25 0.115136765963812
10 27 0.151863989996129
10 59 0.0352706534433705
10 72 0.0519268922471017
10 159 0.0929648566927119
10 168 0.0114900376394354
10 192 0.0699930061936558
10 221 0.0651315330011924
10 227 0.0957858914222681
10 392 0.00250167943574416
10 417 0.00494062025112671
10 419 0.00124332749173515
10 442 0.0724028419497858
10 545 0.119334010842271
10 554 0.33117197666188
10 602 0.183357327334125
10 654 0.0439811032961559
10 763 0.253430138570442
10 809 0.0286849811846004
10 825 0.273018929470731
10 834 0.0539161778142517
10 864 0.0337328714706033
10 942 0.208983694916756
10 950 0.0240016579928472
10 960 0.274047169723736
10 965 0.00935914957271639
10 985 0.0467353372665056
10 988 0.0918431770913961
10 992 0.153573861615453
10 996 0.0226135972772798
10 998 0.0192822623282127
11 0 0.0606639066547945
11 1 0.193465664318132
11 7 0.0751813127036124
11 9 0.0951577518552926
11 13 0.0571645087722124
11 17 0.0491584509260805
11 18 0.0807586799802967
11 19 0.157839113885246
11 22 0.0490523732356479
11 24 0.0216144985812806
11 25 0.0600627973459909
11 29 0.37982809383016
11 60 0.0122232443878492
11 70 0.0878546156174492
11 110 0.107678750025563
11 111 0.0676505898466029
11 123 0.153743492001464
11 200 0.101069284209119
11 221 0.049963234433448
11 279 0.0273690264549246
11 281 0.173311468382357
11 341 0.339475788506478
11 348 0.00472057361487552
11 354 0.0484764445225219
11 415 0.227448591639355
11 477 0.0599660874388456
11 575 0.070922114949648
11 630 0.0700955957522281
11 645 0.177952812547139
11 682 0.506220099589824
11 699 0.00510190554008085
11 843 0.0570322580083965
11 844 0.00558597267705072
11 874 0.0395464603337123
11 876 0.000960400059226225
11 911 0.207780969823713
11 934 0.170645454019535
11 948 0.0855742042475166
11 988 0.0633865057128699
11 994 0.00814702856163882
11 996 0.149761747256282
11 998 0.253952924607536
11 999 0.346692307139347
12 0 0.0234765048010169
12 4 0.0629255479170502
12 5 0.15488133546985
12 6 0.121239719701609
12 8 0.0525622243722395
12 10 0.023402871330541
12 13 0.0743768734087607
12 15 0.0300477033299467
12 20 0.414428086273124
12 21 0.18821676566733
12 22 0.178031412107465
12 23 0.10317829784107
12 41 0.0480881775652095
12 47 0.2535835159464
12 120 0.0663066318210729
12 154 0.00622022506909963
12 337 0.0123264064121787
12 340 0.155910291278616
12 412 0.191058822404018
12 414 0.0689740123709247
12 419 0.139638518879141
12 437 0.0874137937691349
12 566 0.0205738640995355
12 731 0.15764269546376
12 747 0.0368746281329815
12 793 0.0206040123460769
12 826 0.0207210931479781
12 995 0.0873684466391196
12 998 0.0648081484720225
12 999 0.115111648679454
13 4 0.122102405534947
13 5 0.0134293325413665
13 6 0.0511232511086062
13 7 0.0536012101975375
13 9 0.111656461987923
13 11 0.0571645087722124
13 12 0.0743768734087607
13 14 0.0192076855976677
13 16 0.0162559718103277
13 17 0.0397083654539937
13 18 0.349752386309753
13 19 0.0196664343020037
13 22 0.00393900800708527
13 24 0.00487429884969465
13 25 0.0139051162140242
13 26 0.126072102227984
13 27 0.518860050876335
13 30 0.109453415065904
13 228 0.0546073227554164
13 232 0.0586719122887279
13 350 0.0928536247674375
13 416 0.0457311258890333
13 533 0.0618175578370596
13 575 0.194025045936295
13 634 0.147136668595807
13 690 0.0419633316824586
13 700 0.0519617844104813
13 718 0.111834531990132
13 768 0.0545978863586749
13 885 0.157736595627968
13 948 0.464669025705904
13 995 0.035728252397453
13 996 0.127897669356362
13 999 0.0823944941564911
14 0 0.0308150518424247
14 1 0.0364901002863703
14 2 0.0507515411396299
14 3 0.0121386210826294
14 5 0.0801895953702627
14 8 0.169275626113776
14 9 0.0216898096535082
14 13 0.0192076855976677
14 18 0.112853718400445
14 20 0.0799929147483428
14 21 0.123135352112115
14 23 0.354942473452572
14 25 0.0538500342209252
14 26 0.00906392126489878
14 28 0.0734203594690704
14 30 0.02464217857136
14 31 0.0964093765777339
14 256 0.0247070335332387
14 397 0.0371869660611949
14 398 0.00207355486443656
14 426 0.0673111194223527
14 499 0.162653840560043
14 521 0.00391024240135279
14 643 0.116432285975843
14 743 0.033200536135824
14 758 0.377704334303611
14 772 0.013676258765478
14 778 0.0495519569748855
14 871 0.18075415097755
14 872 0.0120129329482014
14 942 0.00425705986405159
14 975 0.01642339275332
15 1 0.192547591748039
15 2 0.0656331004842441
15 3 0.145742690524507
15 5 0.0181743249962188
15 10 0.0332297569100845
15 12 0.0300477033299467
15 17 0.169355146858064
15 18 0.186255845326228
15 20 0.234353518922521
15 21 0.00332475907804926
15 22 0.047221446160747
15 23 0.3147876158065
15 26 0.02637430356931
15 28 0.0125989475569328
15 29 0.206360837851769
15 31 0.0154130147125882
15 33 0.168309716530777
15 57 0.00996150979333394
15 64 0.00981298191844799
15 67 0.173783450732093
15 76 0.160830930439155
15 89 0.138778239502497
15 143 0.0245872714380625
15 167 0.436567753223877
15 178 0.161004092391553
15 255 0.0582309386968659
15 357 0.139606945307102
15 377 0.29353639247964
15 386 0.00264446649542781
15 432 0.0661890648932458
15 466 0.0528612086997023
15 499 0.284784689272217
15 600 0.0376849620681899
15 684 0.193101074012241
15 723 0.0890580239277328
15 754 0.158931989282498
15 757 0.000515530525151554
15 787 0.0977583152230481
15 791 0.0303521925830257
15 997 0.0677382479608461
16 1 0.0163767659133418
16 2 0.0887988922053118
16 6 0.0228876917326786
16 7 0.0732173536954086
16 10 0.183317673345671
16 13 0.0162559718103277
16 20 0.00698034015778738
16 21 0.0103865794114603
16 22 0.313639243407954
16 25 0.0401114107293421
16 27 0.0745189523204325
16 29 0.0219527260142096
16 31 0.00487153870567288
16 32 0.0163221717838199
16 34 0.00411031214058581
16 147 0.0821725237371599
16 169 0.587587160893677
16 178 0.0543789823665664
16 354 0.0370681160987071
16 522 0.0972641954235528
16 524 0.204297290167042
16 622 0.126607320835951
16 682 0.0129554123244576
16 730 0.0274749947487187
16 758 0.140349926747165
16 786 0.042418192050144
16 798 0.0348301165149323
16 850 0.312285051446096
16 879 0.108960657886612
16 894 0.00304065073861696
16 932 0.0341227644101176
17 6 0.207177255657291
17 8 0.067705918152921
17 10 0.164752794517004
17 11 0.0491584509260805
17 13 0.0397083654539937
17 15 0.169355146858064
17 22 0.427480840506993
17 23 0.218389446198503
17 25 0.0265946604540261
17 31 0.114176975911365
17 33 0.0210920586684505
17 148 0.0132438877067896
17 205 0.129485418555305
17 257 0.262375190009378
17 272 0.0405152063818404
17 279 0.0668531661939024
17 307 0.0728488852585126
17 439 0.0147489931865047
17 464 0.198646503358967
17 484 0.0471210161697299
17 547 0.12273892768709
17 622 0.0935381081342698
17 643 0.160290903581633
17 772 0.0723201139897853
17 813 0.069816452953503
17 821 0.011535777131796
17 912 0.364842420638646
17 941 0.0276596266209758
18 0 0.0412830957334358
18 1 0.0405236618746903
18 2 0.123854272370268
18 3 0.0539226972542315
18 5 0.041251599993559
18 6 0.216745470726629
18 9 0.072104208997353
18 10 0.382873957828623
18 11 0.0807586799802967
18 13 0.349752386309753
18 14 0.112853718400445
18 15 0.186255845326228
18 20 0.0695687492268055
18 21 0.164659055701984
18 32 0.388166192569936
18 35 0.0242901239304539
18 36 0.129883481443764
18 212 0.121214711465683
18 283 0.112210937459603
18 371 0.219804313796355
18 383 0.154682821557848
18 407 0.0598581171091059
18 476 0.070065700472377
18 567 0.117565570840117
18 702 0.0286003058939937
18 750 0.402468607196702
18 757 0.00505668780046636
18 792 0.0183458802843375
18 833 0.0110551806230878
18 842 0.254607490288802
18 869 0.129802045512633
19 4 0.180435110582645
19 6 0.18368620945485
19 7 0.109280995001054
19 8 0.0546618787735513
19 11 0.157839113885246
19 13 0.0196664343020037
19 20 0.128876103562501
19 22 0.00462960829806613
19 24 0.211976394753024
19 25 0.0726523679219852
19 26 0.0456964908390652
19 27 0.119563843997279
19 34 0.111971030618219
19 35 0.0234226570166649
19 36 0.0594449298059133
19 68 0.0680958112612566
19 130 0.0767083843464786
19 154 0.185252816284217
19 158 0.0824993116248653
19 167 0.204373810734617
19 221 0.0143870461244377
19 298 0.00335284107631498
19 312 0.197914344889039
19 405 0.0030543273549857
19 418 0.0722554010156125
19 460 0.0952606139069413
19 466 0.100079203413796
19 473 0.0790464494113046
19 552 0.0729901242613888
19 582 0.0076848247605396
19 599 0.0134207039360363
19 692 0.00287806611700471
19 761 0.0373952142532052
19 796 0.459040403620394
19 884 0.0343028494804927
20 4 0.155790347125261
20 5 0.314611218634939
20 7 0.0514234842532449
20 8 0.00382005846185115
20 12 0.414428086273124
20 14 0.0799929147483428
20 15 0.234353518922521
20 16 0.00698034015778738
20 18 0.0695687492268055
20 19 0.128876103562501
20 22 0.0611282822482697
20 23 0.269935735396559
20 25 0.0106371917919463
20 26 0.106535241467099
20 27 0.354776366186455
20 28 0.0744462255417481
20 29 0.160035732838804
20 30 0.110061186509568
20 31 0.00745822122103176
20 32 0.0955754955066695
20 37 0.130612965511574
20 38 0.0634419312965491
20 56 0.0132709634981334
20 139 0.0214832594540955
20 152 0.157646406854143
20 155 0.114908914004624
20 260 0.250775838552505
20 282 0.0531920404034452
20 387 0.0770915599678944
20 508 0.231180040250733
20 605 0.0265318600723015
20 634 0.0716184890446381
20 644 0.00754574487575816
20 727 0.100712719172418
20 748 0.150841008875369
20 878 0.0270653479053506
20 888 0.0671532131875886
20 905 0.150989725014543
20 924 0.1905482783771
21 3 0.0273716177685806
21 6 0.369117310748019
21 9 0.00476375009808872
21 12 0.18821676566733
21 14 0.123135352112115
21 15 0.00332475907804926
21 16 0.0103865794114603
21 18 0.164659055701984
21 23 0.0922015172673909
21 25 0.0342590709756536
21 26 0.0770288046746871
21 28 0.224592704475028
21 34 0.0421731089344488
21 35 0.0793603303432192
21 36 0.111966211291763
21 116 0.206204866724931
21 139 0.0363146855863903
21 143 0.046782765915209
21 247 0.0428357942573139
21 252 0.269268385304614
21 256 0.0170992082160255
21 263 0.0415129281369326
21 370 0.0231952439927114
21 390 0.0497055716926599
21 481 0.0550894126255357
21 489 0.0250088937096362
21 498 0.0415469368383277
21 525 0.134656103450575
21 542 0.211127499322623
21 670 0.0692176301313088
21 793 0.207820386006021
21 796 0.0226926148788335
21 808 0.0393569218314568
21 852 0.0962149347773729
21 894 0.0356844665539855
21 915 0.189835113943702
21 944 0.0969731350577595
21 982 0.131088265791219
22 5 0.05093524783618
22 7 0.0531964427903146
22 9 0.0787649273265336
22 10 0.0432285367056322
22 11 0.0490523732356479
22 12 0.178031412107465
22 13 0.00393900800708527
22 15 0.047221446160747
22 16 0.313639243407954
22 17 0.427480840506993
22 19 0.00462960829806613
22 20 0.0611282822482697
22 26 0.0210846377021653
22 27 0.00343347907387958
22 28 0.0589868003496908
22 32 0.0585931732630332
22 33 0.131231289487222
22 35 0.108393424504548
22 36 0.00164682222215466
22 38 0.00741754959711528
22 40 0.104021631589694
22 180 0.0241724317781934
22 212 0.0922968311982172
22 265 0.0556661543534789
22 435 0.0537996990173028
22 468 0.102215816034367
22 548 0.367157113757651
22 757 0.303172414894875
22 826 0.115584883722929
22 851 0.281989670032602
22 873 0.232547876560347
22 889 0.14081800448921
22 908 0.0597389558214757
22 950 0.0956874974409708
22 982 0.0577247467941301
23 5 0.00496026439671511
23 6 0.0150687431416505
23 12 0.10317829784107
23 14 0.354942473452572
23 15 0.3147876158065
23 17 0.218389446198503
23 20 0.269935735396559
23 21 0.0922015172673909
23 28 0.205184303736458
23 30 0.0511314015357035
23 31 0.00956717457542462
23 32 0.0268534306075917
23 33 0.116475804510854
23 36 0.0636442610050848
23 38 0.074048012771312
23 40 0.110309099082423
23 140 0.253817618162113
23 161 0.131013101583694
23 163 0.05088040557315
23 191 0.00726338073524838
23 247 0.121848353955414
23 397 0.0973234752834448
23 441 0.17215899440203
23 502 0.0306337250883726
23 604 0.000861784472620335
23 715 0.0155765025706847
23 925 0.0668225869614656
23 973 0.0509492398365662
24 6 0.00167689167383711
24 7 0.022299138102076
24 8 0.305724313809996
24 9 0.21516952956477
24 10 0.131583114601576
24 11 0.0216144985812806
24 13 0.00487429884969465
24 19 0.211976394753024
24 25 0.00047612066937085
24 27 0.111640420895362
24 28 0.0481545403096505
24 29 0.00358881919236086
24 30 0.0690398968327409
24 31 0.0031429738865124
24 32 0.114640086520886
24 34 0.0299633865356964
24 35 0.102946008083217
24 40 0.0398203586068327
24 41 0.332755312107292
24 42 0.0326038259951236
24 92 0.0685683272167045
24 123 0.110430520085314
24 135 0.0636251586754699
24 192 0.0482037302631644
24 257 0.266985180877716
24 259 0.0864498932428075
24 271 0.112170360751582
24 307 0.393025788916123
24 313 0.26671922135366
24 335 0.0435156375441743
24 355 0.0489803613719186
24 562 0.00731850282168481
24 578 0.111959599093327
24 757 0.061759442406284
24 779 0.0233214373917246
24 818 0.104671238745023
24 972 0.189725364503599
25 10 0.115136765963812
25 11 0.0600627973459909
25 13 0.0139051162140242
25 14 0.0538500342209252
25 16 0.0401114107293421
25 17 0.0265946604540261
25 19 0.0726523679219852
25 20 0.0106371917919463
25 21 0.0342590709756536
25 24 0.00047612066937085
25 28 0.0652575046996808
25 31 0.0563669882924578
25 32 0.903054468550052
25 33 0.00521837338165987
25 34 0.00638802459954616
25 35 0.0157975323572198
25 36 0.138740129401054
25 37 0.108937664801201
25 41 0.127866992398397
25 42 0.156722622936302
25 124 0.0608377025287635
25 179 0.0515498961452131
25 190 0.0328418590722301
25 213 0.215566765329538
25 222 0.0337717074291854
25 314 0.0226570038270582
25 536 0.376770014265931
25 543 0.437234770389825
25 595 0.599561138414945
25 659 0.0188735784579586
25 731 0.121771900189597
25 752 0.116673615885099
25 872 0.0542711425339359
25 947 0.210350979614647
25 980 0.181358303400855
26 9 0.215807093170771
26 13 0.126072102227984
26 14 0.00906392126489878
26 15 0.02637430356931
26 19 0.0456964908390652
26 20 0.106535241467099
26 21 0.0770288046746871
26 22 0.0210846377021653
26 27 0.146879580001181
26 36 0.193389977979555
26 37 0.00781135335247923
26 38 0.0505163922504652
26 43 0.00292286472390732
26 65 0.102079498317129
26 165 0.129053622387416
26 181 0.204426956310591
26 231 0.142643277528021
26 241 0.341342581333988
26 293 0.0301526232064142
26 346 0.115650442162514
26 473 0.0834532468716798
26 495 0.120056266870844
26 520 0.0696841455599321
26 565 0.115305584468789
26 609 0.00829375003150179
26 652 0.0577393247357593
26 696 0.129485127519799
26 805 0.204086849890699
26 810 0.135735999719616
26 812 0.224560786140807
26 850 0.298899193792444
26 866 0.0263541491605908
26 916 0.113516023868079
27 10 0.151863989996129
27 13 0.518860050876335
27 16 0.0745189523204325
27 19 0.119563843997279
27 20 0.354776366186455
27 22 0.00343347907387958
27 24 0.111640420895362
27 26 0.146879580001181
27 28 0.166185021705506
27 30 0.0550508008340811
27 32 0.05906613078733
27 33 0.287209812492318
27 34 0.140902168806029
27 36 0.0958138967153665
27 37 0.0656082112863487
27 38 0.0483843292789275
27 44 0.017424376990858
27 45 0.0352202761110522
27 83 0.0716911627475408
27 165 0.0112642633943502
27 171 0.054994981756369
27 292 0.00076960613673426
27 409 0.000319572325604214
27 424 0.210707971063122
27 429 0.00591432894177816
27 634 0.0467776542372541
27 671 0.265316860343667
27 711 0.0635911468259146
27 782 0.111659322240439
27 839 0.0196821057127615
27 901 0.0443893502022529
27 944 0.0852577171566167
27 969 0.0783141181188716
27 985 0.0617331376725128
28 14 0.0734203594690704
28 15 0.0125989475569328
28 20 0.0744462255417481
28 21 0.224592704475028
28 22 0.0589868003496908
28 23 0.205184303736458
28 24 0.0481545403096505
28 25 0.0652575046996808
28 27 0.166185021705506
28 29 0.00804674634977629
28 30 0.0642443444590976
28 31 0.0429040973204504
28 32 0.0246568624449845
28 33 0.0128638737565736
28 35 0.11552785460219
28 36 0.0621374625925321
28 39 0.179822638858785
28 40 0.103923256964239
28 42 0.0736133270506798
28 45 0.00298595237001489
28 46 0.35403602335622
28 57 0.0691208729973606
28 147 0.0604017020584875
28 150 0.0306972935488907
28 178 0.012794438873163
28 289 0.0418285763145062
28 450 0.0697091658207259
28 579 0.222792202233521
28 612 0.0713699367191201
28 697 0.061183678269111
28 701 0.0505689659321749
28 719 0.107662320432548
28 726 0.268385666110196
28 789 0.146176424771196
28 826 0.0899823009209044
28 925 0.139039210788575
28 932 0.0807916174303252
29 5 0.0287180473069429
29 11 0.37982809383016
29 15 0.206360837851769
29 16 0.0219527260142096
29 20 0.160035732838804
29 24 0.00358881919236086
29 28 0.00804674634977629
29 30 0.00342570771703093
29 31 0.00835490805232746
29 32 0.0658089297961054
29 35 0.259130809930905
29 36 0.302930474906319
29 38 0.0734120553816043
29 42 0.0518846512799004
29 43 0.683131805042465
29 45 0.0821058924129764
29 46 0.0661894721145578
29 94 0.0753530684695267
29 110 0.084304453281169
29 209 0.202174634045336
29 234 0.100599170904117
29 280 0.225908951744807
29 286 0.224842937323859
29 350 0.0210213699882834
29 388 0.16460280299975
29 412 0.0541973769219125
29 455 0.0700681997376169
29 612 0.00221643242178241
29 652 0.0176564282394585
29 670 0.0767170122178516
29 755 0.0310041705210659
29 791 0.0233829240869676
29 801 0.0506731827989611
29 925 0.18061529877626
29 932 0.137051824514796
29 976 0.115117626966621
30 13 0.109453415065904
30 14 0.02464217857136
30 20 0.110061186509568
30 23 0.0511314015357035
30 24 0.0690398968327409
30 27 0.0550508008340811
30 28 0.0642443444590976
30 29 0.00342570771703093
30 31 0.0195029480286735
30 32 0.0570463431778046
30 34 0.191523100178247
30 36 0.142714697923281
30 37 0.142246934920977
30 38 0.0487584099787039
30 40 0.23862530868631
30 42 0.0417403730695756
30 43 0.00362207945068362
30 44 0.012610729796761
30 55 0.00285533799164681
30 95 0.306722821142876
30 108 0.0687017341723158
30 117 0.034897150617487
30 143 0.116725004915544
30 144 0.0357560673069233
30 246 0.0249132999016743
30 252 0.343426244848143
30 263 0.096284635522378
30 298 0.0222582140067084
30 311 0.0209519614500254
30 342 0.000718171525301688
30 360 0.0732171520851836
30 428 0.0291630301708608
30 598 0.183361706367919
30 607 0.00913403336052329
30 793 0.0698432910873779
30 836 0.297449995585622
30 844 0.298503280180409
30 866 0.105853803811954
30 869 0.0133713342792061
30 873 0.0569035992861505
31 14 0.0964093765777339
31 15 0.0154130147125882
31 16 0.00487153870567288
31 17 0.114176975911365
31 20 0.00745822122103176
31 23 0.00956717457542462
31 24 0.0031429738865124
31 25 0.0563669882924578
31 28 0.0429040973204504
31 29 0.00835490805232746
31 30 0.0195029480286735
31 32 0.144942115159929
31 36 0.202594102773375
31 38 0.124935934824131
31 39 0.136551311201284
31 40 0.0936927521651856
31 44 0.0921879343373824
31 47 0.0654260867627958
31 52 0.0165753306461978
31 88 0.160959123773688
31 119 0.038604440135592
31 212 0.0057798972384229
31 283 0.159878034657026
31 439 0.527641352037537
31 551 0.136521929144993
31 553 0.105095093156886
31 570 0.083585811457401
31 594 0.0113125242314716
31 607 0.064403675385247
31 814 0.344024669927157
31 829 0.152226924667245
31 835 0.272610317001533
31 836 0.231349728055792
31 862 0.359516963875175
31 863 0.0262715134970703
31 902 0.0315351164446088
31 970 0.206079903916494
32 16 0.0163221717838199
32 18 0.388166192569936
32 20 0.0955754955066695
32 22 0.0585931732630332
32 23 0.0268534306075917
32 24 0.114640086520886
32 25 0.903054468550052
32 27 0.05906613078733
32 28 0.0246568624449845
32 29 0.0658089297961054
32 30 0.0570463431778046
32 31 0.144942115159929
32 33 0.0992558665651312
32 34 0.0213607296985728
32 35 0.0778168561768914
32 36 0.00314644771275532
32 37 0.235411388555171
32 39 0.382333088212841
32 40 0.134441619868195
32 44 0.0425515729892649
32 45 0.29000885262605
32 46 0.0270123577165916
32 47 0.234512758514394
32 48 0.515681993584426
32 49 0.170643929651744
32 75 0.101322413421671
32 94 0.0219051639694863
32 97 0.071107387901033
32 110 0.00468026282948245
32 112 0.089697505772752
32 362 0.0467397991794899
32 393 0.0334083399690304
32 441 0.0110068584538591
32 507 0.0440617072543332
32 515 0.140487181314793
32 682 0.21199456391391
32 860 0.013512617318357
32 878 0.105527191271571
33 15 0.168309716530777
33 17 0.0210920586684505
33 22 0.131231289487222
33 23 0.116475804510854
33 25 0.00521837338165987
33 27 0.287209812492318
33 28 0.0128638737565736
33 32 0.0992558665651312
33 34 0.126912081893394
33 35 0.0457898413532443
33 37 0.116548951528514
33 39 0.0584534614722974
33 43 0.0303121195148851
33 45 0.00387049991706157
33 46 0.0291949620920051
33 49 0.391751212333594
33 50 0.0189002524827608
33 51 0.286420080476429
33 62 0.13515291255986
33 64 0.235479286969227
33 88 0.067771700510217
33 277 0.0162124073446914
33 324 0.00102654604148835
33 361 0.00179548656540114
33 412 0.0922115358068858
33 414 0.0214762479975651
33 421 0.0612923536588556
33 422 0.147264979875276
33 455 0.00572077214336966
33 472 0.200045561300372
33 534 0.0228562265680384
33 554 0.11834877521049
33 684 0.0227561664641734
33 701 0.0305626347814104
33 720 0.0493640731323883
33 751 0.0877032913989532
33 793 0.0264747855852899
33 805 0.0350699276542242
33 929 0.243977066883457
33 931 0.0113199774232525
34 16 0.00411031214058581
34 19 0.111971030618219
34 21 0.0421731089344488
34 24 0.0299633865356964
34 25 0.00638802459954616
34 27 0.140902168806029
34 30 0.191523100178247
34 32 0.0213607296985728
34 33 0.126912081893394
34 35 0.00968384320377621
34 36 0.13733350667106
34 37 0.315975589167078
34 39 0.133493907395
34 40 0.0187408366764832
34 41 0.0171470055207003
34 44 0.328809040769825
34 46 0.157417419947619
34 48 0.0106784932407191
34 49 0.0368461024669372
34 51 0.456364407043456
34 52 0.0447763472763476
34 59 0.200968667487426
34 82 0.00535723468666402
34 135 0.0368917727848773
34 150 0.0859126254808967
34 171 0.01179608129311
34 263 0.0983288937748206
34 268 0.144226249803465
34 305 0.342016885729247
34 314 0.148579691903077
34 341 0.00997500139848358
34 348 0.208702721249357
34 446 0.0103137104048622
34 481 0.348983596134999
34 522 0.179419793780617
34 529 0.0555504031970266
34 541 0.028706343024214
34 685 0.0277227579336308
34 686 0.0462018614114013
34 806 0.169645866340008
34 899 0.109577822339857
34 955 0.0577706408744445
34 961 0.20002348823699
35 18 0.0242901239304539
35 19 0.0234226570166649
35 21 0.0793603303432192
35 22 0.108393424504548
35 24 0.102946008083217
35 25 0.0157975323572198
35 28 0.11552785460219
35 29 0.259130809930905
35 32 0.0778168561768914
35 33 0.0457898413532443
35 34 0.00968384320377621
35 36 0.0231719876635653
35 38 0.156374379371692
35 41 0.0524243846859631
35 42 0.226664709603826
35 44 0.118354328809058
35 45 0.0231670208284333
35 48 0.101839959011221
35 50 0.0664994604750375
35 138 0.151208264993884
35 434 0.252211919697618
35 546 0.075869927815014
35 566 0.12244942444866
35 683 0.310066306260499
35 708 0.0442972540745131
35 862 0.0384442360678769
35 900 0.0398484945060156
35 963 0.0648362674907401
35 973 0.0269139752004191
36 18 0.129883481443764
36 19 0.0594449298059133
36 21 0.111966211291763
36 22 0.00164682222215466
36 23 0.0636442610050848
36 25 0.138740129401054
36 26 0.193389977979555
36 27 0.0958138967153665
36 28 0.0621374625925321
36 29 0.302930474906319
36 30 0.142714697923281
36 31 0.202594102773375
36 32 0.00314644771275532
36 34 0.13733350667106
36 35 0.0231719876635653
36 37 0.104533655118584
36 38 0.0742292967535671
36 39 0.297210543361115
36 42 0.0604389948283845
36 43 0.212764772450271
36 44 0.132278812940418
36 46 0.0316486567611656
36 48 0.0943375053762738
36 50 0.179516415865053
36 51 0.222608382861002
36 53 0.0505211880292621
36 58 0.0202275225572238
36 101 0.0797592729638262
36 308 0.118463848972595
36 384 0.0675436672559683
36 456 0.0396323719688324
36 517 0.0410679209880336
36 550 0.190578765381166
36 620 5.58533460021929e-05
36 687 0.0479501731183053
36 721 0.0336020602418672
36 735 0.0948486434208688
36 835 0.0850232811219324
37 20 0.130612965511574
37 25 0.108937664801201
37 26 0.00781135335247923
37 27 0.0656082112863487
37 30 0.142246934920977
37 32 0.235411388555171
37 33 0.116548951528514
37 34 0.315975589167078
37 36 0.104533655118584
37 42 0.0612530836055082
37 43 0.0242286105560278
37 44 0.0571251443557848
37 45 0.0488410896918524
37 47 0.142557441054245
37 48 0.0705395348632956
37 49 0.0595022452699689
37 50 0.184770237268122
37 51 0.079487587827746
37 52 0.0618078703320484
37 53 0.0822436140321852
37 54 0.048753948728655
37 115 0.464403042470128
37 129 0.0711374647376854
37 151 0.627473837575123
37 173 0.0224986257656117
37 278 0.103976251372647
37 397 0.0150219825265644
37 463 0.0852551275569798
37 521 0.00803193002025081
37 553 0.00716939595658978
37 568 0.0147486969798091
37 626 0.037858041930426
37 643 0.0163000238147047
37 669 0.0381811851199221
37 721 0.138917776275123
37 752 0.126263372953941
37 774 0.126939116182125
37 845 0.346234045177289
37 894 0.0288250987545519
38 3 0.103964919766169
38 20 0.0634419312965491
38 22 0.00741754959711528
38 23 0.074048012771312
38 26 0.0505163922504652
38 27 0.0483843292789275
38 29 0.0734120553816043
38 30 0.0487584099787039
38 31 0.124935934824131
38 35 0.156374379371692
38 36 0.0742292967535671
38 39 0.165765696647652
38 40 0.0704735816383378
38 41 0.180785267854774
38 47 0.0817948461666013
38 50 0.166689106466709
38 51 0.0218139978232967
38 52 0.0333990669340743
38 63 0.0228515179080921
38 76 0.122226720008513
38 83 0.005570480577959
38 188 0.00478547832499314
38 303 0.0200120648423502
38 305 0.0110427972073362
38 342 0.0915952687129839
38 470 0.0760119607799015
38 546 0.0858380723342695
38 570 0.0136431472136281
38 581 0.0853394210408562
38 594 0.0601003269230046
38 669 0.178815627232668
38 744 0.316549268300091
38 752 0.0696172785848477
38 779 0.075185056918274
38 837 0.373635385863525
38 846 0.227291773491907
38 855 0.0281600848683727
38 867 0.252774776524546
38 940 0.341431254734487
38 948 0.221920681001728
38 977 0.26653134133088
39 28 0.179822638858785
39 31 0.136551311201284
39 32 0.382333088212841
39 33 0.0584534614722974
39 34 0.133493907395
39 36 0.297210543361115
39 38 0.165765696647652
39 40 0.0709239053303152
39 42 0.0882701603039019
39 44 0.0268958041586655
39 45 0.012007093859866
39 46 0.0710099344840572
39 47 0.0599721420944902
39 48 0.0151636522111018
39 49 0.0687693987306981
39 54 0.0721220412265042
39 55 0.00267962059073617
39 56 0.0741962923781567
39 57 0.109329340597378
39 77 0.105390671555641
39 108 0.286009858646484
39 220 0.362176713213596
39 239 0.0653194304267913
39 288 0.0986797408888899
39 336 0.172401938761092
39 396 0.152357335795678
39 557 0.227139723600421
39 560 0.149508941553743
39 569 0.453707392540077
39 607 0.20082769396845
39 664 0.00235678407031972
39 685 0.00724848742761327
39 927 0.0768497578261324
39 929 0.00240075531913303
39 933 0.313292680327589
39 940 0.133716973975756
39 947 0.0683167492756331
39 953 0.0114891492756665
39 973 0.0145333301617653
40 22 0.104021631589694
40 23 0.110309099082423
40 24 0.0398203586068327
40 28 0.103923256964239
40 30 0.23862530868631
40 31 0.0936927521651856
40 32 0.134441619868195
40 34 0.0187408366764832
40 38 0.0704735816383378
40 39 0.0709239053303152
40 41 0.0471361900797003
40 42 0.0402956664236466
40 43 0.102028587322627
40 44 0.292995395501754
40 46 0.156751395221308
40 47 0.0134918418935007
40 49 0.00291970899333738
40 51 0.125714851125929
40 53 0.0881690084054888
40 54 0.173536752058156
40 56 0.029834005150495
40 57 0.0547064793587495
40 73 0.0185259752817853
40 110 0.029408537387853
40 135 0.229319402690921
40 170 0.17925747813946
40 211 0.00716302313651631
40 225 0.0159572221836222
40 226 0.00874436345445122
40 283 0.276873623485876
40 362 0.160561122199352
40 397 0.00853989699018805
40 433 0.0351633575935158
40 449 0.0191749130900645
40 516 0.0463869223900422
40 519 0.024722202245184
40 520 0.192369362203848
40 644 0.0945648607211296
40 701 0.100323086585165
40 718 0.134906951095373
40 722 0.0439253864667273
40 770 0.0792146634907443
40 825 0.312234866942079
40 857 0.299890814500116
40 866 0.0271477030720956
41 12 0.0480881775652095
41 24 0.332755312107292
41 25 0.127866992398397
41 34 0.0171470055207003
41 35 0.0524243846859631
41 38 0.180785267854774
41 40 0.0471361900797003
41 42 0.0505991251128254
41 44 0.0287037033889377
41 45 0.0252774667575533
41 47 0.0995835909114573
41 48 0.194274120208786
41 53 0.148406546536847
41 55 0.0541188413781888
41 56 0.0649938639697481
41 58 0.0703292630600386
41 59 0.0902494871513697
41 62 0.073341352869468
41 252 0.0773458514149098
41 391 0.135300468455231
41 437 0.0270891979895402
41 444 0.0703923185498601
41 515 0.019448114227617
41 635 0.113701288411635
41 679 0.0985616171138005
41 694 0.0853726137207444
41 700 0.064014482517015
41 727 0.129506058349623
41 768 0.0323079606398689
41 812 0.0121624857993618
41 837 0.106783675455203
41 981 0.169506765375026
42 24 0.0326038259951236
42 25 0.156722622936302
42 28 0.0736133270506798
42 29 0.0518846512799004
42 30 0.0417403730695756
42 35 0.226664709603826
42 36 0.0604389948283845
42 37 0.0612530836055082
42 39 0.0882701603039019
42 40 0.0402956664236466
42 41 0.0505991251128254
42 44 0.101052185086275
42 45 0.00603681475128586
42 46 4.45267010363824e-05
42 57 0.00796596327904013
42 59 0.207679735468906
42 244 0.10523265796917
42 271 0.056858124258908
42 420 0.0190568845386298
42 427 0.0113716128595725
42 679 0.0377690092962456
42 692 0.0170379968271985
42 721 0.01764544276094
42 732 0.279486731810869
42 733 0.00747438603246792
42 747 0.0237788135165367
42 834 0.0353668972024298
42 873 0.0311908326274147
42 885 0.26708804390229
42 944 0.0248639811038052
42 948 0.0595119860829056
43 26 0.00292286472390732
43 29 0.683131805042465
43 30 0.00362207945068362
43 33 0.0303121195148851
43 36 0.212764772450271
43 37 0.0242286105560278
43 40 0.102028587322627
43 44 0.152208229583403
