0 4 0.00291572778421405
0 8 0.186947617494825
0 22 0.00376380039784399
0 29 0.0692807432079316
0 56 0.0112048299808808
0 58 0.0413193238568712
0 70 0.114127050223584
0 98 0.0764975916388328
0 145 0.102690386387693
0 177 0.10194526609078
0 178 0.410497391271636
0 185 0.0707884817088196
0 202 0.0117769818827285
0 204 0.0776948855615615
0 247 0.0101163944742319
0 275 0.0615795867887612
0 280 0.117256736801355
0 337 0.119419092291384
0 349 0.0525520097134911
0 370 0.0190200535807837
0 384 0.196869377219903
0 386 0.408667859875613
0 400 0.0674644295940238
0 408 0.478513066715365
0 429 0.160226612197391
0 463 0.0295165667180594
0 488 0.0243470654023105
0 490 0.103593013060714
0 493 0.0659504307936888
0 497 0.041422672744812
0 498 0.0339314849462117
1 5 0.184329056745693
1 30 0.0301997467594919
1 45 0.00290500108865645
1 47 0.0020361332862228
1 50 0.253798783872672
1 91 0.10771428528135
1 122 0.259361200240282
1 125 0.198868002335365
1 174 0.173915464705598
1 177 0.0161718645360531
1 205 0.0344317391617207
1 230 0.0731474442225408
1 317 0.0113669991072903
1 319 0.077808397959244
1 351 0.000549865865814536
1 374 0.118287746952993
1 377 0.0280034245981163
1 391 0.0209850580963466
1 403 0.0352598605119464
1 421 0.672634740072734
1 426 0.0844584131700928
1 430 0.0801806786755404
1 435 0.0124823710618054
1 448 0.101528948797639
1 455 0.0309295283236595
1 466 0.0588703285812649
1 486 0.132720860578779
2 7 0.0185520261949653
2 8 0.0262463985782256
2 12 0.0428402643852484
2 14 0.194836739539293
2 17 0.00277107244461318
2 19 0.409219511392773
2 37 0.0497032326060246
2 64 0.00495202600542135
2 147 0.222358220886207
2 148 0.0745500730240124
2 208 0.0260005493325904
2 221 0.0507354983767159
2 270 0.113534986644296
2 271 0.0227531969706641
2 274 0.0232535380759885
2 318 0.0328777883853238
2 335 0.00714283016893759
2 344 0.223924893322946
2 370 0.0395630475105789
2 383 0.046759938549991
2 388 0.20493499101588
2 401 0.00691914122983382
2 407 0.0135946527914923
2 436 0.107068680756426
2 473 0.0215402509481779
2 490 0.177437976724269
3 5 0.0491283260563943
3 6 0.0541036194089441
3 18 0.18370468978556
3 19 0.00998351494631618
3 22 0.0348378527042073
3 29 0.00640769592071962
3 31 0.106351339466004
3 43 0.0105720001416468
3 53 0.0117887785810439
3 75 0.116921921499393
3 158 0.176117608973984
3 166 0.0883460852331208
3 170 0.252242711138376
3 171 0.0941156925393186
3 181 0.0984027307390214
3 192 0.346579710710688
3 194 0.0350100980224009
3 224 0.0953452368390293
3 227 0.175948106234993
3 251 0.233107106126586
3 254 0.326334167603078
3 262 0.0224319663921143
3 299 0.037775696656535
3 306 0.04498863628255
3 308 0.0208776370329343
3 336 0.03774822262718
3 342 0.127746879846748
3 349 0.0995536493735063
3 353 0.068115323460984
3 357 0.0459635787781698
3 360 0.188571919089376
3 361 0.0430649477055864
3 365 0.0151200685107525
3 367 0.418928034880637
3 403 0.0847578636046685
3 418 0.094168958243971
3 426 0.154902283447038
3 473 0.00231759976013716
3 485 0.307265623696613
3 488 0.103994709278062
3 492 0.141529558280531
3 493 0.260344389612491
3 495 0.0964445168124627
4 0 0.00291572778421405
4 5 0.0168043733423364
4 7 0.0676116777495764
4 15 0.371470996712727
4 42 0.0493152446079483
4 51 0.248507134517838
4 79 0.967584854816061
4 87 0.0202698174525305
4 106 0.0574030709793791
4 110 5.44482277720629e-05
4 111 0.0489991962297897
4 128 0.00645076719515483
4 136 0.0571167755646946
4 146 0.020041475275417
4 162 0.0711173315579539
4 184 0.00688111783995316
4 195 0.364024401731312
4 222 0.514643567752999
4 229 0.0450391239893747
4 234 0.0729096109896868
4 318 0.171578623690734
4 322 0.0638933858633123
4 327 0.0902773473573036
4 335 0.139178849762028
4 361 0.239973711174128
4 372 0.0487252245649571
4 375 0.549134282130656
4 409 0.0360190729903669
4 417 0.0893984926724719
4 428 0.0572612054772812
4 469 0.0463416499779999
4 484 0.0262451316868806
4 494 0.144734722221771
4 499 0.0177264993864509
5 1 0.184329056745693
5 3 0.0491283260563943
5 4 0.0168043733423364
5 9 0.00781524303968896
5 20 0.0554758453232865
5 23 0.0799512465681047
5 62 0.00481193793237931
5 76 0.00788261471095771
5 84 0.0159333407508411
5 93 0.154988042965539
5 95 0.0681489344019345
5 98 0.0529149950452478
5 141 0.0442148769828092
5 156 0.0283584407065212
5 174 0.0331651021044947
5 181 0.00355475179914415
5 190 0.0843870691686111
5 207 0.129013003677599
5 209 0.0746026531954057
5 210 0.261252616663756
5 216 0.186934851803712
5 217 0.0285085354674939
5 232 0.0318611942168117
5 243 0.36408285747685
5 246 0.00581538867091497
5 248 0.142139899265641
5 262 0.0500448305674712
5 270 0.0909713934042175
5 271 0.10965634634642
5 284 0.0926478416731126
5 287 0.103230954895357
5 288 0.1067184248797
5 323 0.0124286535989264
5 326 0.0585899964061111
5 329 0.122389804078902
5 338 0.120788942439806
5 350 0.0034722797998416
5 372 0.0144930242371511
5 379 0.208613773397591
5 380 0.252949480862566
5 404 0.196442475308886
5 412 0.0283747345145806
5 434 0.0606978275205063
5 445 0.0490030472506635
5 448 0.0750816526427426
5 460 0.00561388483062686
5 468 0.111278271519217
5 477 0.169473833175841
5 484 0.027651165467711
5 496 0.631258969377085
6 3 0.0541036194089441
6 17 0.0123582562838337
6 50 0.143383091468623
6 65 0.213637654651216
6 71 0.0161300599254687
6 86 0.047481828442557
6 122 0.0083861610414661
6 128 0.150700030576591
6 143 0.399505787022233
6 150 0.108762405259569
6 151 0.0508392787315367
6 154 0.353210713686698
6 164 0.0265344369400764
6 168 0.0808988272233059
6 213 0.0985779190921594
6 221 0.247959854024074
6 243 0.0100807975235385
6 293 0.0168247493020929
6 305 0.0584455661240664
6 322 0.0122684912779164
6 324 0.526420923912591
6 328 0.0473560956320983
6 369 0.102204220881894
6 375 0.237509300666239
6 384 0.0269638841422278
6 410 0.116706690301095
6 416 0.0595737468845031
6 424 0.0047849412671982
6 430 0.15985353269487
6 440 0.00854395961572024
6 444 0.0615786869700439
6 468 0.0532329702851304
6 491 0.084429664070015
6 495 0.0317387887778457
6 499 0.190099895957149
7 2 0.0185520261949653
7 4 0.0676116777495764
7 8 0.182413459085651
7 23 0.127499031715871
7 67 0.0671898129978716
7 81 0.163086828607702
7 102 0.283121138480149
7 116 0.137198153296934
7 119 0.146955549619589
7 139 0.522396314633143
7 153 0.186671466691478
7 191 0.00221948077952481
7 220 0.215051538795773
7 300 0.0328056137338543
7 338 0.152591524624419
7 356 0.15294985452244
7 377 0.0129681788334233
7 381 0.000759767902864177
7 403 0.0174735109304416
7 408 0.244238205080935
7 416 0.055351560649425
7 441 0.0012155529322342
7 445 0.332738910540809
7 448 0.0169726086357333
8 0 0.186947617494825
8 2 0.0262463985782256
8 7 0.182413459085651
8 9 0.000580996489952948
8 32 0.00605229401502061
8 43 0.0177046751177969
8 47 0.103813498484836
8 54 0.0472328460227778
8 83 0.0173178914498997
8 96 0.0730127474782393
8 119 0.377778488582912
8 123 0.216267623453688
8 139 0.138187307415237
8 144 0.0549804486041561
8 145 0.0987355772821632
8 147 0.22438087539042
8 149 0.286392969623402
8 155 0.0202164654346227
8 165 0.0955965608462309
8 174 0.155318057543101
8 177 0.00991344146653069
8 197 0.0100125907802802
8 254 0.528326093949484
8 274 0.0356110257666597
8 291 0.126139370320885
8 324 0.0253249948719122
8 344 0.0196617035952278
8 352 0.370302806283609
8 366 0.148038365883715
8 384 0.136543829563817
8 406 0.042191213388548
8 422 0.0881499767754447
8 427 0.19425100609628
8 471 0.0217388654174914
8 484 0.128804737369144
8 491 0.0595854346699193
9 5 0.00781524303968896
9 8 0.000580996489952948
9 18 0.00139283938581568
9 23 0.0561390648893936
9 52 0.0488712766841608
9 57 0.101042434133547
9 59 0.0188663726150798
9 60 0.263577484047173
9 75 0.168308690082429
9 87 0.217463951596746
9 96 0.0296474569407912
9 100 0.0176248194155958
9 113 0.185172699813085
9 117 0.235831786158341
9 162 0.00758183440694675
9 180 0.127829299083816
9 216 0.215365179964945
9 220 0.217322211785391
9 229 0.0115805151925864
9 254 0.0985937698502995
9 257 0.094752566929111
9 286 0.200816737256453
9 304 0.0694025060194763
9 317 0.234844957716848
9 322 0.00843016558433014
9 373 0.180152330159349
9 389 0.0378448336486287
9 433 0.054794522869738
9 435 0.0884841556439184
9 452 0.0513714015195629
9 456 0.00914927020066459
9 462 0.0707386221902304
9 470 0.251728701673461
9 499 0.149581059422715
10 15 0.134493140493858
10 24 0.298535700882753
10 25 0.0688814802766699
10 30 0.0159074370289084
10 37 0.0285058351801506
10 50 0.210780343044258
10 74 0.119693905590573
10 154 0.0204254550835928
10 165 0.0123992200937731
10 176 0.221626005493751
10 180 0.0235665616640295
10 192 0.000730248284317257
10 221 0.118866429797365
10 223 0.0168307361996171
10 280 0.0950341078538326
10 290 0.151530514978207
10 334 0.00595403521303722
10 401 0.0354017825919949
10 419 0.053698218634386
10 422 0.050868489537243
10 431 0.00463577868523397
10 441 0.168986747473224
10 448 0.0421127047193339
10 452 0.0413858950158746
10 453 0.0377280891816259
10 491 0.0402704257476401
10 493 0.0299812693887251
10 495 0.107329319354379
10 498 0.0771599310778767
11 12 0.0242161268508816
11 14 0.139282425228115
11 23 0.0641189099134977
11 29 0.051892530331267
11 34 0.0821850078563077
11 49 0.0468517839853692
11 56 0.0253153758438519
11 65 0.00790855099898568
11 66 0.0309892560222887
11 100 0.0301304985038403
11 117 0.121344384102123
11 150 0.0935807487956373
11 181 0.230114165103283
11 204 0.0773469850774478
11 205 0.0126103353860253
11 221 0.0139680707491754
11 222 0.15381478049924
11 241 0.00986894109260331
11 255 0.0102942230758514
11 268 0.0317128474695472
11 283 0.1040644894049
11 297 0.0474134116576108
11 301 0.00501538040789019
11 393 0.138757609352243
11 397 0.0089353215290631
11 403 0.0316179417765822
11 419 0.430943144802096
11 435 0.152524420048395
11 440 0.13776670594195
11 464 0.0089215242518023
11 476 0.26279530826698
11 494 0.00311923520573144
12 2 0.0428402643852484
12 11 0.0242161268508816
12 17 0.0286104418677577
12 23 0.0468664270690237
12 24 0.159597259341256
12 25 0.156617423115863
12 52 0.0355805556558866
12 63 0.605455796245411
12 68 0.0601737113864684
12 75 0.0676638994232513
12 127 0.176861953623749
12 130 0.00298635672050176
12 168 0.58045937218072
12 197 0.0483207988098632
12 208 0.0962102774983255
12 244 0.0870691609037067
12 251 0.0138611459717733
12 261 0.0868255947523255
12 265 0.0344186126744207
12 270 0.0123207372337373
12 419 0.0138460872542356
12 421 0.0811020324520001
12 424 0.0714739062719623
12 428 0.000172515672379308
12 437 0.0252780245789285
12 439 0.119542122404899
12 456 0.0826864984447742
12 481 0.0212536651056754
12 483 0.100405806939249
12 490 0.01705263063647
12 498 0.166680599644323
12 499 0.00721235065937827
13 27 0.0302837456676923
13 62 0.02107576088338
13 81 0.143089316930595
13 90 0.116750354674094
13 93 0.0707018400931514
13 94 0.127864727942202
13 121 0.276631574468832
13 124 0.134855732233968
13 173 0.107133169769989
13 177 0.00824882184690562
13 188 0.0205762874987781
13 190 0.112245372492063
13 193 0.153829056281481
13 219 0.0781757609576638
13 222 0.108078552993636
13 271 0.0746522845695914
13 291 0.0230918145385952
13 315 0.0359135533567537
13 326 0.317606618886923
13 370 0.0258910331024444
13 375 0.0226311589410583
13 411 0.218011490595464
13 415 0.0348870322662793
13 438 0.00985092396891633
13 442 0.0234966130771444
13 452 0.0641539128781507
13 474 0.0885594536267892
13 488 0.156188356363006
13 490 0.0378706884758934
13 499 0.0652735736322401
14 2 0.194836739539293
14 11 0.139282425228115
14 25 0.143944154363158
14 30 0.0165612236317265
14 35 0.489357871411952
14 41 0.0259565181553713
14 43 0.214710366634082
14 52 0.122368676760281
14 69 0.106893916514682
14 70 0.31146867048076
14 72 0.102428286708093
14 96 0.0738773256190725
14 105 0.0261257482605351
14 147 0.0721363254557147
14 152 0.159688671244572
14 153 0.00557118458372757
14 162 0.0161743013231183
14 165 0.0325483138716
14 230 0.109000488264636
14 292 0.0719403832921108
14 314 0.0268516622710464
14 322 0.141809479079315
14 331 0.231369698402367
14 345 0.0246636532951072
14 347 0.0490274126706678
14 353 0.375421654122496
14 359 0.195533159896944
14 381 0.0160097539846501
14 407 0.100353315699216
14 433 0.0251504951699291
14 434 0.0231248153002747
14 440 0.20055547809029
14 462 0.0738267340739789
14 477 0.12980798466361
14 480 0.120103255283686
15 4 0.371470996712727
15 10 0.134493140493858
15 23 0.0186488839914357
15 26 0.0509972049455493
15 41 0.0570152679666952
15 49 0.0279376879452995
15 52 0.104716987518952
15 84 0.176351073773577
15 126 0.0367614796303817
15 151 0.00606766143690085
15 165 0.328665105748402
15 177 0.118723689472186
15 181 0.0795742237549188
15 184 0.00623888649672574
15 192 0.0135374662537252
15 195 0.0465182108783437
15 234 0.0519781696334484
15 250 0.0372593036588987
15 264 0.3993950158826
15 270 0.0614248402867769
15 271 0.268461813154345
15 287 0.161572130195689
15 290 0.00993329236951942
15 343 0.107161212413877
15 346 0.00486436856691504
15 375 0.530074596524707
15 376 0.0997584916406909
15 378 0.0334418058451867
15 407 0.417808220458701
15 410 0.196059685499811
15 437 0.206060120476816
15 438 0.0875586699749285
15 444 0.229278142393992
15 453 0.0422342945634376
15 471 0.218981561810119
15 491 0.186212535326731
16 21 0.0927290467133635
16 31 0.224173460967857
16 37 0.0595479600193244
16 40 0.0101313414549015
16 41 0.0890200201607894
16 51 0.0480715975843422
16 53 0.170906842174653
16 58 0.261898201282293
16 70 0.146554678785102
16 90 0.186099007270354
16 93 0.115175719984008
16 101 0.233858439266444
16 131 0.0159433645418186
16 149 0.126276141178988
16 196 0.0344909973074397
16 261 0.259316670343804
16 280 0.0553118857606859
16 283 0.0448960640488295
16 286 0.00192260486131846
16 290 0.0711162582029888
16 294 0.0547296737840343
16 295 0.171281729806267
16 304 0.0899873053728902
16 349 0.40451346706802
16 353 0.188506757335346
16 378 0.115006130094393
16 408 0.0788452394371166
16 430 0.0523629870479342
16 433 0.201517635202934
16 455 0.0217001335905435
16 470 0.000459300783266611
16 473 0.00425148088994067
16 475 0.0533974471836988
16 477 0.356535407220812
16 481 0.106661575213669
17 2 0.00277107244461318
17 6 0.0123582562838337
17 12 0.0286104418677577
17 32 0.0246436249082512
17 33 0.0906563659790901
17 40 0.0871918709175537
17 55 0.0507420255750663
17 66 0.0154554279553029
17 85 0.277478571423533
17 86 0.0671239118837353
17 89 0.140297105437378
17 114 0.0657578312920333
17 131 0.0499947927053792
17 157 0.0358707164559738
17 194 0.267075863887743
17 203 0.0119053854894244
17 207 0.0806213179249943
17 213 0.0361261009891817
17 231 0.0123561371595742
17 258 0.225156344730253
17 305 0.0410477746414579
17 323 0.0279444516335738
17 333 0.080857693273755
17 345 0.409081404905119
17 393 0.298319006659731
17 406 0.106465767635444
17 407 0.165503167258224
17 447 0.0351887434865945
17 450 0.141059750951024
17 461 0.552055897960289
17 468 0.130616101135173
17 477 0.0166460908134159
17 478 0.229669639821067
17 483 0.0296990063665074
18 3 0.18370468978556
18 9 0.00139283938581568
18 20 0.170603923323751
18 24 0.046128333588939
18 37 0.118203411317224
18 86 0.0258984115520909
18 94 0.0506747813242442
18 132 0.231027079507997
18 152 0.0490601323923004
18 177 0.0304696527104018
18 201 0.0784269244209514
18 218 0.0523318591318194
18 230 0.111104497491254
18 233 0.0251441032685588
18 234 0.0431254834055242
18 256 0.116950193753148
18 269 0.0898122111516952
18 285 0.0603151889349495
18 300 0.0632050617952786
18 309 0.0526838848201874
18 315 0.141499074933869
18 344 0.0075780223088393
18 357 0.111878387784732
18 387 0.141096311020699
18 425 0.010371621605568
18 442 0.343945598865116
18 469 0.137187273315129
18 485 0.060934590172755
19 2 0.409219511392773
19 3 0.00998351494631618
19 24 0.0160955567779086
19 30 0.131565722780589
19 33 0.131151278297155
19 56 0.241023274996185
19 66 0.0409110773180004
19 71 0.135378652103798
19 75 0.140106080045584
19 84 0.0582324347904769
19 126 0.0444382557191389
19 132 0.0274469473773567
19 133 0.10583705697298
19 139 0.0936636712213782
19 155 0.228495481639757
19 205 0.0296562672465347
19 232 0.0989129817080394
19 254 0.0619526751070475
19 256 0.110874568939991
19 275 0.152773289718934
19 281 0.0743540687986345
19 286 0.00301293946102445
19 289 0.141996747634696
19 297 0.0859620283018205
19 304 0.0272265309986363
19 326 0.0173011377684264
19 342 0.13223940329117
19 371 0.0317752905262039
19 376 0.0255016980699738
19 392 0.000242517017935534
19 402 0.0882345378001366
19 415 0.06052801877681
19 455 0.0285609605398053
19 497 0.116143118214877
20 5 0.0554758453232865
20 18 0.170603923323751
20 25 0.170876068366797
20 44 0.0133537372406243
20 69 0.0349190155228907
20 114 0.322510896729201
20 118 0.206423716313329
20 139 0.0289134393199664
20 148 0.00985789489310133
20 157 0.0586531646014931
20 164 0.142225873722555
20 189 0.335901343140171
20 204 0.0142014042054732
20 214 0.0930564777220226
20 241 0.0637076477572716
20 250 0.368367986584033
20 252 0.0345538719909443
20 267 0.0269006232463637
20 283 0.0320273987807598
20 300 0.364174468102047
20 309 0.0837633647212267
20 310 0.0383167289460246
20 328 0.162285881551607
20 330 0.0345343288441841
20 341 0.117209891826332
20 362 0.223922236388023
20 372 0.0441422640663857
20 389 0.232873459363171
20 397 0.0243976229149869
20 404 0.219492245449234
20 410 0.0154107551876487
20 460 0.347620627756276
20 474 0.127615868427006
20 495 0.0239872460033537
21 16 0.0927290467133635
21 30 0.432164052357409
21 35 0.148956633645733
21 74 0.106044100421376
21 81 0.140133425352487
21 86 0.0753291107183962
21 93 0.0820455571384172
21 94 0.0356683567749957
21 96 0.00140286770692142
21 98 0.112742696067701
21 108 0.0584501337129897
21 128 0.304832321653596
21 155 0.0698548829113187
21 166 0.0314111890726147
21 181 0.0376274957823638
21 187 0.00699698079651381
21 207 0.0974801238879236
21 221 0.0680883904984554
21 239 0.0436940437882165
21 262 0.0806503879319079
21 290 0.0687089285040091
21 300 0.0452058607241832
21 327 0.230236986486545
21 328 0.285851058730199
21 349 0.0703330018855745
21 381 0.0501239734562028
21 385 0.228418100369228
21 391 0.00723474050498233
21 408 0.0320338597852203
21 426 0.104899658002459
21 439 0.00915423118660692
21 461 0.0856931767404604
22 0 0.00376380039784399
22 3 0.0348378527042073
22 43 0.0521895896099786
22 46 0.165639451987839
22 83 0.021425322560368
22 88 0.322526154630952
22 90 0.165635221890777
22 102 0.0360323081425795
22 135 0.0102094491281458
22 136 0.024937360657083
22 142 0.0597757522869051
22 200 0.307921176892015
22 246 0.0207623280401001
22 253 0.266541893085348
22 301 0.097400673234933
22 303 0.0523452313170403
22 308 0.502665976913928
22 315 0.129331631759147
22 324 0.294184113168237
22 331 0.0389304807138357
22 341 0.0407043236847373
22 361 0.00269624146139258
22 374 0.0519079030553244
22 396 0.0593017624976985
22 400 0.142033788790399
22 403 0.271480886722475
22 409 0.00757159052098858
22 410 0.0141149910546579
22 437 0.0401611971116483
22 439 0.00197283834980647
22 440 0.0535496999054679
22 448 0.17369858364062
22 451 0.574272402887031
22 462 0.00343484853958557
22 465 0.168474966383641
22 494 0.0105764569956885
23 5 0.0799512465681047
23 7 0.127499031715871
23 9 0.0561390648893936
23 11 0.0641189099134977
23 12 0.0468664270690237
23 15 0.0186488839914357
23 26 0.0162085308856442
23 30 0.0299816920903364
23 49 0.281941518439466
23 58 0.0631323265541495
23 59 0.0186393368164463
23 86 0.136658996715409
23 93 0.237067286789967
23 110 0.00152941242996243
23 119 0.505556525581714
23 126 0.0543494490886132
23 147 0.0232752305464464
23 224 0.0136617156796126
23 232 0.110243497782848
23 235 0.0738777066554649
23 265 0.046333304627412
23 318 0.0241975018162234
23 331 0.0455933541859185
23 353 0.00841754627491912
23 359 0.0611413044244584
23 367 0.0226133646472788
23 390 0.13750404523814
23 395 0.00418305504551332
23 397 0.0965025507555465
23 418 0.376560334048134
23 421 0.0993796771133722
23 451 0.184282134550293
23 457 0.152532717582617
24 10 0.298535700882753
24 12 0.159597259341256
24 18 0.046128333588939
24 19 0.0160955567779086
24 35 0.265558489325992
24 43 0.018996649880297
24 46 0.0305924464067385
24 82 0.0820057710542265
24 83 0.307220249070391
24 88 0.0155919920818879
24 93 0.00810164019494691
24 99 0.151924147240196
24 100 0.144212608193828
24 129 0.144238563049031
24 136 0.147896533064043
24 148 0.15449540150211
24 158 0.072808632206414
24 191 0.0347567486537569
24 218 0.0195855411733502
24 253 0.0573772438034594
24 255 0.0541710271960773
24 403 0.105444205897216
24 417 0.253371090363655
24 432 0.0439654641908746
24 460 0.259003402091421
24 471 0.016140119161295
24 488 0.217225541284573
24 490 0.117758055324937
24 498 0.157465115569084
25 10 0.0688814802766699
25 12 0.156617423115863
25 14 0.143944154363158
25 20 0.170876068366797
25 43 0.304098980940027
25 49 0.131931337005135
25 53 0.169658134056897
25 96 0.292208111357929
25 99 0.0660747927173328
25 111 0.0534098669480734
25 130 0.20586127837325
25 144 0.1022186955672
25 190 0.172857074971766
25 216 0.00163474861368853
25 226 0.109552085456073
25 227 0.092324833043398
25 275 0.115282935644032
25 363 0.045056008361304
25 376 0.022346005784802
25 378 0.0295732896544782
25 381 0.0648973942821332
25 386 0.262852499426151
25 390 0.0495218849193279
25 407 0.0615577351963778
25 412 0.157873027307971
25 427 0.0685937131707525
25 432 0.171912425235122
25 464 0.0341375724816951
26 15 0.0509972049455493
26 23 0.0162085308856442
26 30 0.241181824841774
26 43 0.0592397880348008
26 48 0.0103984737660129
26 50 0.0246995947229428
26 58 0.0223236026331522
26 69 0.0638067000327803
26 81 0.0536372582751936
26 105 0.394219095199195
26 126 0.0140667379208167
26 163 0.0713485365711853
26 236 0.0908569519624915
26 240 0.158965959904006
26 242 0.0236907780856251
26 247 0.110856890635645
26 259 0.0972933283228335
26 290 0.0013667518813341
26 295 0.0111878444406214
26 302 0.00406670440822911
26 304 0.130137788119832
26 364 0.0385558968922336
26 374 0.0594824283858396
26 390 0.0344404176427467
26 404 0.170152217373971
26 407 0.000435430129943768
26 440 0.14860484243525
26 450 0.0836278634889264
26 463 0.00205044156985359
26 492 0.0188685403267561
26 496 0.125466212985016
26 497 0.111624759520911
26 499 0.10274219355594
27 13 0.0302837456676923
27 35 0.034569476745447
27 44 0.166239110260778
27 50 0.101704038881794
27 52 0.265273177910957
27 54 0.0562967643139634
27 67 0.0300381837394182
27 83 0.0338907631989414
27 104 0.009707580025102
27 111 0.224418807102827
27 119 0.0431326534859102
27 121 0.025282015592492
27 161 0.000757579848279496
27 188 0.0352757343802775
27 201 0.124520964129724
27 211 0.000126679924820056
27 219 0.00569438955256153
27 250 0.112491005151127
27 254 0.131897914635936
27 260 0.0204575697290151
27 264 0.289648265077812
27 268 0.265473625258327
27 277 0.15667154562689
27 292 0.0251848900652326
27 294 0.0865389509749696
27 301 0.031015738278258
27 308 0.138402746595301
27 327 0.136468377645864
27 343 0.218693490564613
27 365 0.441316846622811
27 373 0.150347648032608
27 382 0.12772035334264
27 388 0.0776475835445778
27 412 0.0792823305298708
27 417 0.0177318955485504
27 419 0.123896008333222
27 426 0.0472130662887429
27 453 0.0546284400837259
27 463 0.0903704582844483
28 36 0.0501949600694966
28 52 0.00619874579160192
28 74 0.0582513487001589
28 99 0.0729758613190218
28 111 0.0610637184829304
28 113 0.055891961498277
28 125 0.056990522538035
28 131 0.156010531167295
28 133 0.0149311634715932
28 149 0.066043582265853
28 152 0.0262415878364578
28 171 0.0147218320189543
28 180 0.0160765853996605
28 201 0.151978959189772
28 214 0.128629405874693
28 249 0.0374453909707926
28 280 0.0348551085825573
28 294 0.0567243166185383
28 298 0.213645942944852
28 305 0.13414320809485
28 316 0.0144538858179702
28 318 0.00912884318883646
28 325 0.138509746590597
28 343 0.0528243449624783
28 349 0.0587243371636946
28 351 0.119532665624267
28 364 0.000823882922255562
28 397 0.0697452348010589
28 413 0.0653135028704257
28 419 0.0645842469770354
28 432 0.0384065809872914
28 447 0.021588886814931
28 461 0.0962777495139009
29 0 0.0692807432079316
29 3 0.00640769592071962
29 11 0.051892530331267
29 31 0.0409763204561776
29 41 0.192628424376378
29 80 0.00225118175024256
29 92 0.0774726648362545
29 97 0.593851416296665
29 105 0.0942560169805722
29 132 0.0608958294435039
29 135 0.0332517845048659
29 165 0.0315926733625643
29 186 0.242123584341384
29 190 0.0627545112926449
29 214 0.084453483496411
29 218 0.00456554391549116
29 245 0.0124933554812527
29 249 0.366089915178916
29 262 0.0472948052350916
29 266 0.0308872776141962
29 307 0.0398306493690253
29 314 0.102401109307856
29 318 0.296619682325366
29 343 0.0134248840225014
29 363 0.0359068435744468
29 382 0.37108650761228
29 402 0.289564486947933
29 418 0.175366549419675
29 424 0.0488010813779769
29 430 0.0524197877946119
29 431 0.0106285092262531
29 445 0.00335447147607211
29 490 0.264052927209832
30 1 0.0301997467594919
30 10 0.0159074370289084
30 14 0.0165612236317265
30 19 0.131565722780589
30 21 0.432164052357409
30 23 0.0299816920903364
30 26 0.241181824841774
30 46 0.121993888488528
30 47 0.0839043862839592
30 58 0.0381988454661126
30 66 0.0336082310208711
30 117 0.0199933629607578
30 131 0.0157768125155259
30 136 0.228580277931144
30 167 0.0228649691868335
30 168 0.213259391671824
30 170 0.0633991832723126
30 173 0.00877235771437305
30 176 0.297972435385017
30 207 0.0809936491848842
30 256 0.148434037197555
30 262 0.00306188292203012
30 284 0.0211496580137697
30 300 0.0679928950034753
30 322 0.290622851674354
30 333 0.0607322020288485
30 341 0.00490017642281902
30 375 0.18915065418818
30 388 0.0206729098631246
30 454 0.154209314989521
30 496 0.00246979993443098
31 3 0.106351339466004
31 16 0.224173460967857
31 29 0.0409763204561776
31 38 0.0258714026312389
31 40 0.0155979434150511
31 41 0.072497443809576
31 55 0.283108053118777
31 61 0.243619952202804
31 79 0.0527388896204773
31 83 0.277295798300625
31 124 0.0530734389063831
31 127 0.0621020429101749
31 130 0.00793182031670125
31 138 0.217369465699132
31 185 0.0385389304761226
31 219 0.0191465728050463
31 242 0.0291733310322969
31 263 0.0396170895495559
31 267 0.0736511270979729
31 268 0.00591424037581985
31 294 0.17245053453922
31 300 0.0896796759356039
31 315 0.36170964675464
31 340 0.0554776349739676
31 342 0.130695317248343
31 356 0.0593065793341996
31 362 0.0621833338587506
31 373 0.0470680740748598
31 393 0.0360033036592727
31 404 0.107657861017013
31 408 0.104567114829884
31 425 0.529293590049119
31 434 0.0453709497126581
31 441 0.164610304436797
31 465 0.409207372610626
31 474 0.0128395619852081
31 488 0.106760093723463
31 494 0.0476532993359491
32 8 0.00605229401502061
32 17 0.0246436249082512
32 35 0.0856566756078652
32 49 0.0468168588173477
32 52 0.0518013912223172
32 53 0.00716963797654458
32 94 0.00626584031233426
32 110 0.0650874470471487
32 142 0.0104944174879605
32 158 0.0396531744830947
32 188 0.126715235084932
32 215 0.0083789075928903
32 228 0.020508060610784
32 229 0.202467041320982
32 232 0.0014082883681714
32 253 0.00211204757350557
32 264 0.0674878166240126
32 265 0.211624899050599
32 278 0.0758124611433974
32 284 0.0951596413791839
32 317 0.0163668976381804
32 344 0.18105977382355
32 384 0.0691010126886076
32 387 0.00766571387106976
32 401 0.0368753992546428
32 402 0.0973641133291301
32 403 0.0206106699642074
32 437 0.255059458698326
32 448 0.0402422708595394
32 449 0.0116712369410397
32 463 0.0734559640399879
32 494 0.00149360783887781
33 17 0.0906563659790901
33 19 0.131151278297155
33 42 0.10155346565574
33 47 0.0742674834546142
33 51 0.344508789918864
33 82 0.0639701645353382
33 97 0.0158941658529717
33 128 0.114486189426304
33 134 0.0818370180328469
33 145 0.022227252280804
33 158 0.140530421400006
33 178 0.0256667253733674
33 184 0.637552048522022
33 186 0.0867967745424355
33 199 0.00982564400251745
33 222 0.064983522523794
33 231 0.0332388480287603
33 251 0.181565359088085
33 265 0.0443088427626853
33 266 0.0162438275443092
33 318 0.0487683564259312
33 323 0.079841725743897
33 336 0.0979634515249642
33 349 0.125879991264435
33 362 0.453911884626329
33 371 0.0609801687011288
33 396 0.118459247025142
33 399 0.0703142321367429
33 417 0.337747267298834
33 433 0.0498003240000512
33 446 0.141912926757178
33 463 0.0682455867410732
33 472 0.25584313712651
33 481 0.0687049699689355
33 489 0.169054199641857
33 495 0.0688299361111318
34 11 0.0821850078563077
34 36 0.0397520959434877
34 42 0.0137049403102714
34 48 0.221932762241184
34 60 0.0315204274260564
34 81 0.030204088137857
34 92 0.175329364988774
34 105 0.00865168799603125
34 122 0.00320970311941606
34 143 0.0820912146275179
34 155 0.0484149697919786
34 157 0.778082324536596
34 158 0.0268588274531186
34 163 0.157884731879061
34 170 0.00388883723024503
34 208 0.0443220886812622
34 259 0.051442133695645
34 278 0.0691060315452785
34 284 0.03548867692905
34 292 0.0822875320957616
34 302 0.11494733894211
34 335 0.140052616231515
34 398 0.134614743542974
34 416 0.193408826335253
34 434 0.0501081086143054
34 463 0.121514549676007
34 477 0.140261654386863
34 482 0.00342413143503247
34 494 0.0103190584154381
35 14 0.489357871411952
35 21 0.148956633645733
35 24 0.265558489325992
35 27 0.034569476745447
35 32 0.0856566756078652
35 65 0.0295452365239727
35 86 0.131905537811992
35 101 0.222000825969427
35 110 0.290083653761101
35 120 0.511522634191114
35 137 0.0334036306400073
35 157 0.0416479213404606
35 170 0.0356997164481979
35 176 0.0601865774341789
35 208 0.0130141996866496
35 214 0.0709816537007092
35 252 0.476755154279344
35 282 0.00537814340575615
35 292 0.0244325237403517
35 344 0.0201549863628628
35 347 0.0267151930364952
35 351 0.0211879669077027
35 356 0.282251203461232
35 361 0.0573373216706149
35 362 0.141681255102998
35 367 0.0598179913044788
35 433 0.0792456314055826
35 440 0.0362224953390155
35 443 0.285307379568224
35 463 0.111913665656663
36 28 0.0501949600694966
36 34 0.0397520959434877
36 37 0.00604710352661682
36 42 0.254650028999999
36 97 0.0948449533147506
36 111 0.0855340068906675
36 122 0.00787241516836585
36 135 0.0113953931152835
36 136 0.0432282499101019
36 137 0.121058953414972
36 166 0.0152966659843383
36 189 0.0176593490617311
36 191 0.176721795674039
36 195 0.230181736075984
36 204 0.0694105384702064
36 220 0.145237422566501
36 229 0.14138596569847
36 231 0.078704627789357
36 278 0.011205353749511
36 330 0.218155574531392
36 376 0.231306607073207
36 385 0.015647878411121
36 405 0.109938298269689
36 406 0.0472612563254926
36 425 0.0789341765878667
36 446 0.041583234986847
36 481 0.0813158618142735
37 2 0.0497032326060246
37 10 0.0285058351801506
37 16 0.0595479600193244
37 18 0.118203411317224
37 36 0.00604710352661682
37 40 0.233953794198511
37 49 0.0958799087040304
37 51 0.371388152042402
37 52 0.0530020200176483
37 73 0.21151575315027
37 74 0.044818442097665
37 141 0.0152223433702262
37 153 0.152488605933886
37 170 0.506111016226623
37 171 0.0967494998405482
37 173 0.0213806889181729
37 175 0.0560933345467115
37 218 0.0473527787055077
37 231 0.137930926690074
37 249 0.00380405103932975
37 265 0.213170884464495
37 270 0.423703482021467
37 285 0.105501970929934
37 295 0.0345483163538483
37 322 0.0132238733253864
37 328 0.0111463907031617
37 331 0.0127353132711561
37 344 0.16437184336101
37 346 0.250870068887656
37 351 0.0902300311880348
37 356 0.00832408026225586
37 362 0.128036633578253
37 377 0.342033129838584
37 396 0.617519449062589
37 416 0.023155903796152
37 425 0.111709657303758
37 436 0.0538675072408141
37 442 0.194097975294135
37 453 0.430706441949053
37 461 0.1827613700099
37 463 0.0564744986136356
37 472 0.0198294615931939
37 477 0.217084629622595
37 491 0.0290107582070513
37 493 0.000969788558591504
38 31 0.0258714026312389
38 44 0.134683979520577
38 45 0.0370617620616362
38 46 0.024620259339807
38 47 0.0410241098720721
38 51 0.026394560511945
38 70 0.00129735105507349
38 83 0.095014143755396
38 87 0.0285744081215023
38 108 0.119921828076469
38 118 0.00453164076136362
38 121 0.00759227521070282
38 127 0.0638961595034446
38 139 0.157490717538969
38 174 0.118155526494271
38 187 0.219116474420556
38 190 0.00439657871478475
38 199 0.0687576476245882
38 201 0.0136453631341342
38 207 0.00963845972555385
38 256 0.0405640157718543
38 262 0.264022940283806
38 269 0.00523901630887862
38 275 0.214936928276684
38 304 0.169985366960881
38 333 0.032612111133056
38 376 0.332669167566556
38 378 0.0975312476244619
38 395 0.0122773620480895
38 401 0.00153734943270027
38 429 0.0543609911025096
38 467 0.297203991702608
38 476 0.0681685938696057
39 58 0.244794753080474
39 66 0.0220398148186133
39 78 0.253179796053349
39 82 0.345001378988926
39 91 0.0627266042435214
39 93 0.0235201841193567
39 113 0.0190944952936266
39 116 0.00198657322990935
39 144 0.169817517010558
39 154 0.00954396156058027
39 162 0.268698765780311
39 182 0.137771272933765
39 192 0.143232234301305
39 210 0.0145235530961659
39 213 0.162357699685226
39 216 0.010911554099193
39 225 0.0652747437923703
39 227 0.0937989124748417
39 229 0.0161099290862508
39 230 0.10528712980779
39 232 0.0590881423874257
39 234 0.176642226976792
39 259 0.0216228328895021
39 310 0.155519023980472
39 348 0.122668127512917
39 363 0.0200593766501044
39 377 0.110479094393735
39 386 0.0867325130201459
39 397 0.217479054356604
39 400 0.0884439910948349
39 413 0.105803713275892
39 438 0.104762244226891
39 451 0.000639235835359097
39 453 0.0812412672445908
39 456 0.0684394701886748
39 499 0.0596735359890075
40 16 0.0101313414549015
40 17 0.0871918709175537
40 31 0.0155979434150511
40 37 0.233953794198511
40 81 0.0139373266593637
40 87 0.0288374272193835
40 98 0.0141206172505077
40 124 0.119006079862756
40 130 0.0847922553616573
40 131 0.0455979694960697
40 154 0.0676478866510531
40 176 0.0402547696703793
40 208 0.0200847845241381
40 220 0.102285655862285
40 224 0.0393688760172618
40 226 0.217690715825661
40 228 0.0716584793885809
40 250 0.30704826494856
40 264 0.197604356593571
40 291 0.0275874379207783
40 295 0.01308693214014
40 296 0.25047683107755
40 323 0.0270013401460387
40 338 0.0288760243131552
40 350 0.0639525744456338
40 354 0.0347260801681804
40 387 0.139796915137799
40 398 0.00272170796907434
40 399 0.0921256635940022
40 406 0.059642939686568
40 420 0.039259451151773
40 422 0.0527050414667212
40 425 0.0313237647535628
40 443 0.123244874059812
40 466 0.0895111110033893
40 469 0.109317771114805
40 470 0.116954236666898
40 472 0.0280679091167516
40 474 0.122756956351514
40 489 0.0320095832725357
40 491 0.0727054500584104
40 495 0.0477817156141415
41 14 0.0259565181553713
41 15 0.0570152679666952
41 16 0.0890200201607894
41 29 0.192628424376378
41 31 0.072497443809576
41 42 0.0453488317252959
41 51 0.0322468417755862
41 55 0.221761011059021
41 60 0.0490795112817662
41 67 0.166078871803422
41 80 0.0144255611522366
41 103 0.0607783475735449
41 118 0.0727903866164969
41 125 0.046351045360935
41 129 0.0322677556004787
41 156 0.0412910852963931
41 160 0.305178676259618
41 190 0.248424467444728
41 200 0.282269166013586
41 234 0.104251549811617
41 296 0.0103901114697353
41 302 0.0569304705397211
41 308 0.0185799758435216
41 385 0.0207388007858764
41 389 0.0252218907781716
41 413 0.109927065536065
41 428 0.259279629521735
41 433 0.0299261266264137
41 458 0.021026183767135
41 474 0.0306769655638939
41 493 0.134982062539612
41 496 0.0896837629420881
42 4 0.0493152446079483
42 33 0.10155346565574
42 34 0.0137049403102714
42 36 0.254650028999999
42 41 0.0453488317252959
42 44 0.392105679406012
42 48 0.0745395112236437
42 52 0.147931644753305
42 66 0.0444839167493464
42 76 0.0466113082072881
42 96 0.0126514956110396
42 101 0.0528810688453228
42 141 0.383148183638697
42 154 0.339993922087443
42 160 0.0488236746283046
42 162 0.0492862382437792
42 169 0.0553152708626391
42 176 0.0366014410962358
42 179 0.00100145384140089
42 196 0.13516537240553
42 203 0.126756605280574
42 215 0.0109871440679611
42 357 0.130926721476206
42 366 0.353358087727211
42 385 0.0694165785858278
42 411 0.0197412500614707
42 415 0.0795669958197071
42 442 0.279521323411011
42 465 0.0353839803138193
42 468 0.1112246041848
43 3 0.0105720001416468
43 8 0.0177046751177969
43 14 0.214710366634082
43 22 0.0521895896099786
43 24 0.018996649880297
43 25 0.304098980940027
43 26 0.0592397880348008
43 47 0.118933997256016
43 74 0.0960815956994207
43 87 0.0287648290303449
43 90 0.135761306458614
43 97 0.0189874099016562
43 112 0.048695342361308
43 148 0.05166590429535
43 154 0.0498451418813021
43 189 0.0462805094541694
43 233 0.00706936738769814
43 250 0.0970310743475648
43 268 0.219049942523008
43 278 0.0176594667637236
43 291 0.0408116008960536
43 317 0.146431336453506
43 321 0.0398684172482892
43 337 0.0134363229211128
43 349 0.0609227869768957
43 377 0.108576871303215
43 382 0.0982224583416179
43 392 0.196727359371603
43 396 0.188393930972459
43 408 0.176913958138444
43 423 0.0553311224172508
43 425 0.268482917715064
43 436 0.271322428257548
43 443 0.0427691556847706
43 451 0.504737433043081
43 491 0.142730295287516
44 20 0.0133537372406243
44 27 0.166239110260778
44 38 0.134683979520577
44 42 0.392105679406012
44 105 0.0824544831051986
44 108 0.00645656636325511
44 115 0.171835532327411
44 162 0.0799336793862586
44 191 0.0627977478659771
44 196 0.132948633416901
44 203 0.0287826282189655
44 218 0.00597837517401654
44 223 0.0576732992512979
44 233 0.278211508639196
44 297 0.0792884072726775
44 298 0.235581370241341
44 361 0.364516101614298
44 373 0.112006546048064
44 418 0.011360200169975
44 421 0.0530769952249244
44 451 0.200875337493011
44 486 0.190788071465283
44 493 0.255318286441489
44 498 0.0455148832240658
45 1 0.00290500108865645
45 38 0.0370617620616362
45 55 0.00642711120264018
45 75 0.0479554244428986
45 76 0.0456797077201469
45 79 0.0405884699889852
45 84 0.0960346611230857
45 115 0.13908308163203
45 128 0.0404272658406839
45 130 0.0933337717415324
45 132 0.0508103291178403
45 140 0.127727807368352
45 143 0.111964599248955
45 154 0.070713462203103
45 167 0.017866482406707
45 188 0.00667169490560811
45 196 0.0551897876837787
45 202 0.112536744788223
45 210 0.0882718990241815
45 218 0.0425872069820192
45 221 0.0930737543243808
45 238 0.251722533976989
45 269 0.165254093875821
45 306 0.00711474290230396
45 324 0.0760415373863372
45 334 0.0165247638287112
45 362 0.0516664918336309
45 381 0.0979453921843155
45 385 0.00593966136367998
45 402 0.123693093768886
45 448 0.00729937826897039
45 450 0.166997486373349
45 455 0.150894562342007
45 471 0.063292822521324
45 493 0.158291390338903
