0 5 0.0413234457222557
0 23 0.0267318459519097
0 66 0.032447582140227
0 68 0.102099381804143
0 97 0.0655970228950838
0 99 0.0287336269533136
0 102 0.211155236177417
0 174 0.081192725582384
0 180 0.204567160158522
0 190 0.0373676416761495
0 220 0.129739638249242
0 230 0.0374873997288454
0 249 0.0272131122649363
0 385 0.033380770728642
0 407 0.0208472760887905
0 410 0.261279409535003
0 427 0.0680606317008335
0 456 0.0491092813657991
0 471 0.013249611132655
0 511 0.021370718907432
0 517 0.126728776958691
0 520 0.336374549514842
0 694 0.0973665068085687
0 697 0.0400033115750798
0 705 0.157078671688187
0 797 0.136252074397427
0 861 0.139724750342044
0 911 0.00187458767132442
0 945 0.0208910128242785
0 966 0.00872137705652086
0 987 0.266790349825818
0 989 0.00559417097643562
0 992 0.118539059896921
0 993 0.0892982030752623
1 16 0.0138978960091781
1 19 0.0617550299994933
1 43 0.0034759416781729
1 55 0.103482737341441
1 127 0.0597422619225608
1 152 0.0544953719119737
1 153 0.257362312807751
1 203 0.0177917436029533
1 221 0.216671378055245
1 287 0.172949640901587
1 313 0.206485074136731
1 326 0.0739396347943128
1 375 0.0452118066047682
1 384 0.0183714309315932
1 425 0.122637765177985
1 434 0.0540904954386944
1 496 0.0481108648719994
1 498 0.00337396409434084
1 540 0.152672508894471
1 641 0.00470975587235287
1 697 0.0925180302444552
1 724 0.0516389847866743
1 735 0.138279464092034
1 746 0.0471218478014725
1 766 0.0211355130272123
1 784 0.00261914430536751
1 812 0.0288424431215791
1 813 0.114472134172543
1 844 0.0299843536653846
1 945 0.342591092624575
1 947 0.121666299689881
1 975 0.0318506009759483
1 985 0.00729027708810184
1 988 0.118114241904414
1 992 0.0725281231034901
1 993 0.0171973303312598
1 994 0.0846163362765554
2 11 0.0364166139855585
2 17 0.00448419655802256
2 72 0.353195747680865
2 94 0.00323350967089262
2 112 0.0204091079451687
2 151 0.221751976323714
2 236 0.00550561365175171
2 271 0.00475669273062075
2 293 0.0322344273599886
2 344 0.033067989195674
2 350 0.033416395695416
2 389 0.185115365119324
2 390 0.0352894569936441
2 413 0.250178068827993
2 485 0.11298385079806
2 529 0.00613030478119791
2 546 0.0438185075914527
2 731 0.143558469915806
2 739 0.458264293547655
2 741 0.0160965093276954
2 746 0.200360336167232
2 766 0.00158999043393774
2 776 0.00263844715130295
2 784 0.19614399675907
2 793 0.0749806629760244
2 852 0.0469617216832555
2 911 0.000329908044238158
2 996 0.0517156261841442
3 13 0.135137674563208
3 19 0.0202222969500469
3 67 0.0845113263258739
3 78 8.89905348476827e-06
3 87 0.0244007277970472
3 101 0.0726604831756918
3 116 0.0245812135451634
3 124 0.191785062529771
3 127 0.0524331057950782
3 139 0.022268352729052
3 278 0.166004229668704
3 327 0.0136636418535786
3 334 0.11347258726395
3 383 0.0531424248520519
3 404 0.244950352049537
3 419 0.0241098619719773
3 445 0.0147873126871777
3 457 0.108824005900732
3 477 0.157065027193147
3 491 0.0482762801061669
3 521 0.0372768746624311
3 524 0.117046823671494
3 544 0.0486515573395789
3 607 0.16875307132957
3 666 0.0786381310731478
3 712 0.145351165913061
3 748 0.00332268374293193
3 797 0.0272651066261402
3 831 0.16665413244997
3 912 0.012351253191168
3 930 0.268359711135187
3 953 0.0668245907095096
3 981 0.0216060628746155
3 993 0.151914359820069
4 36 0.13989119458679
4 73 0.0467054247306542
4 88 0.0268396216746155
4 92 0.0270357103256422
4 98 0.155498076560218
4 118 0.0468876297122138
4 124 0.0512664590704767
4 146 0.146987730380231
4 233 0.071242499706967
4 285 0.194811920330245
4 293 0.121482668814504
4 311 0.013028566258677
4 346 0.015696288977257
4 348 0.00264898946060076
4 368 0.0856701532009291
4 374 0.174137449577721
4 402 0.0721905836292752
4 489 0.0503416715376704
4 509 0.0753106434511429
4 541 0.0089499883550238
4 557 0.0324486039873533
4 567 0.223906452968842
4 577 0.0206991324565099
4 581 0.0418361227852031
4 605 0.200242567505532
4 629 0.12052998081883
4 653 0.0654477960649097
4 675 0.093193016052715
4 735 0.0873582354999899
4 787 0.0957421052554085
4 812 0.288031342448962
4 875 0.273999646484197
4 885 0.0661535943571308
4 900 0.205288397684238
4 956 0.00902374638308356
4 991 0.083049581999488
4 992 0.0166664368532515
4 995 0.0168339792779408
5 0 0.0413234457222557
5 6 0.036152417114417
5 19 0.0839879158105807
5 23 0.0103037266825431
5 56 0.069590836178128
5 77 0.261358483535263
5 91 0.000936712697839607
5 116 0.137370836300957
5 121 0.0419977116303355
5 131 0.325479111998663
5 150 0.0667775036418588
5 193 0.091519282147754
5 256 0.00235522233165945
5 263 0.0632731633163306
5 276 0.00596314868816644
5 290 0.160014954059894
5 411 0.128034649118415
5 455 0.000712422469781679
5 467 0.00589291392221689
5 468 0.149838931296987
5 470 0.0281448410763179
5 516 0.117828186134838
5 533 0.158742858732354
5 550 0.036601711166278
5 605 0.0933461531846851
5 678 0.247160970558823
5 721 0.172579693277668
5 736 0.00171899335571552
5 756 0.103963597093829
5 759 0.11819742272599
5 763 0.0508820217225303
5 800 0.0481815576183285
5 802 0.0792644293960461
5 833 0.246815739135599
5 844 0.149340296673992
5 863 0.143391006286368
5 947 0.208304948042279
5 956 0.0154624813950493
5 989 0.020924568721889
5 999 0.0325222491212505
6 5 0.036152417114417
6 17 0.0522059507531038
6 18 0.0571025048883479
6 32 0.0720684627165473
6 39 0.418457297463788
6 74 0.0117793836902312
6 91 0.0307365816501459
6 96 0.0783730911260171
6 105 0.15273836648212
6 168 0.00772220478801356
6 189 0.127794897752122
6 214 0.0122249113361011
6 228 0.0600337567057341
6 241 0.157690252916849
6 244 0.0588147498263916
6 370 0.0327579828725554
6 382 0.0145268107841514
6 394 0.0583045651426208
6 426 0.109109261293286
6 498 0.0135276755671329
6 504 0.0361429054059391
6 575 0.0682196647719801
6 625 0.073628866045277
6 630 0.135607961754054
6 651 0.0918420477924549
6 694 0.0408426098862131
6 802 0.0932341130363824
6 839 0.134977457898866
6 925 0.0306607881575566
6 951 0.0462441971439325
6 954 0.0661337978775876
7 16 0.199945213292802
7 22 0.172232770526085
7 23 0.0544620368647456
7 25 0.0249537700020457
7 37 0.0308443791269744
7 62 0.146578548735692
7 64 0.0137103366793271
7 172 0.080419850374031
7 180 0.00650965188642934
7 210 0.0675019354653216
7 216 0.0507374939659866
7 219 0.0160499592873005
7 225 0.206923829804084
7 235 0.0133543221907222
7 240 0.0923806660150463
7 343 0.122439131663257
7 361 0.163671143734154
7 406 0.0835009641732155
7 411 0.0242871901582997
7 414 0.101408894563252
7 428 0.0329407978698376
7 461 0.171618149805988
7 477 0.00905286240839775
7 536 0.0369410667347537
7 635 0.0171351398360374
7 673 0.170022871090099
7 759 0.109268322982905
7 769 0.0974089629548864
7 784 0.0454520792832637
7 785 0.0857902125920365
7 793 0.00198369127749822
7 800 0.0189112226803055
7 821 0.0309136323759616
7 829 0.016438526433648
7 833 0.171167745082538
7 834 0.0433531410627207
7 843 0.061363661786964
7 846 0.260507524660147
7 870 0.225604688880674
7 910 0.112261288079957
7 923 0.0348043216152338
7 931 0.160695512500977
7 975 0.00570254660755388
7 994 0.0171492056995113
8 9 0.211492819911879
8 59 0.0171160860960485
8 65 0.00271149681804492
8 141 0.152048267994335
8 225 0.135483147081717
8 244 0.14376012678947
8 304 0.0932079953278428
8 354 0.0341665780536542
8 359 0.0415609936282413
8 361 0.0233725661648538
8 454 0.0286297561919438
8 457 0.0392085401752048
8 485 0.0235086708643422
8 503 0.134031770548366
8 504 0.0298887989814659
8 517 0.001276662783978
8 555 0.0220741703777412
8 558 0.00124515142785418
8 591 0.0107917060082414
8 616 0.0071029894620311
8 666 0.0501853243595247
8 800 0.0781995228347266
8 801 0.10254199951977
8 819 0.389842805959678
8 869 0.00732516670554984
8 892 0.127772038804319
8 976 0.0443798828714034
8 997 0.0767937024568797
9 8 0.211492819911879
9 22 0.0027162941231204
9 26 0.110330495687348
9 28 0.244002212545766
9 45 0.018381718875353
9 55 0.0754800398100706
9 64 0.0590239415110193
9 107 0.0069438649718165
9 108 0.0932695707291202
9 187 0.0345898119034573
9 192 0.0281865211969961
9 205 0.0553613162247272
9 223 0.335944605779182
9 230 0.0896991893849283
9 235 0.256132432008196
9 274 0.0303361237018351
9 280 0.0777297386162989
9 296 0.100882459422076
9 305 0.107717270063848
9 307 0.00496858824683552
9 365 0.0200651417618802
9 404 0.114200707882809
9 469 0.0226704657526643
9 488 0.00576574247192569
9 504 0.0618052762342145
9 520 0.049300574276033
9 593 0.0249014968121483
9 635 0.0914288864901362
9 653 0.0820298298277636
9 670 0.000476106999995341
9 699 0.00982670869748564
9 742 0.0615327969514758
9 743 0.20798456805868
9 770 0.115102519253949
9 840 0.136263621963152
9 856 0.0216644364384822
9 877 0.0298376443987257
9 897 0.193807789897354
9 912 0.0200476693610583
9 952 0.117725218106214
9 991 0.041259531519323
9 996 0.0462099492790607
9 997 0.0666828938879786
9 998 0.0466325116207077
10 21 0.0576181665834684
10 24 0.0630485145966378
10 26 0.0538331544495525
10 57 0.201259423259468
10 89 0.214333275682548
10 177 0.0887325702116381
10 242 0.0512742461922124
10 294 0.012590597347212
10 327 0.243349186667495
10 390 0.0223917756052126
10 392 0.0911490297734559
10 418 0.0428356359701829
10 428 0.153443294695478
10 533 0.0831043631320761
10 536 0.160179113186365
10 543 0.0251092955842243
10 544 0.00229664418220893
10 580 0.0303285609808271
10 698 0.00791793897885727
10 734 0.0111476390074718
10 773 0.0537297543132246
10 803 0.112648634437841
10 821 0.0885807438993674
10 849 0.0725730802240157
10 876 0.0335299150363095
10 877 0.0352490026209864
10 889 0.231362315265261
10 926 0.125250394540812
10 931 0.120826531102569
10 964 0.0801000038389933
11 2 0.0364166139855585
11 18 0.109010082980601
11 23 0.0055534856362617
11 55 0.00252583370513079
11 63 0.156300343622933
11 80 0.197009215470353
11 103 0.141824532715719
11 107 0.063206131333202
11 149 0.123402901597322
11 158 0.0635084389644207
11 184 0.161547697420734
11 217 0.0790645488376781
11 240 0.0697638733826055
11 242 0.0527055465405757
11 247 0.259924185384362
11 270 0.0448786659722747
11 338 0.271510534431637
11 368 0.0383750428886921
11 418 0.012132154707467
11 459 0.0355454999380321
11 461 0.17254416393076
11 463 0.210111706117372
11 473 0.203039936937558
11 501 0.34835446386732
11 512 0.0486184505010574
11 543 0.382537992978993
11 588 0.011140694036034
11 589 0.0536470279328494
11 591 0.029209364823637
11 602 0.0762584990634905
11 623 0.22938501871997
11 656 0.0443671032859013
11 670 0.00414315491242255
11 799 0.143638091891205
11 811 0.00472058536910841
11 830 0.0789943743163676
11 831 0.0461008910615957
11 897 0.116171825440753
11 916 0.146293151639917
11 927 0.0664437539803119
11 992 0.00558584420689933
11 999 0.00967380389970627
12 13 0.0445446399290501
12 26 0.139131464564687
12 27 0.110529865461533
12 63 0.0382890661791084
12 74 0.046564840461601
12 126 0.0553644952803131
12 146 0.0258693229388863
12 151 0.156168106955635
12 251 0.0956062243510312
12 345 0.080917565838963
12 349 0.106532470689224
12 382 0.0761609430715606
12 425 0.0154778147031781
12 457 0.0264145377846428
12 480 0.00280092247033347
12 565 0.127127789359924
12 584 0.0146535259570918
12 612 0.311442808563989
12 650 0.102607386362629
12 661 0.0398362610743139
12 708 0.0247936545064873
12 726 0.0564804062519423
12 867 0.0486294990238628
12 870 0.00322906239367082
12 899 0.0351531896653009
12 980 0.0517064936421484
13 3 0.135137674563208
13 12 0.0445446399290501
13 125 0.0370714265492071
13 176 0.0106373022071425
13 210 0.0434713558513713
13 216 0.0837139957342321
13 252 0.00223353159380731
13 327 0.129611126609669
13 366 0.0175831740568028
13 369 0.0367001040558792
13 372 0.0822718420693689
13 436 0.00406872052021856
13 469 0.0278133344479652
13 475 0.150913236001654
13 547 0.117525283319565
13 565 0.11221976233849
13 568 0.116064634338133
13 575 0.046404826378653
13 581 0.324828621393624
13 660 0.137076774036918
13 701 0.0458351663179384
13 711 0.0524639147916116
13 757 0.0815716023266026
13 786 0.28931649220234
13 829 0.0510402157175632
13 872 0.00187956210478559
13 909 0.0280256193920518
14 23 0.00151583082525904
14 35 0.18935843466053
14 63 0.0370279031293951
14 110 0.156066047177403
14 111 0.232323864098113
14 162 0.0647420147262951
14 205 0.011949534386893
14 246 0.239089932114937
14 271 0.0379978293700955
14 276 0.0932682410267257
14 284 0.103928064564876
14 366 0.0324844452069906
14 395 0.0902733254394072
14 404 0.0673871939963928
14 408 0.140455514651108
14 434 0.000274066377166265
14 464 0.0171189392697138
14 465 0.0726174567098112
14 477 0.0377483560470153
14 493 0.0946935953285621
14 499 0.00239065600554496
14 502 0.150423037638737
14 516 0.0179325524735338
14 517 0.0280062787877082
14 533 0.0486668463270516
14 559 0.0483693082302786
14 581 0.00191649115344688
14 609 0.0622594190954649
14 628 0.044824397422294
14 637 0.00623543061351381
14 708 0.0883859238020165
14 778 0.00674659516443831
14 908 0.130272381804582
14 927 0.0294441607370112
14 942 0.0323671990353995
14 948 0.00924452955694907
14 967 0.170932041590987
14 971 0.278810559247479
14 987 0.0276954620433274
15 26 0.13212294487602
15 62 0.0547464511288503
15 72 0.0180522222357071
15 102 0.0227702026569805
15 127 0.0255941114044944
15 147 0.00314125666715292
15 164 0.116327859710871
15 170 0.00674933443604435
15 206 0.00156621004837434
15 211 0.0706259836414166
15 276 0.0283925573511038
15 280 0.111159726415769
15 281 0.0191843518682862
15 296 0.124703020952955
15 374 0.182999622052645
15 413 0.0341199740734777
15 477 0.0287496745871316
15 483 0.0455571936130315
15 533 0.275094386337818
15 558 0.181081813361563
15 560 0.131877481201622
15 624 0.0336705782440856
15 720 0.0253103335777393
15 737 0.00852302213992875
15 843 0.0360029438222539
15 878 0.0049321239658348
15 886 0.0311005765309128
15 893 0.0181448036640514
15 911 0.434337906297902
15 923 0.0664557255426818
15 933 0.0203044282565363
16 1 0.0138978960091781
16 7 0.199945213292802
16 18 0.00452271372400471
16 28 0.102075150789694
16 127 0.110675113882865
16 153 0.00583022831077425
16 176 0.0782899474178652
16 213 0.0765138556513672
16 271 0.0130382906393775
16 298 0.0918674091680339
16 336 0.351103020111491
16 437 0.11181840055013
16 443 0.0483535803327732
16 462 0.0167082046188187
16 501 0.0481507089517515
16 549 0.0934295902030774
16 586 0.16701495031711
16 640 0.173405071245419
16 709 0.0300774252631934
16 742 0.0639335731136121
16 746 0.0941962113125329
16 771 0.268948005386196
16 786 0.0404145073016029
16 843 0.0199174640057641
16 928 0.176877805508331
16 946 0.296204906848322
17 2 0.00448419655802256
17 6 0.0522059507531038
17 18 0.0383357346854613
17 35 0.181640027987382
17 51 0.0312140253287136
17 59 0.0188490528520289
17 86 0.0385759190955784
17 92 0.115610264614042
17 140 0.00220528322577
17 142 0.122564999272357
17 267 0.00172697612711265
17 357 0.105187635943684
17 361 0.0168948103458466
17 385 0.100317170972656
17 397 0.0811132688509998
17 441 0.0330561563499059
17 445 0.0572419604329729
17 453 0.000912459865292115
17 462 0.0274678460287174
17 468 0.0699932213140593
17 480 0.0412386709263514
17 491 0.00181737184383833
17 532 0.00603204350875882
17 541 0.0290577856230883
17 542 0.0838602935036088
17 594 0.0362851239814158
17 629 0.131976287135987
17 631 0.110171990346661
17 670 0.0835088095683438
17 690 0.0572161976161573
17 695 0.205136028301148
17 739 0.0114388704106725
17 793 0.0260362132466238
17 794 0.0170057359825808
17 830 0.361807352395511
17 832 0.105895219630484
17 836 0.0288740833206259
17 846 0.00656493757313299
17 853 0.224225673141285
17 877 0.00634264136827
17 896 0.108849552941509
17 906 0.00173197597057406
17 912 0.103507420924814
17 935 0.00771685079144837
17 957 0.299141307404087
17 969 0.047948638112542
17 987 0.553996160236469
17 993 0.136069236924283
17 999 0.0207278013067793
18 6 0.0571025048883479
18 11 0.109010082980601
18 16 0.00452271372400471
18 17 0.0383357346854613
18 33 0.13866436439877
18 34 0.170447181171379
18 45 0.0291121758588848
18 66 0.118298249070089
18 160 0.0672852743673202
18 181 0.0467797635289766
18 298 0.103757407542517
18 357 0.0425067982658614
18 358 0.15080850144765
18 366 0.159086571253704
18 393 0.0490695040429869
18 462 0.151346515892845
18 463 0.0312756194393495
18 566 0.0428518145606112
18 576 0.169525627308761
18 632 0.032454297827237
18 648 0.00445845630419276
18 670 0.020777707288916
18 674 0.150913853145412
18 682 0.257760533338095
18 722 0.0515077858830845
18 728 0.0827910195269088
18 772 0.0612627903836179
18 786 0.112359733662919
18 793 0.211068712846294
18 803 0.0296249305573321
18 811 0.0358124778509637
18 826 0.00720129567243357
18 833 0.056916340537922
18 847 0.22813792623234
18 885 0.698837220179924
18 891 0.0411530315840812
18 906 0.247943522259479
18 923 0.153302622171757
18 939 0.112143672972389
18 996 0.015382410292201
19 1 0.0617550299994933
19 3 0.0202222969500469
19 5 0.0839879158105807
19 23 0.122868052263181
19 25 0.0942438090523803
19 31 0.0922553178599217
19 33 0.106550776718939
19 40 0.00481034613819538
19 42 0.0871975798091221
19 62 0.0383552613669216
19 71 0.0060750510539325
19 113 0.0242030884005947
19 138 0.0585014657350337
19 147 0.109124055257952
19 198 0.0755517600187302
19 207 0.231989965903314
19 224 0.141691386675891
19 237 0.0168296516178523
19 265 0.0936565807249772
19 290 0.346735132232524
19 299 0.0111536933726244
19 313 0.103151435497693
19 397 0.00287282768355426
19 401 0.0240270551617029
19 459 0.133365483581163
19 482 0.11244743515938
19 543 0.378454648810029
19 608 0.0893870837772541
19 761 0.0607273997673826
19 780 0.059096667102249
19 833 0.0595316968945006
19 836 0.0442844083325833
19 914 0.00144365932158977
19 930 0.0219437975886926
19 950 0.0492017814226963
19 981 0.332818779692251
19 992 0.250822273322725
19 994 0.0476448824956323
20 36 0.0255295557620654
20 41 0.137909848405588
20 75 0.0849360499658446
20 77 0.147357301939377
20 121 0.0640767643454813
20 139 0.0529130795047162
20 187 0.152830167976313
20 434 0.01470482600626
20 537 0.000518681993820107
20 588 0.184164128584131
20 605 0.0319033047347892
20 607 0.0641124009395099
20 617 0.166894281539885
20 646 0.0701820914546368
20 662 0.11523404527492
20 677 0.0613798928850083
20 682 0.0147814920854968
20 717 0.000199459210975655
20 779 0.177735497297794
20 835 0.0642035031805138
20 866 0.0146302298087192
20 867 0.00358876174239229
20 947 0.207331759646642
21 10 0.0576181665834684
21 31 0.0327632718288049
21 39 0.045789127356902
21 43 0.0319903157125366
21 67 0.18776968185731
21 86 0.402220499510072
21 110 0.360710978149237
21 142 0.364750570709786
21 199 0.0290059470137852
21 218 0.224071334330055
21 295 0.074459868659172
21 297 0.0634445958572365
21 355 0.0525874512474392
21 494 0.0934760779940478
21 530 0.113330447259173
21 558 0.168597570923969
21 559 0.106950372143188
21 569 0.136216356244563
21 574 0.206491548148004
21 595 0.025440982682455
21 602 0.1228251552244
21 616 0.0102357512904888
21 646 0.25852019778899
21 649 0.00206247698883151
21 722 0.367828519394742
21 744 0.0519499382779332
21 746 0.0307568713244414
21 818 0.0196042626511988
21 839 0.00280413111373793
21 941 0.0023700903118408
21 961 0.0834107471178267
21 965 0.122506231697899
22 7 0.172232770526085
22 9 0.0027162941231204
22 23 0.0713842969897043
22 24 0.00440548465410186
22 34 0.0494510972000017
22 37 0.0153981414064119
22 98 0.0936128524272247
22 150 0.0978192993218193
22 174 0.24386266027331
22 226 0.0670045554740609
22 313 0.0123738807832633
22 363 0.0428859838870765
22 369 0.0882053590045457
22 451 0.00181874307550554
22 495 0.0573306813637695
22 499 0.0688640919896373
22 521 0.249228601885765
22 526 0.00471635257665976
22 550 0.0150544167602857
22 589 0.0630980124942687
22 699 0.290957924846095
22 708 0.225842355656698
22 750 0.0460825991035968
22 762 0.00584852553905629
22 776 0.0105442917793646
22 779 0.0327533955623463
22 916 0.125113955461747
22 944 0.0768084244335439
22 972 0.138157623171396
23 0 0.0267318459519097
23 5 0.0103037266825431
23 7 0.0544620368647456
23 11 0.0055534856362617
23 14 0.00151583082525904
23 19 0.122868052263181
23 22 0.0713842969897043
23 26 0.023291968218309
23 37 0.0669236061709805
23 39 0.0872509712363003
23 46 0.0331089421097349
23 104 0.097147689492194
23 144 0.14143896044547
23 164 0.351108683718102
23 216 0.0906548460221856
23 245 0.0203814851896606
23 261 0.289139109305274
23 315 0.00791621640100635
23 332 0.0426172938146122
23 385 0.0779428379154378
23 435 0.211777356327174
23 449 0.057781159848802
23 454 0.0184199697719446
23 467 0.194558622948921
23 495 0.149252451337048
23 627 0.0497646276591091
23 644 0.0582052991035697
23 670 0.0284657390752031
23 694 0.146540265397705
23 758 0.123816660838899
23 780 0.16712496784214
23 788 0.117306277613437
23 901 0.00805353855274587
23 917 0.0925465485232941
23 919 0.0166609453423664
23 936 0.292426681187631
23 958 0.0124239873042984
24 10 0.0630485145966378
24 22 0.00440548465410186
24 40 0.0734596906814697
24 64 0.0124590737967252
24 98 0.0381868827060463
24 128 0.026413277624799
24 137 0.0875355004734079
24 185 0.0137191141080776
24 209 0.154774461883527
24 226 0.13602862637254
24 276 0.0407528689136339
24 381 0.26056102900009
24 480 0.0373380719205035
24 571 0.468436593216135
24 594 0.14952152088326
24 608 0.00347402978570574
24 630 0.014441367106766
24 637 0.0839256980279606
24 722 0.113900919841014
24 783 0.0421862391126079
24 802 0.206769042009412
24 837 0.142477788099342
24 867 0.116708475123627
24 868 0.0376619747619709
24 877 0.00524621062978596
24 918 0.0436094439386927
24 922 0.0803345114203309
25 7 0.0249537700020457
25 19 0.0942438090523803
25 27 0.0206552623772226
25 28 0.0131971474681881
25 77 0.147709337206666
25 176 0.0728007404667608
25 210 0.0977697447684491
25 211 0.0560102921382188
25 219 0.182744144766532
25 265 0.115214957078495
25 277 0.0307546988191872
25 294 0.0361523348606586
25 473 0.406873208587754
25 474 0.224209081427033
25 501 0.0198907011958988
25 532 0.153978616427693
25 541 0.0505396399336904
25 548 0.00502573331834836
25 581 0.0190808779119516
25 629 0.0155250964834342
25 685 0.0999839636788152
25 785 0.0501293863805228
25 812 0.260892204550427
25 829 0.0456155976171751
25 855 0.0167333383822389
25 865 0.0696482947966891
25 953 0.0581917183843616
25 965 0.0109158009793186
25 980 0.049563362079021
26 9 0.110330495687348
26 10 0.0538331544495525
26 12 0.139131464564687
26 15 0.13212294487602
26 23 0.023291968218309
26 36 0.00951687855430613
26 38 0.178977111307102
26 41 0.0299302012376637
26 143 0.335756355055926
26 144 0.139562647860807
26 146 0.0076929354632242
26 194 0.0935296523069153
26 207 0.0363942888650405
26 209 0.163357484946814
26 245 0.12044928841598
26 280 0.000416194660062416
26 295 0.273010058863907
26 336 0.138078799636892
26 384 0.191888627106068
26 474 0.204006263609461
26 503 0.0458560749056827
26 507 0.111994325396788
26 543 0.110189535518576
26 544 0.242135339039358
26 552 0.0702749025874572
26 560 0.0572061316796911
26 652 0.0953764048405831
26 688 0.09880146238019
26 712 0.14606266152892
26 732 0.139139630568235
26 755 0.210194875990706
26 800 0.172866528669965
26 830 0.0427600229456633
26 881 0.122944498582584
26 887 0.0680137691025822
26 889 0.240822285289381
26 936 0.0799911029153311
26 959 0.135081569503135
26 992 0.0616803694000088
26 995 0.0250532557231049
27 12 0.110529865461533
27 25 0.0206552623772226
27 42 0.0667544167362789
27 62 0.0404122658648099
27 76 0.159697877499527
27 84 0.0352085376329152
27 218 0.119227429114216
27 222 0.111071055282139
27 233 0.101627568663903
27 245 0.0874232823920357
27 283 0.0784642135100589
27 285 0.0063335288589629
27 293 0.109609815730383
27 305 0.322725683647533
27 330 0.0294637794669403
27 347 0.0637633219119696
27 370 0.0578125484506782
27 415 0.0558624161640859
27 426 0.10319789790871
27 432 0.0523914208670066
27 445 0.0684908086521601
27 467 0.180495158232899
27 524 0.098012099080355
27 557 0.0292753792601626
27 573 0.100878540805626
27 577 0.0289170932934956
27 585 0.0205192565481868
27 589 0.0107468232536346
27 682 0.297956936930389
27 690 0.180362030918549
27 691 0.00598417612997979
27 702 0.0623476345355424
27 792 0.0701107980910076
27 811 0.0135544889445368
27 851 0.0409257702668335
27 872 0.252372850346946
27 899 0.228866306409354
27 921 0.0696803175375857
27 936 0.159999766064104
27 945 0.300305875701664
27 971 0.0904715173894693
27 991 0.116405647384489
27 993 0.00103992388795784
27 995 0.0687287509190764
28 9 0.244002212545766
28 16 0.102075150789694
28 25 0.0131971474681881
28 33 0.150979838271184
28 34 0.0153336671699133
28 45 0.00932931719474441
28 46 0.109783223357462
28 47 0.180451649864349
28 79 0.0284159884126669
28 135 0.00879343916556075
28 146 0.119619728741916
28 152 0.00573593208828246
28 192 0.049034289135573
28 216 0.0218947133062625
28 218 0.0291370671371059
28 223 0.128347307774256
28 231 0.0167808465671913
28 256 0.0360094134897879
28 257 0.085851973998331
28 375 0.00165033117343708
28 411 0.0124705410228358
28 418 0.218654545616654
28 454 0.266400370086228
28 530 0.00373380419129115
28 554 0.122046301726595
28 596 0.111038464563276
28 643 0.154365488594329
28 674 0.0107694685549543
28 685 0.0701674671999469
28 701 0.0221341932650868
28 714 0.105457006455356
28 723 0.112735326691173
28 946 0.00963243013566449
28 968 0.0567963053794618
28 974 0.143472370701495
28 976 0.202317696350516
28 986 0.190667982073497
28 995 0.093112499795718
29 35 0.00100237199465404
29 37 0.0132949087904417
29 44 0.0384199152279909
29 62 0.0248301583991634
29 113 0.0860444297528218
29 138 0.0198811098505715
29 216 0.104589221488723
29 303 0.0403206524006139
29 338 0.0527895650729103
29 365 0.252343873413558
29 411 0.0144059896752241
29 441 0.0802830777411753
29 467 0.0058880304662149
29 546 0.0865492172227605
29 579 0.0182849539141893
29 582 0.0249018864678682
29 585 0.0346557805872989
29 596 0.00621524742175974
29 602 0.159553057831981
29 615 0.164725113633821
29 666 0.00742635016144261
29 677 0.001690912116544
29 693 0.124114395628345
29 722 0.0314987664049204
29 768 0.014841287787977
29 800 0.0372923935941941
29 807 0.160155771299927
29 819 0.0200365114519591
29 860 0.00832092860727752
29 866 0.0743602965255778
29 881 0.0176045798624755
29 883 0.0369417228327756
29 897 0.0163399005285161
29 955 0.0182220299202392
29 956 0.0359581187306461
29 966 0.0821188957533914
29 980 0.0244308715588556
30 38 0.0408432308031074
30 47 0.00807013981375455
30 62 0.0681725157711732
30 97 0.0374558648753377
30 118 0.0375649322833055
30 128 0.0813890046372505
30 143 0.106872306844908
30 175 0.0620693627587677
30 180 0.0539954597529409
30 198 0.34062622042679
30 231 0.121121741229908
30 254 0.274437642294404
30 262 0.18109484344911
30 312 0.106462367120515
30 372 0.0113091231924442
30 376 0.0431689972266339
30 430 0.0347701468131528
30 457 0.0378119728730853
30 465 0.00782505538575508
30 511 0.0323279046499908
30 593 0.0174333908442934
30 601 0.0221545009566134
30 762 0.225687917896839
30 790 0.0331715700193865
30 799 0.0786431599146699
30 820 0.111503525179669
30 831 0.0113824455762954
30 849 0.000337009906519883
30 852 0.0381801030102787
30 863 0.0378045281103409
30 878 0.0337455949508018
30 905 0.0188398505129155
30 945 0.206494194755526
30 972 0.187306145549297
30 984 0.0302333065138862
31 19 0.0922553178599217
31 21 0.0327632718288049
31 38 0.0195761774114594
31 48 0.098151863123592
31 67 0.0175457987878717
31 71 0.0504953084899758
31 95 0.321993139042282
31 160 0.293904053722893
31 172 0.0934616261177981
31 228 0.081904355309306
31 289 0.0790261610648923
31 331 0.116589116122953
31 338 0.270842740252712
31 357 0.190997409302572
31 386 0.0328323418808001
31 396 0.0114358593452014
31 445 0.0556820200141309
31 512 0.15034669292329
31 515 0.0660512226612071
31 525 0.100321673428387
31 571 0.0604319908491681
31 603 0.165793075509676
31 608 0.0204985874847103
31 658 0.340446168412688
31 663 0.414120254011101
31 672 0.0425957541893011
31 689 0.0299366717881444
31 693 0.420065407982624
31 733 0.202798439218407
31 758 0.0103144210689565
31 773 0.116030762716477
31 793 0.046413993661378
31 824 0.0442004846604662
31 881 0.366947087442443
31 888 0.0789734031270909
31 902 0.297552685554385
31 939 0.00572890548823373
31 941 0.0125394675819763
31 974 0.217545125311262
32 6 0.0720684627165473
32 43 0.0641808760893206
32 46 0.0202915770444492
32 47 0.114303058461885
32 72 0.0308843002141431
32 83 0.0117137190255476
32 96 0.0302377767249164
32 190 0.00246669493166171
32 220 0.0457155768148301
32 308 0.0607462539627949
32 311 0.510833173361354
32 399 0.146071259183547
32 407 0.222502752760355
32 408 0.0844153109884213
32 441 0.0330738265815
32 442 0.121480383402844
32 462 0.0643744500021851
32 482 0.105673729944421
32 518 0.214738919947591
32 533 0.00166230326846693
32 566 0.0577314253676936
32 571 0.318035906175311
32 572 0.0290649357699091
32 591 0.133462466044747
32 629 0.0301197851366119
32 681 0.0612455342309262
32 745 0.0548189869594685
32 753 0.0821211402402527
32 789 0.0281381580040214
32 816 0.223482694358094
32 857 0.123098192001653
32 881 0.00425162901850968
32 890 0.297149257803459
32 905 0.0720982353748874
32 927 0.0180968466684871
32 970 0.0108863185519772
33 18 0.13866436439877
33 19 0.106550776718939
33 28 0.150979838271184
33 139 0.0707873498658512
33 167 0.0677135985875277
33 176 0.080045197874437
33 214 0.0310087197506222
33 228 0.0219232275270736
33 238 0.110498932754683
33 242 0.103032065228041
33 361 0.0924417587776307
33 471 0.0144855218732708
33 527 0.113747676687243
33 545 0.109743562887139
33 553 0.0254612298101544
33 556 0.0248518089859822
33 595 0.105050076123565
33 600 0.0328671219647643
33 664 0.00739138648191666
33 669 0.0525965826074634
33 702 0.0597001625845481
33 703 0.110342735899106
33 713 0.190927178615175
33 727 0.0465708315818954
33 740 0.0277985491612669
33 752 0.0461221105534566
33 772 0.00126383578462065
33 776 0.033153920490075
33 831 0.00547767635773679
33 902 0.00254242253004025
33 954 0.260634387817091
33 982 0.243670462805235
34 18 0.170447181171379
34 22 0.0494510972000017
34 28 0.0153336671699133
34 36 0.0674958407669736
34 44 0.000535613859098636
34 154 0.159631439036069
34 195 0.30178032651262
34 202 0.0819239497236572
34 212 0.0668371253131778
34 225 0.405683556609718
34 312 0.0386943150672881
34 315 0.0641008833029581
34 326 0.0503411419023248
34 336 0.0351888280044065
34 337 0.0261900559323263
34 359 0.116324420683658
34 433 0.0442967949217981
34 484 0.0509155381086107
34 490 0.0454130396376423
34 540 0.000975879427910554
34 543 0.00508728743079319
34 549 0.186115331384589
34 555 0.0127045997634051
34 567 0.0650620517700644
34 592 0.000971867897637185
34 599 0.00837357461790898
34 609 0.150319930956487
34 613 0.000161430145201806
34 614 0.0239368532202837
34 631 0.142191921049599
34 637 0.0337546309013597
34 656 0.266650957066352
34 681 0.347663708995452
34 697 0.015841845728089
34 709 0.0411899049245356
34 731 0.141585563881459
34 732 0.24447731094279
34 789 0.0236275422581986
34 912 0.0185036660550897
34 945 0.0200032052863762
34 979 0.0930857182767244
35 14 0.18935843466053
35 17 0.181640027987382
35 29 0.00100237199465404
35 36 0.132630816891755
35 45 0.00989427860728888
35 46 0.0804007141387401
35 50 0.00570330232931598
35 85 0.376114222888654
35 100 0.0338872474677801
35 109 0.065942518206186
35 122 0.0984497827851988
35 167 0.140779889542745
35 232 0.16666679321912
35 267 0.0851248176341039
35 269 0.0685166706360318
35 297 0.0124547771793182
35 312 0.0617241134801496
35 330 0.0381266783856107
35 337 0.0578447642491521
35 343 0.0842076251279529
35 425 0.0556762150326847
35 485 0.00797793661868689
35 604 0.0251832568184223
35 617 0.100524785863795
35 618 0.00330008986606693
35 620 0.069880582476734
35 629 0.0643057485727297
35 696 0.318695269957737
35 699 0.0275710946877556
35 831 0.0268208028010715
35 858 0.107802905388058
35 887 0.311518737487928
35 900 0.151723957081906
35 929 0.154759627062784
35 984 0.0420957645454971
36 4 0.13989119458679
36 20 0.0255295557620654
36 26 0.00951687855430613
36 34 0.0674958407669736
36 35 0.132630816891755
36 40 0.0455728921245022
36 46 0.103612820015975
36 47 0.00292465127571852
36 93 0.238576440190444
36 134 0.0356035491972622
36 198 0.0386135279989646
36 323 0.14644158960078
36 330 0.0700031802461854
36 343 0.322808656117495
36 376 0.066934617345394
36 431 0.18605170076776
36 449 0.106714781151003
36 514 0.032770123138065
36 523 0.0461743165914298
36 538 0.00460352256598693
36 549 0.0702216253581703
36 580 0.0627864441470378
36 616 0.0532762149327717
36 665 0.0160288260117142
36 669 0.134841064592112
36 722 0.0427923631917197
36 749 0.0646294798845014
36 756 0.0591266855976455
36 771 0.137372786912499
36 772 0.0422169234519484
36 785 0.138172693989939
36 795 0.142430524916924
36 827 0.0629504160096054
36 865 0.0210003925133581
36 972 0.0531580957042945
36 975 0.0795768866111827
36 996 0.0304310773006206
37 7 0.0308443791269744
37 22 0.0153981414064119
37 23 0.0669236061709805
37 29 0.0132949087904417
37 41 0.37180146676615
37 51 0.0532908657282743
37 85 0.0639577805548886
37 97 0.0206994171656928
37 227 0.010334788233664
37 236 0.00577353618646753
37 237 0.234961314643634
37 262 0.124799017494851
37 402 0.037764619398357
37 425 0.0140841257776567
37 504 0.025337824250057
37 522 0.130705156360076
37 552 0.0304915443842558
37 598 0.179079649904184
37 620 0.288099285931791
37 659 0.129394986638453
37 669 0.0781600869674345
37 704 0.0350647467224055
37 742 0.0186196174607056
37 752 0.00658893152019592
37 778 0.0229172405775531
37 836 0.0427180202685496
37 873 0.0716925289127386
37 946 0.260706849212248
37 950 0.0135125876153473
37 953 0.223259056635353
37 955 0.0764638422305353
38 26 0.178977111307102
38 30 0.0408432308031074
38 31 0.0195761774114594
38 52 0.0122702021959003
38 102 0.0520508309847037
38 164 0.039248765101065
38 168 0.0742126410503057
38 246 0.0018417296737825
38 274 0.208714780201909
38 349 0.00295741945121523
38 361 0.0583415622920872
38 394 0.235906032175798
38 397 0.191548124698243
38 430 0.0258136867497733
38 479 0.0218707178123235
38 530 0.137111731574959
38 541 0.049487802331288
38 622 0.0149534895149775
38 655 0.0157453743388593
38 688 0.0539411846292165
38 721 0.100696540852032
38 726 0.0537138284389168
38 789 0.155157125930514
38 837 0.00772668791181661
38 888 0.291287726535561
38 924 0.193741546120946
38 991 0.0120971802847468
39 6 0.418457297463788
39 21 0.045789127356902
39 23 0.0872509712363003
39 45 0.023036828104215
39 47 0.149995719967128
39 49 0.00675516054539078
39 54 0.0922849816023151
39 148 0.0236413318988751
39 189 0.176676126162768
39 224 0.222401138288421
39 242 0.146655423247324
39 270 0.422708874189896
39 353 0.0547941192513019
39 358 0.0305890264250959
39 395 0.0534116994374254
39 469 0.00497686630897929
39 539 0.069235717920778
39 569 0.357681357166488
39 608 0.118843534852942
39 609 0.0498444703124667
39 622 0.0292166724138148
39 634 0.0502475898433268
39 696 0.0187264004231455
39 718 0.0419402911364356
39 765 0.052040949927048
39 770 0.0187249188609198
39 846 0.0785544100337232
39 853 0.0644987040861673
39 920 0.593273380909546
39 944 0.0156334831691226
39 950 0.119096289813598
39 953 0.0823483158053315
39 958 0.0268203028309184
40 19 0.00481034613819538
40 24 0.0734596906814697
40 36 0.0455728921245022
40 44 0.0223799037035321
40 49 0.157945912228232
40 53 0.17330449094369
40 168 0.0169481390958605
40 196 0.0145688087252196
40 198 0.382609757448264
40 205 0.514863943243461
40 302 0.112383641499313
40 340 0.0127376719241771
40 343 0.0259062365148009
40 399 0.193995359600078
40 422 0.00602802888370916
40 426 0.570290669940446
40 434 0.0222004148743355
40 469 0.0416435149489619
40 487 0.104292344461132
40 494 0.0267809978854657
40 527 0.0761694754526481
40 536 0.0872779874945219
40 552 0.0334254326659626
40 569 0.00991925552483469
40 589 0.0931638524380148
40 595 0.0457033445444517
40 599 0.0599487541222504
40 640 0.0528090418855005
40 651 0.383775859435448
40 691 0.00607912480821259
40 762 0.186890720923251
40 766 0.0139382529777369
40 784 0.0120893400677815
40 785 0.0998273698701194
40 788 0.0142203424891199
40 841 0.143032071944604
40 900 0.0532807576833579
40 904 0.0125729463890868
40 951 0.0106648853827513
40 989 0.0290944550919715
41 20 0.137909848405588
41 26 0.0299302012376637
41 37 0.37180146676615
41 57 0.0866162725326872
41 58 0.223892817302968
41 63 0.123933475185904
41 87 0.393977618136676
41 88 0.0241194656217244
41 113 0.11353060276675
41 143 0.162759097027134
41 151 0.139893245171598
41 194 0.0179717663568641
41 210 0.0139685500314677
41 243 0.0672139379855766
41 271 0.17418188187
41 277 0.213119112719014
41 319 0.0883970569887209
41 340 0.320623427918512
41 386 0.00135159888043784
41 412 0.130812208302906
41 420 0.215959396980215
41 522 0.00215574284487233
41 564 0.00731652539518462
41 571 0.097674147202709
41 607 0.143800758110426
41 646 0.513343245578867
41 648 0.0839693050639561
41 660 0.0785036475100629
41 677 0.13024558629412
41 721 0.108973978080901
41 737 0.166620032138497
41 755 0.31753602421088
41 828 0.022905493267513
41 840 0.0583250334529565
41 843 0.0944814540224267
41 878 0.0879277031232854
41 959 0.0498650514553086
41 969 0.0088867049072114
41 989 0.0526876523928168
42 19 0.0871975798091221
42 27 0.0667544167362789
42 44 0.0489963046288561
42 76 0.122133289590878
42 86 0.0350583185370488
42 118 0.288445941619495
42 137 0.124741155989306
42 145 0.144800882377066
42 148 0.0677409263446158
42 193 0.0423209239621695
42 195 0.00163831178448324
42 298 0.000257495072175499
42 302 0.148290606525866
42 341 0.0103657349058899
42 356 0.193266866799304
42 377 0.0231459798464877
42 415 0.0508533276043871
42 439 0.0507288905089072
42 523 0.0564654899690147
42 524 9.10680693818247e-05
42 553 0.12551456255197
42 572 0.0596304412981525
42 577 0.0450980792940391
42 581 0.0260287801643358
42 648 0.00213525923522192
42 649 0.017591552469248
42 721 0.134600528234259
42 772 0.10874594520717
42 787 0.0488690169897468
42 840 0.149044785987123
42 842 0.0869596806426048
42 869 0.0121058923243818
42 883 0.0670622136579172
42 903 0.104532442869389
42 985 0.131777943706083
43 1 0.0034759416781729
43 21 0.0319903157125366
43 32 0.0641808760893206
43 49 0.264741192789703
43 51 0.0887678065214037
43 52 0.196646879057217
43 67 0.0247004792625202
43 83 0.00235044770474531
43 87 0.00821920960351987
43 93 0.0784244091756367
43 95 0.0293329737323778
43 105 0.0173983710974961
43 159 0.0242198720588098
43 173 0.0134859903384928
43 203 0.123712803677829
43 206 0.0624568884902413
43 212 0.0505065520610839
43 232 0.0256913466828731
43 266 0.172272664286402
43 378 0.0486101051156178
43 386 0.100527477780056
43 404 0.265752582319722
