0 2 0.0370910046779236
0 7 0.0234221866524722
0 10 0.031406568962253
0 13 0.186777594278743
0 15 0.0825594325801509
0 38 0.157903675706778
0 82 0.0902075072695857
0 143 0.0546919763942692
0 174 0.094414247319327
0 186 0.0364328718384833
0 190 0.121624506036642
0 256 0.0257678034635545
0 266 0.241215579586024
0 297 0.126117424671632
0 327 0.208150786350887
0 356 0.117537986535368
0 366 0.0763472712303814
0 446 0.00858138558364414
0 473 0.00580162112578146
0 475 0.225362084546816
0 553 0.155208064362428
0 643 0.228887318476139
0 674 0.210578195071384
0 700 0.0992461538172922
0 743 0.61609669540298
0 756 0.154265868141836
0 763 0.0734123707030001
0 805 0.0594563938165775
0 835 0.118658511909498
0 836 0.0676959509918829
0 897 0.0934575912688737
0 949 0.13426013188487
0 1100 0.0057884142026156
0 1143 0.00713632384071183
0 1177 0.0554966461474151
0 1202 0.0876965015339836
0 1231 0.105010424694288
0 1232 0.00152589167574581
0 1242 0.105697843218362
0 1243 0.0227448168041113
0 1249 0.0448568615375421
1 10 0.0833020467754714
1 15 0.0511432559698238
1 18 0.21922063877573
1 35 0.265560354524543
1 96 0.158654181072654
1 102 0.216177906913751
1 116 0.103292183367949
1 299 0.362263152532638
1 309 0.0296481187524384
1 328 0.0504862279687785
1 397 0.00173002805473947
1 426 0.00681451526679593
1 466 0.0574321444092688
1 590 0.100909799176598
1 607 0.138253321182521
1 633 0.198172762701321
1 636 0.270974394624061
1 864 0.0216572627604304
1 895 0.126202713247305
1 897 0.0172190306734306
1 913 0.0472789323584808
1 928 0.0874387895520261
1 936 0.158139009688489
1 937 0.113936143642723
1 981 0.0449924396671573
1 1007 0.106598387680918
1 1040 0.0202266070354836
1 1049 0.143291147986957
1 1074 0.0217673510582442
1 1093 0.153877712526542
1 1208 0.111693308408775
1 1235 0.0829890171606419
1 1237 0.0392114692004818
1 1240 0.013514423036773
1 1249 0.0650186080979959
2 0 0.0370910046779236
2 7 0.0266279342129551
2 8 0.240177623844614
2 10 0.144854328528048
2 11 0.0682959950329508
2 14 0.154300984603631
2 19 0.133210535693061
2 25 0.0140008855961147
2 149 0.00368476991777753
2 156 0.0323827026841995
2 196 0.0952116287762611
2 197 0.0409304407554022
2 245 0.231766903342785
2 299 0.096689742489085
2 337 0.243084458811612
2 464 0.120675780193264
2 507 0.482868194397143
2 510 0.287205911811656
2 526 0.0353789665086011
2 555 0.114929447303782
2 573 0.066769958916996
2 630 0.150798812012955
2 722 0.207842414841525
2 729 0.148394111190605
2 776 0.00330656309572337
2 788 0.0928606220261905
2 811 0.00634808759096514
2 863 0.235753326315788
2 880 0.331998823874928
2 883 0.0948362132702015
2 901 0.129816971623022
2 906 0.00494354435705172
2 924 0.0164061250863837
2 947 0.140899220795942
2 1005 0.0378623319894625
2 1020 0.136705143146028
2 1052 0.0515072886118149
2 1083 0.0697306558650574
2 1167 0.00809241581742853
2 1182 0.0472126129802373
2 1185 0.297942331094883
2 1202 0.0869214157869714
2 1238 0.0985921164469903
2 1239 0.221920216884586
3 4 0.0370665478251899
3 12 0.0903820203097199
3 15 0.14059689740519
3 16 0.340500356317322
3 193 0.0110685180165827
3 211 0.186813524196403
3 275 0.0940651985543569
3 369 0.0497144434076426
3 377 0.106577872441555
3 389 0.00605873058508591
3 443 0.0218684132616336
3 590 0.0947379252262096
3 658 0.176196096524337
3 693 0.127777651500107
3 694 0.0673923943561364
3 716 0.113488252975504
3 729 0.0469394110101509
3 784 0.104901213865709
3 831 0.00581361843478455
3 838 0.0735133027825551
3 849 0.102091928974956
3 853 0.0667957013713601
3 856 0.122550032221548
3 907 0.0923690487823395
3 971 0.190307860898142
3 991 0.182140648901413
3 1001 0.0209708886535956
3 1021 0.000615430798373271
3 1054 0.0503194563784101
3 1138 0.101886072038959
3 1158 0.0802100166498785
3 1167 0.0521029768639974
3 1223 0.0311397172207371
3 1240 0.0275559329544199
3 1241 0.344084795919172
4 3 0.0370665478251899
4 15 0.0553171578870878
4 17 0.0252545525299766
4 21 0.22230042801787
4 32 0.0712964063712347
4 91 0.0663729857459007
4 147 0.100303812214426
4 152 0.265097117594981
4 179 0.17305250933869
4 202 0.125587857592285
4 306 0.033447070943501
4 311 0.0957581764188472
4 319 0.078764790917789
4 376 0.0497175566403579
4 398 0.0153233207115423
4 407 0.00168363190122038
4 438 0.0282229909127216
4 450 0.0386514814209718
4 459 0.00505975136805091
4 519 0.171727072001433
4 525 0.0939458265226061
4 528 0.0145406884908845
4 610 0.0947128499830992
4 657 0.117569813391326
4 700 0.00419842222892927
4 801 0.00138399346390511
4 819 0.046070821840627
4 840 0.241121762490809
4 929 0.00615126300194258
4 952 0.0292478918886657
4 982 0.26525219122975
4 997 0.011993629402287
4 1003 0.0703646411187476
4 1038 0.0128502820067605
4 1082 0.011212539291503
4 1104 0.132349442340038
4 1197 0.0856872530747661
4 1203 0.105209523163795
4 1209 0.122995687408027
4 1224 0.119538683016621
4 1247 0.185204534452642
5 6 0.570919694318084
5 8 0.0242422720562547
5 14 0.168950483986026
5 20 0.0625792233716882
5 139 0.0605353408981909
5 202 0.0824582639443675
5 475 0.0875670045479637
5 478 0.023260745862776
5 650 0.205654518633525
5 749 0.0279963281698282
5 774 0.141400086620301
5 889 0.0295894971220927
5 922 0.171073410848156
5 949 0.111046021139727
5 1044 0.018988280594176
5 1077 8.3498833737934e-06
5 1121 0.191011097944221
5 1139 0.0151589314164973
5 1168 0.0409350889457819
5 1185 0.185826161285775
5 1222 0.120002207583233
5 1237 0.0212958428434304
5 1238 0.0319926455093854
5 1241 0.0665070020893184
5 1242 0.0784190344140411
6 5 0.570919694318084
6 9 0.0103480995780964
6 17 0.178369576486921
6 19 0.0285889163951111
6 41 0.00974481979013878
6 45 0.00257829843461561
6 47 0.084010199036563
6 92 0.0908437916006711
6 159 0.194766826606971
6 199 0.26212703526717
6 338 0.10582924321525
6 370 0.342306649758735
6 392 0.10217663413389
6 428 0.134292406936851
6 432 0.148683611219997
6 537 0.0548707242715527
6 573 0.0303786491986948
6 574 0.0643761901010509
6 575 0.0345641581558943
6 647 0.0694815208925721
6 649 0.156247798214351
6 698 0.0862652544843747
6 747 0.159110294407688
6 806 0.0567004023026275
6 944 0.017083614785134
6 951 0.0511492090756785
6 985 0.105733404434599
6 986 0.124979074457066
6 1017 0.229204223272722
6 1048 0.0703861854801167
6 1099 0.00812503914930681
6 1171 0.120025845083828
6 1203 0.0492301263985604
6 1241 0.0263396428534578
6 1244 0.0552795860437423
6 1246 0.119757957445707
7 0 0.0234221866524722
7 2 0.0266279342129551
7 8 0.0338360046423076
7 9 0.0983321760647668
7 10 0.203906640363781
7 14 0.0625535503456199
7 16 0.131622258594822
7 19 0.0344837067234735
7 21 0.280663970684594
7 25 0.124225683458928
7 141 0.0510476749467729
7 178 0.221395691618281
7 353 0.133836648013625
7 398 0.0322665176900482
7 400 0.370103847955721
7 451 0.015568589581541
7 459 0.192492490880936
7 537 0.0702395555756142
7 573 0.124395807049512
7 605 0.0219250889055115
7 667 0.108942637919332
7 670 0.117753526792672
7 687 0.0883699846756681
7 758 0.0447738749374322
7 780 0.175066120945897
7 814 0.133102243620756
7 873 0.0809379999547475
7 911 0.0790671836604642
7 937 0.172769179522538
7 939 0.0697604870633002
7 1125 0.0068372645872585
7 1167 0.198542016753996
7 1206 0.117199940948959
7 1240 0.0283388527593934
7 1242 0.0509565457901712
7 1248 0.179669476446583
8 2 0.240177623844614
8 5 0.0242422720562547
8 7 0.0338360046423076
8 16 0.367386496165599
8 17 0.0636218345932108
8 24 0.273113177721375
8 25 0.0201685403900688
8 26 0.0939457766687826
8 36 0.147278155643411
8 66 0.0865109168066741
8 118 0.141365991395194
8 123 0.187837226350438
8 137 0.161886541795031
8 154 0.0348435578783888
8 281 0.0778139075634467
8 355 0.243736737063943
8 406 0.0904888905014012
8 411 0.149372446758652
8 413 0.10890391188571
8 489 0.0435255939311029
8 577 0.286885415253246
8 596 0.321754928587519
8 656 0.0717065384670175
8 676 0.0157820262513292
8 686 0.102208990942927
8 748 0.0795239969591028
8 779 0.211830052052119
8 783 0.0990184495834854
8 821 0.0733213307673094
8 992 0.113252201110006
8 996 0.319267215344804
8 1052 0.00366224038329726
8 1136 0.00510350709321594
8 1189 0.0129886515962019
8 1240 0.039569371175214
8 1241 0.0423373109017976
8 1247 0.0192928123349146
9 6 0.0103480995780964
9 7 0.0983321760647668
9 10 0.0304667796149736
9 20 0.0410501982984399
9 23 0.0741203067513359
9 41 0.0565868609589144
9 71 0.167989591704493
9 177 0.284215560085528
9 178 0.0780031546275739
9 179 0.0206342488903636
9 199 0.0163080187969821
9 289 0.0707647272751068
9 303 0.150838806654253
9 408 0.0304722899207867
9 483 0.0794455266779835
9 569 0.0495271931874197
9 582 0.114774257123251
9 605 0.0930237032579926
9 693 0.0868195885129385
9 731 0.0256629609907462
9 812 0.142184685261537
9 898 0.034129936750245
9 905 0.065510230935469
9 914 0.0214386897785348
9 948 0.0511552052518095
9 1125 0.011675931597494
9 1164 0.0285684311899121
9 1179 0.174840292250743
9 1205 0.175152247786828
9 1242 0.00894471957694867
9 1243 0.0125436054695572
9 1249 0.0304012037057002
10 0 0.031406568962253
10 1 0.0833020467754714
10 2 0.144854328528048
10 7 0.203906640363781
10 9 0.0304667796149736
10 13 0.00540369407908337
10 15 0.299135418235986
10 16 0.0139231953162833
10 20 0.0877835217984576
10 21 0.17908747251056
10 24 0.48014709120545
10 76 0.0738506899224965
10 98 0.0615405595587814
10 101 0.20852440131431
10 107 0.0284150293437152
10 110 0.333177824793613
10 154 0.0133399943787998
10 174 0.0395697441611335
10 188 0.13419937589612
10 214 0.356486688201891
10 228 0.0995506505817632
10 375 0.115328355191453
10 398 0.139490627255975
10 401 0.17292204658681
10 429 0.28046880387292
10 453 0.0466589685596715
10 479 0.0622184881636684
10 639 0.183792888731652
10 669 0.0872928418869968
10 712 0.264572041217885
10 763 0.0843351736860664
10 821 0.00421676014531429
10 850 0.126867367605643
10 869 0.558843889180234
10 885 0.0156328222469739
10 910 0.0946162273936558
10 948 0.0130956998424511
10 954 0.0184386691209942
10 981 0.0133845128139685
10 1024 0.018978702449191
10 1077 0.0179673352068404
11 2 0.0682959950329508
11 23 0.0266892738823463
11 27 0.165172607959567
11 128 0.0791907040142332
11 234 0.19856763108823
11 263 0.0710971790779623
11 305 0.0186039996950707
11 366 0.0679587830571932
11 399 0.12497201004412
11 545 0.00225288753853853
11 559 0.0266216788336346
11 628 0.0374448058042992
11 641 0.0122221919449255
11 662 0.25151706188627
11 837 0.208976757889985
11 845 0.0839748946493827
11 848 0.0958445211851374
11 876 0.134959115260072
11 933 0.178496095745349
11 960 0.037552572645811
11 973 0.0337495567991345
11 1155 0.206224455743936
11 1189 0.0356984329031823
11 1214 0.102483765881181
11 1243 0.323221412752957
11 1249 0.0544290279797617
12 3 0.0903820203097199
12 16 0.16815559896173
12 17 0.0606815600227489
12 22 0.0506041047656205
12 33 0.0632425506322885
12 65 0.131725702800586
12 110 0.216800294588053
12 147 0.0720316306862975
12 161 0.0934107647221388
12 357 0.0454258072796534
12 362 0.0436193389707082
12 409 0.113300453460602
12 466 0.0247259158134297
12 505 0.158248274498742
12 551 0.0990271865514568
12 591 0.0405369708373663
12 609 0.0504666834638799
12 653 0.274203849697898
12 675 0.239461867054841
12 738 0.0639730238281622
12 740 0.0024500943117102
12 765 0.0514444657793173
12 798 0.0611744764366044
12 815 0.147726853142388
12 833 0.101086912488492
12 897 0.14703726713268
12 1012 0.0451341898005156
12 1046 0.0786978044363567
12 1047 0.0526763680331099
12 1246 0.0812789497858961
13 0 0.186777594278743
13 10 0.00540369407908337
13 14 0.247430471196965
13 15 0.0627254341115276
13 19 0.111730897281988
13 21 0.00912609664463478
13 22 0.0376933622786535
13 24 0.0110524965134857
13 101 0.146883125599619
13 170 0.208094846344358
13 221 0.0904757172131914
13 337 0.0185998736216391
13 408 0.0585324896383287
13 419 0.215635652321921
13 425 0.00454035851636234
13 467 0.0620279901236452
13 492 0.105015942563256
13 520 0.100683443482857
13 544 0.224825255434153
13 552 0.050758272904142
13 594 0.146747379436506
13 666 0.059382141437562
13 841 0.0468902431320584
13 881 0.213224759888129
13 893 0.232239457937098
13 921 0.0709522604563929
13 971 0.326616435949169
13 1019 0.111192045794031
13 1042 0.276360153613679
13 1072 0.0828484432327585
13 1081 0.0210338380741113
13 1083 0.195516889492235
13 1129 0.14442690319713
13 1165 0.123515912396587
13 1205 0.0252618740386335
13 1245 0.00803839242196863
13 1247 0.103098271174366
14 2 0.154300984603631
14 5 0.168950483986026
14 7 0.0625535503456199
14 13 0.247430471196965
14 17 0.144723152663997
14 20 0.120537357255407
14 21 0.10385680044173
14 22 0.220329943611202
14 23 0.0614174882517403
14 24 0.07731105964345
14 25 0.0118084482727881
14 28 0.0176706545977767
14 46 0.0533558685957531
14 66 0.0290469397047378
14 75 0.0898793728224418
14 100 0.0353260649838207
14 121 0.0309133637533326
14 156 0.0022542071445855
14 235 0.0584814952587472
14 317 0.0067547569342611
14 388 0.0623888430235297
14 390 0.079327127044033
14 443 0.00772901354031985
14 452 0.0461111671876773
14 468 0.13423218906729
14 605 0.157561741203246
14 608 0.19147932803046
14 610 0.0209177713419298
14 616 0.182650703465815
14 617 0.0059809531955592
14 725 0.170140681274702
14 783 0.143786944951271
14 794 0.115487461512599
14 796 0.0378707633655091
14 797 0.0590518556957848
14 823 0.153298320060073
14 838 0.0102534161195386
14 852 0.213655067383912
14 1021 0.148495130489909
14 1046 0.0545570661000755
14 1048 0.200554632572902
14 1053 0.0648579821311216
14 1200 0.0879650990781516
14 1233 0.115519906532129
14 1246 0.168272482767162
15 0 0.0825594325801509
15 1 0.0511432559698238
15 3 0.14059689740519
15 4 0.0553171578870878
15 10 0.299135418235986
15 13 0.0627254341115276
15 18 0.0214993628031584
15 24 0.109808874424363
15 25 0.0902277749327881
15 110 0.147065040271498
15 165 0.00227556230987004
15 298 0.0673690749382518
15 304 0.227525165634232
15 317 0.118066844036681
15 369 0.0597676556033251
15 391 0.00118457803307618
15 394 0.296571224875609
15 473 0.0352842846606982
15 523 0.0177374686904516
15 583 0.0790183584176735
15 624 0.112925452458992
15 642 0.198811412377536
15 654 0.130085643101638
15 663 0.0589771975148103
15 675 0.16310773314002
15 686 0.36219230202453
15 697 0.180713977592346
15 700 0.36661390120168
15 778 0.0747838758343144
15 789 0.314155703568315
15 966 0.0606877481176118
15 994 0.0814889800765866
15 1011 0.0466119021737975
15 1045 0.0157357929597764
15 1073 0.0211590236045059
15 1087 0.00717437264883444
15 1127 0.0649028747922707
15 1157 0.156386293826524
15 1228 0.0263368635692576
15 1238 0.0215242887427256
15 1242 0.0536996094666268
16 3 0.340500356317322
16 7 0.131622258594822
16 8 0.367386496165599
16 10 0.0139231953162833
16 12 0.16815559896173
16 18 0.0242545611355937
16 21 0.0856593197353786
16 22 0.0119293743077724
16 28 0.0830304780149481
16 30 0.205154295978274
16 31 0.060086156424408
16 32 0.0899394378283131
16 34 0.108119300851669
16 95 0.296338338138036
16 176 0.0849461800179905
16 220 0.250915106491114
16 224 0.0144060153728818
16 293 0.255676688287834
16 436 0.00363013366524331
16 451 0.057844513375177
16 453 0.136511588421355
16 455 0.171407096776003
16 463 0.0605934334696066
16 531 0.0284138906286462
16 576 0.0335179802018728
16 651 0.0897667853052417
16 718 0.315377421373784
16 734 0.451210027222083
16 829 0.0459850540315732
16 831 0.0124515290704146
16 908 0.0729678597537813
16 946 0.410582758234458
16 1040 0.367209868965833
16 1061 0.0279897605946103
16 1148 0.213316070901942
16 1225 0.0219180235274972
17 4 0.0252545525299766
17 6 0.178369576486921
17 8 0.0636218345932108
17 12 0.0606815600227489
17 14 0.144723152663997
17 24 0.156835196160543
17 26 0.125900894389052
17 28 0.192151246609338
17 31 0.185514543655553
17 49 0.0539578873426557
17 116 0.027576220758324
17 231 0.00381104885204884
17 286 0.0640819284839433
17 330 0.0680325448672664
17 332 0.00398213920573602
17 334 0.101259598365925
17 532 0.0667353709781195
17 568 0.0709694546441276
17 616 0.0113309517111661
17 637 0.0663933756811499
17 715 0.082894189713932
17 790 0.0414260611733349
17 823 0.0292127908174684
17 1008 0.079034132653971
17 1043 0.0556357357614375
17 1046 0.0868250014380664
17 1064 0.0319834723942683
17 1078 0.0645487674037119
17 1099 0.019728958783842
17 1107 0.00690759342317269
17 1221 0.431477123061039
17 1240 0.236175898715783
18 1 0.21922063877573
18 15 0.0214993628031584
18 16 0.0242545611355937
18 19 0.228722900057048
18 20 0.0188290622024466
18 25 0.138194521663393
18 36 0.0397436779343813
18 55 0.0147797470787647
18 61 0.0429796071470264
18 83 0.0397326747354406
18 127 0.291195275880912
18 149 0.00504162737805243
18 208 0.089064641658011
18 281 0.140855092595265
18 282 0.105790971552879
18 305 0.0962701104681617
18 308 0.352341615749823
18 323 0.693607569744934
18 344 0.0112752862068151
18 473 0.0303432330058555
18 534 0.100349642277304
18 578 0.0315872884935652
18 591 0.117207258552808
18 653 0.00987560006783523
18 702 0.0156675011494094
18 703 0.170038454030742
18 780 0.0905773958777437
18 843 0.0565152476159806
18 856 0.00178830197074685
18 865 0.150194048609467
18 886 0.057014344174901
18 890 0.0976191546692543
18 908 0.00288291238453192
18 915 0.105992239402111
18 980 0.1671032920531
18 1048 0.0129413248230886
18 1121 0.055018111356054
18 1139 0.0137342869062289
18 1230 0.0596354556584172
19 2 0.133210535693061
19 6 0.0285889163951111
19 7 0.0344837067234735
19 13 0.111730897281988
19 18 0.228722900057048
19 26 0.0115421360096024
19 29 0.119172504149582
19 30 0.0637699592420438
19 31 0.13696493447379
19 32 0.160558026355663
19 35 0.138369155255452
19 66 0.447770167837986
19 96 0.150545447484775
19 129 0.00538865773109561
19 190 0.10758284069496
19 197 0.0371026959482759
19 200 0.0937764445597099
19 260 0.0210315585727383
19 280 0.270456319439496
19 305 0.0414963298424074
19 345 0.0971462006173952
19 386 0.0806009162432812
19 448 0.100262901215054
19 455 0.0240588895420677
19 470 0.0692077996769449
19 537 0.289784468991729
19 633 0.0173099108984343
19 677 0.0370897827857457
19 706 0.166024581288193
19 792 0.0219162656204841
19 877 0.0443343642375944
19 883 0.0762564811454353
19 886 0.00868372840918988
19 932 0.0370163221610334
19 933 0.0142151210180498
19 957 0.0739579164254972
19 972 0.0198914838548558
19 1162 0.307884039803036
19 1201 0.0557924745056867
20 5 0.0625792233716882
20 9 0.0410501982984399
20 10 0.0877835217984576
20 14 0.120537357255407
20 18 0.0188290622024466
20 22 0.0998238251856529
20 32 0.00736731337460651
20 35 0.00539543956290301
20 36 0.0400797374377143
20 38 0.0882082499049849
20 42 0.129284794177438
20 58 0.00703026026985987
20 149 0.233833633141344
20 176 0.0179585085604627
20 186 0.0652879350046066
20 203 0.0320834580558971
20 293 0.170192356995724
20 313 0.16185698155875
20 392 0.109886796454547
20 421 0.193948647090567
20 435 0.452122984807447
20 474 0.0566541814864803
20 492 0.0415185313866432
20 506 0.0346854910101761
20 602 0.0374968727372224
20 628 0.195647164568822
20 675 0.0677139795220098
20 742 0.0386357448104584
20 746 0.0412795646559872
20 764 0.0188819590606269
20 770 0.0720863784802857
20 833 0.0890455139109441
20 864 0.132905971549728
20 927 0.0291114681772839
20 1082 0.078942606069815
20 1146 0.00785665078923829
20 1202 0.0432989626545713
20 1248 0.0125814486146136
21 4 0.22230042801787
21 7 0.280663970684594
21 10 0.17908747251056
21 13 0.00912609664463478
21 14 0.10385680044173
21 16 0.0856593197353786
21 36 0.0778009529815434
21 39 0.131007183370801
21 64 0.0843480276837174
21 76 0.112122371605032
21 189 0.140612594412603
21 257 0.237448336079027
21 263 0.0745744755944953
21 279 0.121446048661044
21 323 0.09164059281319
21 355 0.0142990466009837
21 395 0.0461598656241751
21 427 0.0662019198560077
21 441 0.0678076569419764
21 442 0.017583138789779
21 485 0.139446976502535
21 496 0.0421950234326916
21 698 0.0344788793968293
21 744 0.216131487886194
21 816 0.203043875580715
21 921 0.0722461656674369
21 966 0.25515182508978
21 1144 0.237530689582927
21 1182 0.524826042512036
22 12 0.0506041047656205
22 13 0.0376933622786535
22 14 0.220329943611202
22 16 0.0119293743077724
22 20 0.0998238251856529
22 24 0.221102862643623
22 31 0.261628785631384
22 37 0.154975327849783
22 38 0.0877993762201938
22 39 0.091510150948374
22 72 0.0893610610500158
22 119 0.128628223925418
22 161 0.177485883807898
22 183 0.0337588213095499
22 265 0.245249204458973
22 291 0.111757912816084
22 403 0.0309334539294994
22 434 0.00278728997412376
22 448 0.19851125181816
22 465 0.116310230577158
22 466 0.241854582087697
22 492 0.0860502405250806
22 528 0.0697441324562507
22 562 0.114846293990762
22 610 0.115089832266957
22 648 0.165426930472065
22 735 0.157938339293917
22 750 0.104276227935049
22 763 0.42405901483687
22 826 0.0670177218403866
22 827 0.134029997861703
22 840 0.0260437404515429
22 905 0.139707512223651
22 908 0.0282576870996607
22 917 0.01456891592796
22 940 0.104345014057357
22 1027 0.0875861459966135
22 1035 0.0260779702368541
22 1088 0.0220050071201413
22 1116 0.1240014299816
23 9 0.0741203067513359
23 11 0.0266892738823463
23 14 0.0614174882517403
23 29 0.305283846209792
23 30 0.0536058594971759
23 31 0.0239414013381105
23 38 0.0243279755052145
23 39 0.116029600600537
23 40 0.0138495597135299
23 142 0.0532875213195385
23 175 0.059822295020433
23 219 0.00697012266016487
23 234 0.00819021410199038
23 247 0.00699011693316955
23 297 0.0799641902941366
23 301 0.0929555887972556
23 302 0.209694007546091
23 393 0.00775617596031005
23 413 0.00342870669979626
23 674 0.0141762750384049
23 682 0.369987529198769
23 705 0.201670922257368
23 750 0.0739783981495686
23 778 0.0446370155408034
23 785 0.0862765354702388
23 836 0.0552000058721375
23 846 0.0651375567844282
23 1096 0.0281800948202876
23 1113 0.317896675813562
23 1184 0.0092401259858464
23 1185 0.121000912819269
23 1187 0.101434318894556
23 1197 0.0526403805830949
24 8 0.273113177721375
24 10 0.48014709120545
24 13 0.0110524965134857
24 14 0.07731105964345
24 15 0.109808874424363
24 17 0.156835196160543
24 22 0.221102862643623
24 31 0.106610988444945
24 33 0.114954158808278
24 34 0.101193234619098
24 36 0.0584628930576308
24 39 0.028985520434442
24 40 0.000740563747888882
24 162 0.324329925799382
24 333 0.0234770184326922
24 367 0.067771550242948
24 447 0.0614362142526318
24 460 0.0909344743339573
24 675 0.0063900879531031
24 686 0.0223765266809836
24 786 0.0157586523279518
24 837 0.0307941759389293
24 838 0.169904672015904
24 881 0.0675098343627251
24 896 0.121813460002382
24 902 0.0291934517344775
24 972 0.0893108064952278
24 997 0.127954190090209
24 1024 0.377612930471284
24 1070 0.110959227351668
24 1072 0.0226214048811365
24 1128 0.00556206312646781
24 1169 0.0488768780245591
24 1206 0.0561492789346469
24 1214 0.0273768143249667
25 2 0.0140008855961147
25 7 0.124225683458928
25 8 0.0201685403900688
25 14 0.0118084482727881
25 15 0.0902277749327881
25 18 0.138194521663393
25 37 0.311917397242995
25 38 0.0520839566684419
25 40 0.139089561710079
25 56 0.00482106470817014
25 121 0.033376966906446
25 129 0.303707805047466
25 133 0.00240868429945018
25 188 0.0264849143444352
25 217 0.0481260956179146
25 283 0.220977923889134
25 375 0.0817155773947523
25 481 0.146789487634911
25 507 0.00602046898927698
25 544 0.0893513290542562
25 637 0.071109468154351
25 652 0.00985571252339267
25 692 0.0221735285068633
25 744 0.211567642567036
25 805 0.053202514731473
25 823 0.027863583060686
25 862 0.0696414454680036
25 966 0.00154916856326599
25 1003 0.0722392824787305
25 1031 0.136737269439071
25 1055 0.0973686165347618
25 1120 0.0499252350737224
25 1158 0.13930002042474
26 8 0.0939457766687826
26 17 0.125900894389052
26 19 0.0115421360096024
26 37 0.0253259035847857
26 43 0.00665641051191815
26 52 0.0687492831962224
26 76 0.128890241073006
26 78 0.142520465080686
26 211 0.250082971175544
26 261 0.0562948428237693
26 271 0.00851989279142317
26 329 0.154195301797294
26 371 0.18564758104275
26 385 0.120513354042144
26 535 0.078084914969181
26 559 0.024452378598444
26 646 0.179244636756329
26 659 0.0946767164733386
26 709 0.289467661074137
26 736 0.157545068999738
26 745 0.0618465874660156
26 749 0.0119994005590056
26 796 0.000840936793859356
26 880 0.112326203426772
26 952 0.000544516534679595
26 1023 0.180441064585409
26 1072 0.0696181685274388
26 1126 0.180873537190266
26 1132 0.114758273603888
26 1189 0.0800475295487227
27 11 0.165172607959567
27 30 0.00403527289837924
27 33 0.125436775073085
27 35 0.00677344489755167
27 42 0.0380436000685502
27 112 0.0165674586711121
27 116 0.40520155126245
27 189 0.0990676097811002
27 195 0.0473859439331184
27 216 0.0715092898519545
27 243 0.0193505707840215
27 275 0.0970468360819096
27 342 0.00965206242801255
27 348 0.107669280304856
27 511 0.070351251142934
27 590 0.150841309777483
27 614 0.14745651783069
27 642 0.118614459162071
27 745 0.288154616024413
27 802 0.233413170266626
27 808 0.134857117524746
27 834 0.06800061509358
27 846 0.00808572354069708
27 887 0.0857838170436306
27 946 0.209102248363732
27 949 0.00932485493467782
27 1012 0.0346420628775266
27 1019 0.0840390155117681
27 1062 0.107457793515892
27 1156 0.12167069274156
27 1193 0.185481303145924
28 14 0.0176706545977767
28 16 0.0830304780149481
28 17 0.192151246609338
28 33 0.145001721015585
28 35 0.133673831651844
28 38 0.0346862231794217
28 124 0.147344857037857
28 167 0.00739742470411571
28 208 0.0508252550248944
28 251 0.00936698517499738
28 355 0.0166357429030454
28 381 0.231168834281452
28 448 0.0190242527976483
28 453 0.253231784839903
28 467 0.0308555202123956
28 471 0.00101493360601027
28 487 0.0324507216666042
28 490 0.0221136450767989
28 532 0.107025391513865
28 534 0.116777800223744
28 695 0.0408788805982106
28 697 0.158727796389136
28 702 0.169689686977388
28 766 0.203535138461007
28 809 0.242878742708849
28 814 0.0707147093392734
28 820 0.275884169576138
28 844 0.0883516416928315
28 861 0.0188124190897359
28 884 0.0748684037417343
28 1073 0.0454082932475806
28 1178 0.031909581548196
29 19 0.119172504149582
29 23 0.305283846209792
29 32 0.0255415978242457
29 35 0.0155880952450846
29 38 0.12121978836337
29 45 0.121340846918519
29 161 0.0228825612986907
29 162 0.0277101910430056
29 179 0.15031091056264
29 188 0.207894869823156
29 204 0.0857000925545683
29 242 0.066016259949405
29 298 0.0807333641977461
29 307 0.0173469852061569
29 313 0.275142266127654
29 351 0.133268851180141
29 389 0.0419438148893427
29 414 0.0475037900065079
29 429 0.036187866569208
29 460 0.353938855482382
29 479 0.119831355138669
29 508 0.0314491843373004
29 546 0.131360267635679
29 583 0.0742442941850672
29 616 0.0583610001059992
29 618 0.440108022036692
29 622 0.134591704631831
29 697 0.0110937176612056
29 716 0.057256441431992
29 799 0.0364082021224548
29 957 0.11887916414141
29 963 0.412159652474119
29 975 0.0458388769855066
29 1157 0.0550817474424638
29 1170 0.315862042725463
29 1184 0.0831952459484564
30 16 0.205154295978274
30 19 0.0637699592420438
30 23 0.0536058594971759
30 27 0.00403527289837924
30 34 0.02568202308886
30 35 0.192735722097445
30 42 0.140237042125122
30 47 0.153463368370947
30 164 0.231010924850119
30 260 0.132064427020424
30 460 0.340818410238992
30 476 0.299155300571838
30 509 0.00600746171013049
30 571 0.032711320945678
30 579 0.00982169033347084
30 680 0.0596209385972017
30 820 0.261973734520364
30 840 0.00422215401101033
30 846 0.0204570719645209
30 910 0.0454439713854821
30 934 0.0767800467515042
30 973 0.01244058686325
30 987 0.219134500020735
30 1122 0.152155960209218
30 1153 0.155777335616729
30 1203 0.0146425966188753
30 1207 0.0101985774462005
30 1208 0.0799643521568973
31 16 0.060086156424408
31 17 0.185514543655553
31 19 0.13696493447379
31 22 0.261628785631384
31 23 0.0239414013381105
31 24 0.106610988444945
31 33 0.262391915282131
31 40 0.303087316799015
31 48 0.12161635804499
31 84 0.122385949439444
31 96 0.0268962642057414
31 199 0.0465782789141894
31 216 0.0584387061882404
31 256 0.0570153429101516
31 269 0.0130397841646229
31 278 0.10957569937809
31 291 0.149901652945194
31 321 0.027719671077729
31 331 0.0685716309502184
31 504 0.272831890293957
31 516 0.0326936972607772
31 522 0.0330576575876556
31 586 0.193289357774519
31 591 0.00254329740082372
31 714 0.0127638694331073
31 794 0.0228110179028726
31 859 0.000488197204316113
31 913 0.0479062500528294
31 933 0.0469883681227727
31 1023 0.189922334867532
31 1132 0.067200505599938
31 1174 0.0661073049119576
31 1189 0.0861691758436155
31 1204 0.344812187104317
32 4 0.0712964063712347
32 16 0.0899394378283131
32 19 0.160558026355663
32 20 0.00736731337460651
32 29 0.0255415978242457
32 35 0.168052479451845
32 36 0.0645681804128884
32 37 0.00180634899077207
32 42 0.333130566954952
32 43 0.0590487983973884
32 46 0.00490270443943338
32 47 0.0398207685876691
32 50 0.20576217722827
32 86 0.108446878844779
32 110 0.0635714132453755
32 197 0.0331497245813891
32 218 0.108206079592401
32 391 0.00989698213733146
32 470 0.00982384668920045
32 564 0.0719109638336493
32 620 0.0387649104885923
32 673 0.0679025957116615
32 691 0.0462391759070342
32 692 0.0851359370328078
32 693 0.0516353048994108
32 754 0.0560148716872635
32 866 0.00565463583434299
32 885 0.232224803233115
32 940 0.0729313492797192
32 998 0.00423586321250988
32 1022 0.164441641295791
32 1151 0.100116445662684
32 1188 0.488848373651594
32 1224 0.0128820338873507
32 1241 0.0827697709662499
33 12 0.0632425506322885
33 24 0.114954158808278
33 27 0.125436775073085
33 28 0.145001721015585
33 31 0.262391915282131
33 36 0.0521490962496303
33 39 0.477820992803151
33 112 0.138920492349141
33 176 0.0129730173179673
33 264 0.00729717400785335
33 330 0.0233696566515151
33 400 0.138362173792738
33 427 0.0631636972201019
33 498 0.27747366350656
33 578 0.456661774449431
33 579 0.00359361120458551
33 600 0.233200249416692
33 611 0.0242609761804734
33 657 0.190560966273919
33 753 0.196277401712601
33 772 0.278176141516247
33 790 0.0109717416170974
33 796 0.158792703917124
33 895 0.0688773017207414
33 924 0.0452111031228342
33 1172 0.0748816057049386
33 1244 0.130230674926462
34 16 0.108119300851669
34 24 0.101193234619098
34 30 0.02568202308886
34 36 0.0167828217680301
34 37 0.148485777464916
34 40 0.139320892437299
34 41 0.163885252669708
34 43 0.136676580455561
34 45 0.132894276122124
34 47 0.0723183277668029
34 58 0.00596712993452319
34 135 0.06248598129901
34 271 0.280915961984509
34 353 0.00596736453264757
34 360 0.119725435364775
34 393 0.492619557384226
34 450 0.0377361435828543
34 528 0.232161172138794
34 561 0.175372479012891
34 729 0.0653976334462223
34 767 0.123638725927191
34 806 0.0550792187083372
34 809 0.0694732837058586
34 893 0.105230589380619
34 944 0.0031964457213065
34 979 0.0180912761635623
34 1028 0.252523849378664
34 1044 0.0343021867684142
34 1045 0.0485658785929215
34 1071 0.0154316203854936
34 1077 0.0920367529063926
34 1089 0.0317757993043518
34 1134 0.195875354252527
34 1164 0.194407745833957
34 1194 0.0930045684519613
35 1 0.265560354524543
35 19 0.138369155255452
35 20 0.00539543956290301
35 27 0.00677344489755167
35 28 0.133673831651844
35 29 0.0155880952450846
35 30 0.192735722097445
35 32 0.168052479451845
35 38 0.00119148823740395
35 41 0.0132621676334294
35 46 0.0210298421755285
35 65 0.0642713223991512
35 168 0.0362559274286321
35 180 0.0133449590687884
35 211 0.0609085724313055
35 224 0.107978293190149
35 332 0.00676320371423711
35 367 0.0246920367216361
35 441 0.0094132541777462
35 443 0.0861787402870106
35 449 0.111553581012928
35 455 0.00165203303903307
35 466 0.0822919967269116
35 525 0.0436870424113593
35 567 0.12134990890147
35 624 0.249318141929556
35 643 0.106176262155808
35 725 0.134928711178807
35 801 0.0141064705482225
35 848 0.284977586101397
35 881 0.0466584952809318
35 916 0.0824140341307843
35 970 0.482280531024453
35 992 0.0892051027554038
35 1040 0.0276235076296586
35 1105 0.332823988807445
35 1111 0.0986816098206116
35 1128 0.0230038637491173
35 1153 0.0399074993073524
36 8 0.147278155643411
36 18 0.0397436779343813
36 20 0.0400797374377143
36 21 0.0778009529815434
36 24 0.0584628930576308
36 32 0.0645681804128884
36 33 0.0521490962496303
36 34 0.0167828217680301
36 40 0.0433240367594156
36 41 0.127888428921559
36 45 0.0556186010575673
36 51 0.156840244126732
36 52 0.358361806070208
36 54 0.0546477844407287
36 131 0.0421058329715366
36 193 0.0530522331041162
36 217 0.0194212752994339
36 220 0.108716160761261
36 269 0.100063087997169
36 334 0.244782268466718
36 373 0.256568345404925
36 408 0.0940247057108253
36 421 0.0096389490658757
36 581 0.00515338136975824
36 631 0.0657153319778303
36 635 0.332896800376477
36 727 0.0210040426971678
36 959 0.0939113957534169
36 962 0.0178662307421939
36 999 0.0139488759641615
36 1018 0.0702982367414757
36 1029 0.13911922883829
36 1092 0.0380103565434257
36 1178 0.0526478177544626
36 1204 0.0900818838522207
36 1210 0.0997516608234265
37 22 0.154975327849783
37 25 0.311917397242995
37 26 0.0253259035847857
37 32 0.00180634899077207
37 34 0.148485777464916
37 46 0.110495062165221
37 47 0.173142517507643
37 49 0.0323875992322083
37 50 0.117945571915953
37 109 0.175363584120843
37 121 0.244099308859125
37 353 0.471350823021743
37 358 0.113635783629401
37 418 0.117176589207375
37 449 0.00635976462819446
37 502 0.104267128841352
37 535 0.0316344785352614
37 642 0.120171306635287
37 645 0.290050490191024
37 682 0.0888932749097496
37 684 0.170314269369874
37 782 0.0953442605058117
37 824 0.0987158258991509
37 871 0.100513773114725
37 909 0.0552351219027753
37 997 0.0153919783347539
37 1028 0.424030273512872
37 1054 0.0584313846468304
37 1058 0.0684820197173727
37 1166 0.0174179790920714
37 1186 0.0133192668924097
37 1222 0.0711189739416445
38 0 0.157903675706778
38 20 0.0882082499049849
38 22 0.0877993762201938
38 23 0.0243279755052145
38 25 0.0520839566684419
38 28 0.0346862231794217
38 29 0.12121978836337
38 35 0.00119148823740395
38 50 0.0494490826992075
38 52 0.0347010710279007
38 97 0.0464391921240715
38 115 0.0632706626872266
38 170 0.0260717267091546
38 176 0.0708688467303598
38 202 0.0515304021347081
38 210 0.310576423005789
38 249 0.0903739449474698
38 262 0.0110184345878815
38 264 0.047697942460394
38 323 0.0511399800322965
38 349 0.0260772681633311
38 556 0.0373016328793872
38 612 0.0356593571435069
38 628 0.0562978542978988
38 651 0.0198903629635406
38 656 0.0301532048179218
38 674 0.00791657393293139
38 883 0.0835392604704104
38 921 0.00818838984443356
38 923 0.178889520829973
38 983 0.0113916064162989
38 1024 0.0326557649212492
38 1026 0.0536585514732526
38 1044 0.0265439206922281
38 1065 0.151492625485883
38 1076 0.0213174866766592
38 1079 0.105430987127014
38 1123 0.0351725077808254
39 21 0.131007183370801
39 22 0.091510150948374
39 23 0.116029600600537
39 24 0.028985520434442
39 33 0.477820992803151
39 44 0.101533416372742
39 45 0.165033862029294
39 48 0.0752760016809418
39 50 0.0441899748123036
39 51 0.0981319574012505
39 52 0.0612504565350782
39 56 0.141722606888817
39 172 0.21497464295909
39 219 0.0667312125495608
39 238 0.0132770725713246
39 263 0.0197440185840065
39 425 0.0251535297506244
39 490 0.236764724132046
39 516 0.0820364359400082
39 661 0.381719884119239
39 717 0.0282833727113881
39 721 0.0558279566293255
39 745 0.0161866416993868
39 798 0.00616328000064627
39 818 0.0601335539668172
39 842 0.0912636684618204
39 870 0.0295484674488618
39 923 0.0372474924216201
39 933 0.0460138947622669
39 995 0.061465375905272
39 999 0.0137368754661173
39 1045 0.00563999546151759
39 1090 0.131715401357405
39 1147 0.00451776366385725
39 1222 0.0324808451849544
40 23 0.0138495597135299
40 24 0.000740563747888882
40 25 0.139089561710079
40 31 0.303087316799015
40 34 0.139320892437299
40 36 0.0433240367594156
40 41 0.0394479178525134
40 43 0.169807623812121
40 50 0.0522812450239508
40 51 0.0711378957003024
40 52 0.178279679298398
40 54 0.0306569805400572
40 55 0.0117677139465644
40 56 0.207463993463858
40 57 0.00354092837843435
40 78 0.0455549409220672
40 93 0.0584978471172323
40 247 0.3102321671962
40 293 0.0856976757369117
40 344 0.00147218738058262
40 400 0.00424579628010596
40 430 0.377262908566951
40 462 0.0583052778469065
40 528 0.0141538022971034
40 547 0.277673640125412
40 629 0.0529048214734051
40 644 0.0756437567681901
40 846 0.233438977694986
40 879 0.0165651382760203
40 931 0.051176656621153
40 996 0.0914239137010175
40 1171 0.0105437086237091
40 1190 0.0283279484647898
40 1208 0.0017162361572169
40 1222 0.0452635016186275
41 6 0.00974481979013878
41 9 0.0565868609589144
41 34 0.163885252669708
41 35 0.0132621676334294
41 36 0.127888428921559
41 40 0.0394479178525134
41 42 0.109572976954772
41 50 0.0473226738643629
41 52 0.0358599732806493
41 58 0.0359266362182409
41 86 0.0204762344351102
41 97 0.0274241107240464
41 154 0.223050705267707
41 221 0.265460202391615
41 240 0.189555246399036
41 270 0.195218147097515
41 373 0.0204407296529324
41 374 0.0735405598879966
41 395 0.0698113910303944
41 452 0.145073653372656
41 458 0.011749814085076
41 492 0.037190403713975
41 500 0.0102709381420889
41 523 0.0371755959368392
41 549 0.0661283220218956
41 554 0.0121117544422079
41 604 0.0296024547583018
41 614 0.0239468062776125
41 635 0.0150057596956137
41 664 0.028446107081624
41 672 0.0121397255468773
41 698 0.187719779041895
41 743 0.0033747964034892
41 752 0.117697870137202
41 756 0.0393459408557858
41 773 0.164752000316011
41 819 0.224158627660489
41 827 0.175390552075255
41 918 0.0593666755698762
41 1005 0.0227861744384476
41 1052 0.107534185630332
41 1213 0.0384178952644183
41 1220 0.134434956525914
41 1224 0.023157189845779
41 1238 0.0833199478427887
42 20 0.129284794177438
42 27 0.0380436000685502
42 30 0.140237042125122
42 32 0.333130566954952
42 41 0.109572976954772
42 44 0.153776889940411
42 47 0.0709103670406964
42 50 0.0570748496681575
42 53 0.269869010184097
42 105 0.0231751973922116
42 122 0.0301302458416626
42 164 0.441509740513838
42 183 0.011042394416844
42 239 0.298112741383546
42 275 0.191469830975793
42 296 0.0371672026646049
42 472 0.118024722474363
42 513 0.041992980820077
42 526 0.119652778133439
42 537 0.0158474336600921
42 587 0.050122733622871
42 655 0.0750952296895739
42 695 0.023115111229385
42 781 0.396060037471466
42 802 0.056361012694945
42 810 0.204701069264156
42 817 0.0393108345065629
42 828 0.0409081887982977
42 842 0.030552256952505
42 904 0.0311275113995435
42 963 0.171746756620717
42 967 0.141167383932374
42 993 0.0922709517172517
42 994 0.00370155818356806
42 1031 0.0597463894716379
42 1092 0.356144557666342
42 1202 0.074242711091308
42 1243 0.0230880826278466
42 1249 0.0196900117139587
43 26 0.00665641051191815
43 32 0.0590487983973884
43 34 0.136676580455561
