0 1 0.177856948329628
0 2 0.161954250419861
0 4 0.0335680383077717
0 5 0.0897072881845269
0 8 0.0635317596167564
0 13 0.0369513539818214
0 14 0.0125466516152682
0 165 0.0656299772709063
0 184 0.190237540071123
0 201 0.0758863757199975
0 223 0.0811094865701541
0 336 0.0264294389829809
0 502 0.0891807225942905
0 611 0.238439588241594
0 613 0.125366199611517
0 687 0.847243584744189
0 698 0.103891260861557
0 700 0.0549121701562825
0 781 0.139593680948697
0 809 0.0650790282076766
0 828 0.0141071312296303
0 842 0.109525804080315
0 986 0.205798672168791
0 987 0.109471040671284
0 989 0.0726298793346698
0 990 0.233392690987792
0 991 0.0422883106764585
0 994 0.0804551344434629
0 995 0.0906398638766773
0 996 0.122232548710883
0 997 0.0283234377025406
0 999 0.160276057313558
1 0 0.177856948329628
1 2 0.0451315569370497
1 6 0.0324645192701133
1 9 0.261873383796337
1 13 0.043665009030277
1 15 0.13750374085395
1 29 0.122517980273235
1 115 0.0326732680037016
1 119 0.0187786389019318
1 152 0.126392980647744
1 336 0.253323453860833
1 365 0.514901800030024
1 429 0.078665035630073
1 517 0.0296259265912208
1 564 0.023689777619496
1 576 0.140970459004581
1 688 0.0795765264640362
1 695 0.254882608991805
1 740 0.237783526843751
1 851 0.00253841819464222
1 878 0.11349729087483
1 987 0.110331379300649
1 989 0.262699267451856
1 991 0.0269264804810611
1 994 0.265615801541618
1 997 0.052612552461174
1 999 0.142179825735856
2 0 0.161954250419861
2 1 0.0451315569370497
2 4 0.00922870951932749
2 5 0.277675434845448
2 6 0.00891570234351738
2 7 0.0079391038451127
2 9 0.0871929429384001
2 10 0.0128122520226086
2 12 0.120212795745791
2 14 0.142026339732535
2 15 0.0695292521901345
2 84 0.156274768349461
2 98 0.187697711880404
2 150 0.0169991071358185
2 182 0.152180795912611
2 271 0.140166090503588
2 285 0.0384518574681499
2 351 0.0538035170348475
2 452 0.109262832228108
2 627 0.128711636509168
2 647 0.255145415140493
2 860 0.171633395017865
2 896 0.0593290706681013
2 916 0.070156749963684
2 988 0.0972117347826688
2 990 0.0684849850135918
2 991 0.334748322923599
2 992 0.187521484191942
2 994 0.0401473400593644
2 996 0.0216718918425661
2 997 0.139600717763466
2 999 0.119451169402955
3 4 0.0358301409479789
3 6 0.0933136853659757
3 8 0.200114925082844
3 9 0.0156591741586783
3 10 0.237742669112369
3 11 0.145236977238144
3 12 0.0617348066640591
3 13 0.0510315090163278
3 14 0.0393992073522735
3 15 0.00583003523515404
3 17 0.203872967103086
3 46 0.030908438005272
3 88 0.145984214046429
3 130 0.222415870334393
3 131 0.0305518709726565
3 161 0.288642946964949
3 166 0.0738884197282007
3 257 0.306751683902111
3 616 0.153814927042747
3 767 0.174289764081071
3 884 0.0245333085248407
3 912 0.153106840409966
3 917 0.0685263572274814
3 977 0.174841438069431
3 984 0.0177045534121437
3 989 0.63607254834739
3 993 0.238234729834364
3 994 0.032777802271196
3 995 0.124736360024857
3 996 0.488864321089573
3 999 0.0082631798710624
4 0 0.0335680383077717
4 2 0.00922870951932749
4 3 0.0358301409479789
4 5 0.253415135489143
4 6 0.174762046710672
4 8 0.280045755212204
4 9 0.0142364155458832
4 10 0.000881393856319088
4 12 0.034747473247211
4 16 0.288661128033625
4 17 0.201481641347322
4 101 0.352254579379971
4 156 0.195364378565107
4 197 0.0973298438811801
4 215 0.048458952262029
4 310 0.0446199985566392
4 399 0.0127524488611179
4 425 0.0894827453820578
4 482 0.00165130986922504
4 553 0.106622982489694
4 816 0.112132406790433
4 990 0.265023864271136
4 991 0.198213162769689
4 996 0.0489822166475097
4 997 0.110779893454567
5 0 0.0897072881845269
5 2 0.277675434845448
5 4 0.253415135489143
5 6 0.0661443564934988
5 7 0.0823435404942221
5 8 0.0924804919874049
5 11 0.121793048067608
5 12 0.237083651809577
5 16 0.391362026912262
5 17 0.173907148286764
5 18 0.049708399731487
5 19 0.00351843538308004
5 156 0.106154342318916
5 217 0.0828558690166941
5 231 0.146003129444835
5 237 0.11064865705134
5 260 0.0851265531122061
5 489 0.149520013946298
5 505 0.062687811335079
5 739 0.0156966899907759
5 767 0.0802285726338454
5 804 0.125471405165927
5 837 0.125988873122788
5 949 0.206237377081527
5 962 0.00716659228566965
5 991 0.121574967976318
5 993 0.0676268579601266
5 994 0.199292932647727
5 995 0.0711151666488255
5 996 0.102555147746581
5 997 0.0432688410776006
5 998 0.279847152221642
5 999 0.077009226004089
6 1 0.0324645192701133
6 2 0.00891570234351738
6 3 0.0933136853659757
6 4 0.174762046710672
6 5 0.0661443564934988
6 8 0.0398537095814869
6 9 0.0291488481762643
6 10 0.058401629960363
6 12 0.305320839813548
6 16 0.102067418941158
6 18 0.0924690077690722
6 57 0.239817552320586
6 115 0.0647290250030213
6 223 0.00539219204042197
6 323 0.0710920877227965
6 355 0.116394228493902
6 389 0.224728460057946
6 467 0.0781276168450071
6 505 0.131978039448471
6 640 0.0349113444738914
6 668 0.055818964055958
6 691 0.0444579095900704
6 799 0.0253801923728797
6 866 0.0258070292659452
6 911 0.154994641261086
6 947 0.0258868133323616
6 957 0.15638180360717
6 974 0.0131861689742634
6 992 0.101773013781884
6 993 0.0097213155258327
6 996 0.472549393798246
6 998 0.0498415864093006
7 2 0.0079391038451127
7 5 0.0823435404942221
7 8 0.1077868193594
7 10 0.0444575392578383
7 13 0.077535765070428
7 14 0.116681398629833
7 15 0.0498288356152457
7 18 0.0480057611604207
7 19 0.253262307320034
7 21 0.120312627420637
7 78 0.0608023341267818
7 189 0.0270573859292967
7 465 0.0296289922519623
7 528 0.0128228772398502
7 791 0.0949186106811895
7 891 0.0410714485618213
7 930 0.121150678642697
7 996 0.0225042043827255
7 997 0.0432184358362147
7 999 0.0303576483930588
8 0 0.0635317596167564
8 3 0.200114925082844
8 4 0.280045755212204
8 5 0.0924804919874049
8 6 0.0398537095814869
8 7 0.1077868193594
8 10 0.114823201737716
8 11 0.00103322050690611
8 13 0.0685095131994344
8 14 0.218523716434509
8 22 0.0920161448833016
8 72 0.00935007665955426
8 122 0.0404968114991918
8 154 0.0743549485664923
8 187 0.147476958611384
8 270 0.0376254602038579
8 276 0.228039297697993
8 391 0.0010228686394023
8 437 0.110720347568671
8 487 0.0444294389859685
8 500 0.056965670433528
8 552 0.0305600626503911
8 637 0.009896059415807
8 744 0.0368186432260734
8 769 0.00315787659900518
8 831 0.020762945014285
8 858 0.0608095527669462
8 891 0.357864754519437
8 952 0.00649274549457656
8 957 0.158406326642545
8 997 0.0653071074005668
9 1 0.261873383796337
9 2 0.0871929429384001
9 3 0.0156591741586783
9 4 0.0142364155458832
9 6 0.0291488481762643
9 15 0.00676149040103432
9 18 0.0704755566758005
9 19 0.0338053499385227
9 21 0.07515628532579
9 102 0.057257749607574
9 189 0.0460758362053472
9 199 0.449644998700152
9 265 0.186356693817551
9 366 0.215940603582167
9 391 0.218882068933341
9 425 0.026053958737834
9 645 0.149034113844124
9 646 0.108466104081633
9 743 0.0466577220704228
9 748 0.0373429878008404
9 777 0.0743359672793381
9 922 0.0165597148661865
9 939 0.00501828684705788
9 996 0.0727059322582697
9 997 0.0528218454321021
9 998 0.119324942433122
10 2 0.0128122520226086
10 3 0.237742669112369
10 4 0.000881393856319088
10 6 0.058401629960363
10 7 0.0444575392578383
10 8 0.114823201737716
10 11 0.138347504733519
10 12 0.0114394969989084
10 14 0.0451768868958774
10 15 0.109085672830313
10 18 0.0936213113155382
10 19 0.0754897127858205
10 23 0.118833199697327
10 32 0.206778992355922
10 128 0.211140296077503
10 143 0.310866363331082
10 159 0.293438261100208
10 271 0.0340361117151568
10 353 0.105695179294086
10 385 0.00468258029830498
10 478 0.0116405480868518
10 514 0.114898776918146
10 580 0.348667995421068
10 722 0.0311425518335125
10 737 0.149412721198642
10 833 0.0205418798110672
10 998 0.154744017703647
10 999 0.0379285460269916
11 3 0.145236977238144
11 5 0.121793048067608
11 8 0.00103322050690611
11 10 0.138347504733519
11 13 0.0319761747354407
11 14 0.238606074339363
11 15 0.011095875630414
11 16 0.0448225994950738
11 19 0.117393068986647
11 21 0.0724868489471101
11 22 0.0741033197383169
11 74 0.000663369486033806
11 200 0.0940684263958056
11 375 0.0194549100735626
11 420 0.539916127080575
11 460 0.203529941300188
11 462 0.297190296112588
11 474 0.382075943871205
11 591 0.169605171025873
11 609 0.00168372717211885
11 638 0.124083602940915
11 737 0.105116446371251
11 746 0.143823236424636
11 999 0.080455643001522
12 2 0.120212795745791
12 3 0.0617348066640591
12 4 0.034747473247211
12 5 0.237083651809577
12 6 0.305320839813548
12 10 0.0114394969989084
12 15 0.0239658607891029
12 17 0.0418610910795731
12 18 0.0185818333993945
12 21 0.159928108238012
12 22 0.00422516904671604
12 23 0.116390913133723
12 25 0.0169695633987656
12 26 0.00288884577665198
12 46 0.00225430246765602
12 50 0.0796467596031852
12 95 0.103714044523977
12 165 0.0690087291048156
12 208 0.000467498149275314
12 267 0.189074838153698
12 319 0.0702219494155008
12 393 0.106183380756605
12 447 0.213740104572217
12 477 0.0365716649328124
12 522 0.0616576136690193
12 529 0.0880512839946412
12 530 0.142155921084601
12 719 0.200106818466155
12 720 0.118282886830274
12 734 0.11737950533741
12 785 0.063941072241702
12 933 0.0799310857778321
12 942 0.129204605481142
12 989 0.218155979775304
13 0 0.0369513539818214
13 1 0.043665009030277
13 3 0.0510315090163278
13 7 0.077535765070428
13 8 0.0685095131994344
13 11 0.0319761747354407
13 14 0.1259488068452
13 15 0.0973734557118867
13 16 0.121617543676212
13 17 0.172263090391332
13 19 0.131251846365127
13 20 0.0176256853102869
13 21 0.219420994750018
13 51 0.133390747925263
13 52 0.0477817347456751
13 196 0.0178042258156368
13 243 0.097012925519817
13 262 0.0676113459890197
13 308 0.19934116580853
13 320 0.0419031182753144
13 340 0.0452913983967006
13 364 0.50456930235576
13 390 0.140700807999758
13 452 0.0941989362164395
13 478 0.0925330829472788
13 658 0.0681084504475208
13 696 0.00590853082339806
13 866 0.0684313911116411
13 901 0.365413514637662
13 922 0.0334999018899831
13 946 0.121264624032124
13 950 0.107742458787128
13 978 0.0919326008712111
13 999 0.0950656793936479
14 0 0.0125466516152682
14 2 0.142026339732535
14 3 0.0393992073522735
14 7 0.116681398629833
14 8 0.218523716434509
14 10 0.0451768868958774
14 11 0.238606074339363
14 13 0.1259488068452
14 15 0.111866322570295
14 16 0.0946682761583729
14 23 0.251711282967706
14 24 0.165086953838305
14 26 0.242636309707852
14 40 0.00497784445716597
14 61 0.093553311288064
14 77 0.0378758393868759
14 200 0.0968777774557391
14 325 0.0108211294499077
14 382 0.00383674092937002
14 460 0.13166048492779
14 544 0.0472397406362449
14 560 0.180296750394231
14 579 0.186394148120271
14 738 0.0780100453782195
14 744 0.0813578666543542
14 801 0.0491819462622551
14 848 0.0109659844143241
14 849 0.0143773525454386
14 971 0.105312638970681
14 993 0.00929769628951971
15 1 0.13750374085395
15 2 0.0695292521901345
15 3 0.00583003523515404
15 7 0.0498288356152457
15 9 0.00676149040103432
15 10 0.109085672830313
15 11 0.011095875630414
15 12 0.0239658607891029
15 13 0.0973734557118867
15 14 0.111866322570295
15 16 0.0355642064643449
15 18 0.0293622083890101
15 19 0.00612091951212348
15 21 0.0692681479870417
15 25 0.198678528911972
15 29 0.096489906080155
15 185 0.0434473848725461
15 247 0.0412069664103819
15 262 0.0766928606314363
15 291 0.0151968349830271
15 434 0.00672002646373845
15 491 0.0316880946053512
15 512 0.0382379530353157
15 538 0.0462489937336381
15 792 0.0710823773824428
15 806 0.0467170929868437
15 825 0.110529194312966
15 830 0.371674881690232
15 841 0.11282408176108
16 4 0.288661128033625
16 5 0.391362026912262
16 6 0.102067418941158
16 11 0.0448225994950738
16 13 0.121617543676212
16 14 0.0946682761583729
16 15 0.0355642064643449
16 18 0.0863538102833442
16 19 0.0260744221606507
16 20 0.0134032436389629
16 22 0.102598824131617
16 23 0.0871747707269138
16 24 0.100587232589263
16 25 0.0930736951694421
16 26 0.0175625710244025
16 28 0.07974325850174
16 221 0.206483390511275
16 289 0.0314532220283805
16 355 0.0905531104200321
16 466 0.0230057093894025
16 584 0.0285487765246596
16 701 0.125896941193755
16 798 0.175847603455236
16 827 0.0815120533597754
16 865 0.0291089654137553
16 942 0.101226497799476
17 3 0.203872967103086
17 4 0.201481641347322
17 5 0.173907148286764
17 12 0.0418610910795731
17 13 0.172263090391332
17 18 0.016930659668725
17 20 0.0804923554156614
17 22 0.00782757520995489
17 23 0.0208257387365335
17 28 0.227062842153487
17 29 0.0244841060220686
17 30 0.010547896044
17 128 0.146779444291574
17 241 0.152691783912641
17 303 0.284067350969237
17 344 0.341946759661192
17 354 0.0327334305017894
17 428 0.0153539651586351
17 447 0.0484147244932671
17 672 0.0087743713216799
17 716 0.0192941227925627
17 861 0.0246014391700407
17 898 0.0469714897286289
17 934 0.113638996788659
17 944 0.0770814899147665
18 5 0.049708399731487
18 6 0.0924690077690722
18 7 0.0480057611604207
18 9 0.0704755566758005
18 10 0.0936213113155382
18 12 0.0185818333993945
18 15 0.0293622083890101
18 16 0.0863538102833442
18 17 0.016930659668725
18 19 0.0553511099421528
18 26 0.116582331058721
18 27 0.122092443158283
18 29 0.122657616317375
18 30 0.221878188801691
18 32 0.177057440132605
18 148 0.00887616201506883
18 227 0.00331334221190089
18 282 0.0577388940573812
18 340 0.038706515528242
18 431 0.0135889634849716
18 550 0.0380578646912121
18 674 0.00568826129825759
18 705 0.0947070416643459
18 746 0.192760526617903
18 756 0.0569712675671193
18 858 0.232961677026055
18 890 0.101607459247821
18 938 0.0106208010204115
19 5 0.00351843538308004
19 7 0.253262307320034
19 9 0.0338053499385227
19 10 0.0754897127858205
19 11 0.117393068986647
19 13 0.131251846365127
19 15 0.00612091951212348
19 16 0.0260744221606507
19 18 0.0553511099421528
19 21 0.00972411479423822
19 25 0.114628652481442
19 26 0.0121366311304726
19 27 0.00399142319327686
19 28 0.0287252698977561
19 29 0.092898321376792
19 31 0.0235913776992944
19 32 0.228351461904044
19 33 0.156564018965333
19 116 0.00543737684652125
19 166 0.712638380503378
19 310 0.0903266294297229
19 315 0.0846922596694155
19 334 0.374151006020669
19 411 0.0502557807133793
19 418 0.411278438460922
19 453 0.130326590368574
19 479 0.118573159108569
19 509 0.171376681583637
19 545 0.170174908952057
19 550 0.0238101697396318
19 553 0.128883882467679
19 638 0.0271339503283068
19 698 0.181284009592609
19 726 0.117434378253682
19 804 0.00580592162168369
19 805 0.0598006646639993
19 852 0.100374444950481
19 909 0.0913867470161888
20 13 0.0176256853102869
20 16 0.0134032436389629
20 17 0.0804923554156614
20 21 0.260101426021087
20 23 0.0703838936194655
20 28 0.321244552326376
20 33 0.00507926917842094
20 223 0.0954851131861034
20 225 0.171081854202581
20 474 0.0381418896970766
20 518 0.0591764179478412
20 546 0.244270453079108
20 627 0.171013646261849
20 633 0.191352239368051
20 645 0.14415294740217
20 669 0.0949396585445445
20 719 0.155100487159225
20 741 0.79632335198003
20 769 0.259123097485376
20 800 0.0525994947315086
20 850 0.160135102928682
20 905 0.116061860336502
20 939 0.00326690819838227
21 7 0.120312627420637
21 9 0.07515628532579
21 11 0.0724868489471101
21 12 0.159928108238012
21 13 0.219420994750018
21 15 0.0692681479870417
21 19 0.00972411479423822
21 20 0.260101426021087
21 24 0.116635974734513
21 26 0.0819648173848121
21 27 0.13789126929063
21 30 0.280638494208295
21 31 0.0235889181740725
21 32 0.0632984835919068
21 33 0.0471431790489211
21 35 0.107256182404812
21 69 0.00631866233034207
21 80 0.0503052237797621
21 123 0.166580820370598
21 245 0.036883984000652
21 416 0.0435568917479013
21 746 0.161905124266542
21 769 0.0206200084284091
21 901 0.132506116239742
21 981 0.0566971138106539
22 8 0.0920161448833016
22 11 0.0741033197383169
22 12 0.00422516904671604
22 16 0.102598824131617
22 17 0.00782757520995489
22 23 0.0361441945956293
22 25 0.127330549858909
22 26 0.135710169810006
22 27 0.199797433940144
22 31 0.225603891156537
22 32 0.158507020660819
22 36 0.111932080796213
22 53 0.0443436935141699
22 134 0.0710625819773127
22 176 0.0490613666397748
22 393 0.133608150893002
22 457 0.0669467038484047
22 489 0.0182867457940655
22 614 0.234562423085818
22 664 0.138797051598642
22 854 0.32502125544882
22 937 0.063262655950232
22 980 0.234479956814612
23 10 0.118833199697327
23 12 0.116390913133723
23 14 0.251711282967706
23 16 0.0871747707269138
23 17 0.0208257387365335
23 20 0.0703838936194655
23 22 0.0361441945956293
23 25 0.0416521619469121
23 30 0.108800820560552
23 31 0.0163347230002865
23 34 0.356897956137827
23 35 0.00972629569166375
23 37 0.0342804592051906
23 55 0.237482245854091
23 66 0.125671365475373
23 187 0.0865338432619262
23 308 0.0661190980133315
23 806 0.218390166961214
23 899 0.0163161259163142
23 900 0.0494256900935845
23 913 0.238564720172192
24 14 0.165086953838305
24 16 0.100587232589263
24 21 0.116635974734513
24 26 0.0704701423702768
24 27 0.280216228514082
24 28 0.0893980371515845
24 33 0.063060020292849
24 34 0.0714793287887623
24 37 0.0797185163580125
24 38 0.0609001022474923
24 52 0.030065415229663
24 58 0.266460918247121
24 88 0.107816003633547
24 142 0.0095053165315278
24 362 0.118880629960997
24 501 0.130634085510355
24 664 0.0768679250902594
24 802 0.0790987900290034
24 853 0.04873310534855
24 873 0.0743907596777844
24 897 0.0316255154653244
24 970 0.0110385650570152
24 991 0.0159724175271424
25 12 0.0169695633987656
25 15 0.198678528911972
25 16 0.0930736951694421
25 19 0.114628652481442
25 22 0.127330549858909
25 23 0.0416521619469121
25 26 0.00637916701941124
25 30 0.0523845122565783
25 32 0.0485724307437114
25 38 0.0977137045322336
25 107 0.0579369783316741
25 120 0.0497960478604167
25 206 0.136437344461587
25 303 0.106912096431737
25 307 0.0604266771006845
25 361 0.0145666934708918
25 388 0.331086312610131
25 433 0.16108078030052
25 437 0.103032309000386
25 452 0.0700367903945625
25 522 0.030349805084223
25 672 0.197648798731672
25 755 0.217171827725889
25 914 0.0384550940467235
25 993 0.047456983968246
26 12 0.00288884577665198
26 14 0.242636309707852
26 16 0.0175625710244025
26 18 0.116582331058721
26 19 0.0121366311304726
26 21 0.0819648173848121
26 22 0.135710169810006
26 24 0.0704701423702768
26 25 0.00637916701941124
26 28 0.032216932106144
26 29 0.142950217750892
26 30 0.115050472451346
26 31 0.102058330464692
26 33 0.11029659552917
26 34 0.418647151352058
26 37 0.0194269273282609
26 39 0.00720212132354309
26 40 0.0826983705580143
26 54 0.048476043240254
26 324 0.0571972091911845
26 362 0.267929958426689
26 397 0.0493344014069973
26 416 0.0549806936384411
26 438 0.162044953846554
26 461 0.129750364781498
26 502 0.0129867121475119
26 529 0.0260877632575107
26 601 0.350469344909956
26 809 0.195839939577089
27 18 0.122092443158283
27 19 0.00399142319327686
27 21 0.13789126929063
27 22 0.199797433940144
27 24 0.280216228514082
27 29 0.104976657892984
27 30 0.0689558034466258
27 32 0.0505284574427115
27 33 0.0359913446202521
27 35 0.0815748054663534
27 36 0.452492191769431
27 37 0.112161000219174
27 38 0.0249883634672737
27 40 0.187496997288971
27 41 0.0339377227806695
27 47 0.037195355164641
27 134 0.194392205501699
27 177 0.393593655946147
27 184 0.0188928052076718
27 488 0.0339919808626285
27 516 0.00783688294924007
27 544 0.0277260462261196
27 630 0.0731048235446292
27 637 0.00700828032475925
27 663 0.136860660298091
27 721 0.275836786848762
27 760 0.180403871058136
27 776 0.258705898222799
27 829 0.00804212158476056
27 858 0.00903025261480971
27 864 0.0180518471071864
27 915 0.0310481142847355
27 934 0.272853943431697
27 953 0.0824341351575654
28 16 0.07974325850174
28 17 0.227062842153487
28 19 0.0287252698977561
28 20 0.321244552326376
28 24 0.0893980371515845
28 26 0.032216932106144
28 29 0.0844365202871289
28 31 0.148273137466443
28 33 0.0581763114713407
28 35 0.0492379542531617
28 37 0.00863660950983727
28 40 0.0462229379390678
28 42 0.0176886327862812
28 62 0.211793294383905
28 193 0.282524763720953
28 358 0.23327530954335
28 374 0.0420160969038994
28 392 0.072279254879752
28 410 0.00463868910977183
28 500 0.107359099538735
28 589 0.0471443949435364
28 701 0.0273098738126622
28 737 0.0388215279389444
28 820 0.1180005446038
28 877 0.0480437814188855
28 900 0.0154640357931543
29 1 0.122517980273235
29 15 0.096489906080155
29 17 0.0244841060220686
29 18 0.122657616317375
29 19 0.092898321376792
29 26 0.142950217750892
29 27 0.104976657892984
29 28 0.0844365202871289
29 30 0.133799652027847
29 31 0.184383937427237
29 35 0.140338252620945
29 39 0.0211597588288733
29 40 0.168755828824554
29 42 0.176070065737328
29 43 0.173831532811474
29 95 0.128253876439993
29 172 0.0918276984363586
29 348 0.254678663948218
29 397 0.197970383492264
29 434 0.00401402230207724
29 446 0.121102637849941
29 451 0.0210473542115486
29 632 0.177337202417984
29 674 0.275131316904106
29 758 0.279336184438658
29 806 0.00161499120324099
29 811 0.0407652798989639
29 860 0.253395035083609
30 17 0.010547896044
30 18 0.221878188801691
30 21 0.280638494208295
30 23 0.108800820560552
30 25 0.0523845122565783
30 26 0.115050472451346
30 27 0.0689558034466258
30 29 0.133799652027847
30 31 0.0291178420902357
30 35 0.229183157858203
30 36 0.0562456794197157
30 40 0.17882696104848
30 41 0.108995752098566
30 42 0.0172663744630618
30 43 0.0669263393938258
30 44 0.0465689180686937
30 131 0.0100557312439231
30 203 0.040483794160682
30 252 0.00739131116790479
30 365 0.167137106424887
30 419 0.0482442858765173
30 521 0.0419293778672835
30 603 0.0798476505950793
30 613 0.0730797362348869
30 624 0.0295649637538521
30 728 0.119171429139852
30 815 0.0732839026879836
30 875 0.0359906163769249
30 949 0.0194360780365703
30 984 0.0541596889974812
31 19 0.0235913776992944
31 21 0.0235889181740725
31 22 0.225603891156537
31 23 0.0163347230002865
31 26 0.102058330464692
31 28 0.148273137466443
31 29 0.184383937427237
31 30 0.0291178420902357
31 32 0.00969540970669148
31 39 0.0184056809249048
31 40 0.052520955015016
31 43 0.391762053922095
31 44 0.232754603856829
31 45 0.00694025649302612
31 102 0.0579108988583364
31 286 0.0765671953721919
31 343 0.0407277092464862
31 401 0.0011807591157176
31 505 0.400119941708375
31 624 0.378771702808888
31 658 0.229854751889303
31 709 0.00414852308978924
31 806 0.0521400868910484
31 836 0.0866661526371695
31 945 0.0240472911150094
31 975 0.0477421376310943
32 10 0.206778992355922
32 18 0.177057440132605
32 19 0.228351461904044
32 21 0.0632984835919068
32 22 0.158507020660819
32 25 0.0485724307437114
32 27 0.0505284574427115
32 31 0.00969540970669148
32 34 0.0112313662992208
32 36 0.0551641705864837
32 38 0.0128334457359308
32 41 0.101488087577024
32 42 0.17820569822311
32 45 0.104177659631933
32 46 0.0122282123338518
32 251 0.109284506477834
32 259 0.11133882231003
32 269 0.287654639438093
32 331 0.0194666786466711
32 334 0.509207457407691
32 365 0.413246613112148
32 407 0.121474234251858
32 668 0.199501962481228
32 673 0.132212536667175
32 757 0.115183358856734
32 825 0.0349485566983981
32 862 0.188020556466641
32 934 0.0167945778034742
33 19 0.156564018965333
33 20 0.00507926917842094
33 21 0.0471431790489211
33 24 0.063060020292849
33 26 0.11029659552917
33 27 0.0359913446202521
33 28 0.0581763114713407
33 34 0.0148484447649177
33 35 0.185366401447521
33 36 0.0518178816013999
33 37 0.081146966559744
33 40 0.0168487564859009
33 41 0.14979710271788
33 44 0.048240442442876
33 45 0.000753156176366398
33 86 0.0219415077632289
33 172 0.0683058819881811
33 177 0.261176333276732
33 226 0.128270535550317
33 276 0.120847733958172
33 330 0.137991998693902
33 377 0.0375330538691744
33 540 0.0414551926543959
33 551 0.145177024738814
33 868 0.157599537508606
33 976 0.0617697407880749
34 23 0.356897956137827
34 24 0.0714793287887623
34 26 0.418647151352058
34 32 0.0112313662992208
34 33 0.0148484447649177
34 36 0.0831233155980784
34 37 0.409939840185528
34 41 0.0824875129852834
34 42 0.138999561463304
34 43 0.0238432987061828
34 46 0.183650072025704
34 47 0.00986416238463128
34 96 0.00292872586227896
34 163 0.0396820429736854
34 175 0.0724818157343584
34 244 0.137132356238054
34 253 0.0184769476960834
34 256 0.403985807898596
34 338 0.245407265619009
34 601 0.16554589511888
34 704 0.0474282969723026
34 716 0.102974440552558
34 795 0.195079110166137
35 21 0.107256182404812
35 23 0.00972629569166375
35 27 0.0815748054663534
35 28 0.0492379542531617
35 29 0.140338252620945
35 30 0.229183157858203
35 33 0.185366401447521
35 38 0.0405100012063158
35 41 0.366441913691172
35 43 0.138282261779739
35 47 0.117466610343191
35 49 0.277659737955657
35 205 0.229810949111656
35 235 0.437303160900048
35 260 0.107349347919492
35 270 0.324148062505592
35 295 0.356254499174582
35 316 0.0667027305794313
35 488 0.00909114094410477
35 496 0.0571209551845147
35 569 0.134359932011269
35 579 0.0987115710890156
35 581 0.0868262687803976
35 803 0.159912071822601
35 820 0.0803443637900351
35 840 0.279294396949788
35 851 0.00703254249760052
35 943 0.0784857733179358
35 966 0.0048117777974338
36 22 0.111932080796213
36 27 0.452492191769431
36 30 0.0562456794197157
36 32 0.0551641705864837
36 33 0.0518178816013999
36 34 0.0831233155980784
36 37 0.0659792471304859
36 40 0.0141382842939749
36 46 0.0513955371022217
36 47 0.0285884887813105
36 49 0.0360556418421912
36 50 0.138083325911483
36 72 0.0704176723678475
36 81 0.0555723409378596
36 138 0.0418612515354957
36 143 0.138685814170438
36 169 7.22247904149022e-05
36 216 0.012341577697224
36 273 0.0252128596888415
36 300 0.315946947902031
36 346 0.0240331311020899
36 360 0.117012112416939
36 407 0.00882312964330696
36 414 0.259270490234381
36 440 0.14064496340055
36 455 0.0676318021590172
36 560 0.0153807337383
36 571 0.123931993376241
36 680 0.0245586569882886
36 819 0.17491505213125
36 935 0.00907670691699074
37 23 0.0342804592051906
37 24 0.0797185163580125
37 26 0.0194269273282609
37 27 0.112161000219174
37 28 0.00863660950983727
37 33 0.081146966559744
37 34 0.409939840185528
37 36 0.0659792471304859
37 38 0.0503055561496668
37 39 0.0792900092837927
37 43 0.0744917670995846
37 45 0.0857504590711599
37 46 0.0733216893514726
37 48 0.0707253600072006
37 49 0.142307070380694
37 50 0.0890986593934943
37 99 0.0613570594585907
37 206 0.041309456331427
37 337 0.0715623602139798
37 436 0.292516319214656
37 506 0.0244336943611529
37 661 0.0479501119309606
37 683 0.108138696011509
37 876 0.0399073758948923
37 891 0.0465224803825488
37 984 0.151491465871993
38 24 0.0609001022474923
38 25 0.0977137045322336
38 27 0.0249883634672737
38 32 0.0128334457359308
38 35 0.0405100012063158
38 37 0.0503055561496668
38 39 0.0465792317876386
38 40 0.124733802404476
38 43 0.545070136170249
38 46 0.141426999641564
38 48 0.150042525804325
38 49 0.0569552160597858
38 50 0.250467499990044
38 52 0.0868470946271426
38 81 0.156791329391273
38 98 0.0717878660494412
38 313 0.0610854759156153
38 323 0.0754391106398106
38 426 0.0755633274721095
38 581 0.00892514865407168
38 657 0.0787029208702574
38 722 0.00552243686407509
38 863 0.13015180754376
38 936 0.0573772040540153
39 26 0.00720212132354309
39 29 0.0211597588288733
39 31 0.0184056809249048
39 37 0.0792900092837927
39 38 0.0465792317876386
39 40 0.322816857634504
39 44 0.298055677285575
39 46 0.178071481852316
39 47 0.136274367703348
39 48 0.051528324714744
39 50 0.132385446867077
39 62 0.0672397162773313
39 87 0.0298360718239427
39 208 0.0803518060345818
39 510 0.0784806395945272
39 572 0.179696914213175
39 658 0.0432024064354507
39 686 0.00302776129497128
39 754 0.019197528509665
39 772 0.299342825234503
39 811 0.00461263389112179
39 833 0.151618302899924
39 861 0.144067751629061
39 914 0.0088226225322154
39 946 0.408136576289111
39 970 0.0744661487953222
40 14 0.00497784445716597
40 26 0.0826983705580143
40 27 0.187496997288971
40 28 0.0462229379390678
40 29 0.168755828824554
40 30 0.17882696104848
40 31 0.052520955015016
40 33 0.0168487564859009
40 36 0.0141382842939749
40 38 0.124733802404476
40 39 0.322816857634504
40 42 0.00700637929448388
40 44 0.184892455659339
40 46 0.188706901476297
40 47 0.262868349931312
40 50 0.178112008383291
40 52 0.0627169174358601
40 53 0.0845372494413509
40 54 0.0843575676140079
40 168 0.191084774001092
40 204 0.110607303022893
40 407 0.0174174413733046
40 491 0.0518868138620784
40 553 0.0903222242668835
40 594 0.0683035280353822
40 674 0.0152480744794264
40 686 0.138157592000183
40 713 0.252256717650724
40 727 0.171292676112638
40 734 0.0754019563326422
40 796 0.0867175084152519
40 898 0.0427475092138538
40 998 0.0111995020989616
41 27 0.0339377227806695
41 30 0.108995752098566
41 32 0.101488087577024
41 33 0.14979710271788
41 34 0.0824875129852834
41 35 0.366441913691172
41 42 0.11007419236956
41 44 0.177984029781531
41 47 0.180751489603127
41 48 0.0106372330983165
41 51 0.182962561916323
41 52 0.00250785612429655
41 55 0.0695690435572369
41 77 0.00353186322282274
41 242 0.232006577147543
41 243 0.0770712742980156
41 271 0.269911489200546
41 409 0.0971063937590476
41 412 0.0186322781133012
41 612 0.545523174862784
41 725 0.0461520275113947
41 822 0.0393231915968421
41 908 0.144546833838102
41 927 0.565644101515974
41 943 0.0183722139574047
42 28 0.0176886327862812
42 29 0.176070065737328
42 30 0.0172663744630618
42 32 0.17820569822311
42 34 0.138999561463304
42 40 0.00700637929448388
42 41 0.11007419236956
42 45 0.010653637098279
42 46 0.0500288019736663
42 49 0.101235981250104
42 50 0.0330432957392174
42 51 0.294082164249163
42 54 0.118260468964675
42 56 0.041671380671396
42 107 0.123346667787499
42 272 0.0220240463693812
42 322 0.0193317876872589
42 403 0.146895616470663
42 452 0.024788025751285
42 518 0.0541787321970188
42 553 0.112207521535955
42 561 0.126357136835167
42 587 0.0869925607276331
42 671 0.0291524822937326
42 703 0.00973352295801185
42 824 0.134357424703726
42 854 0.236928293209011
42 881 0.0210014777189029
42 940 0.0697691371454616
42 951 0.393243923432759
43 29 0.173831532811474
43 30 0.0669263393938258
43 31 0.391762053922095
43 34 0.0238432987061828
43 35 0.138282261779739
43 37 0.0744917670995846
43 38 0.545070136170249
43 45 0.319456662574836
43 48 0.0200196490779067
43 50 0.157710240793621
43 55 0.0448012488574603
43 56 0.16628241366347
43 75 0.0964510852825911
43 82 0.142799462551449
43 148 0.0634276443120472
43 181 0.182692076160022
43 196 0.00201139586999252
43 228 0.135591682571095
43 284 0.0459331639890591
43 385 0.0155767800970257
43 397 0.0184086298567594
43 429 0.122990970925676
43 439 0.298462599521899
43 447 0.000527132732620301
43 501 0.221165729457103
43 662 0.277482647969385
43 676 0.18649579500806
43 742 0.134487134425176
43 756 0.26897958126014
43 792 0.000727814727293206
43 819 0.139948422095508
43 841 0.0593074018685798
43 913 0.0355704268941577
43 950 0.216986900099566
44 30 0.0465689180686937
44 31 0.232754603856829
44 33 0.048240442442876
44 39 0.298055677285575
44 40 0.184892455659339
44 41 0.177984029781531
44 47 0.623796566010023
44 48 0.109696032636277
44 51 0.302686490017509
44 54 0.0601625278958584
44 57 0.14554274381665
44 101 0.184432534700398
44 126 0.0534042891492482
44 207 0.0268342478104869
44 315 0.215336845282198
44 338 0.134114355130519
44 349 0.131799613830367
44 410 0.00485483023869742
44 511 0.0435362848873284
44 575 0.066089434689476
44 660 0.0540789280714737
44 686 0.00325521260215849
44 772 0.0718018165071646
44 815 0.00703908090504814
44 958 0.0287130734308713
45 31 0.00694025649302612
45 32 0.104177659631933
45 33 0.000753156176366398
45 37 0.0857504590711599
45 42 0.010653637098279
45 43 0.319456662574836
45 52 0.0267291243727166
45 54 0.160645982946919
45 55 0.168261629036841
45 56 0.142222575220018
45 59 0.0937270982989356
45 106 0.000506244169327635
45 167 0.0569017736222041
45 286 0.0573254440333123
45 332 0.00250022786018907
45 451 0.11023863521912
45 521 0.0922625208313415
45 557 0.0637189417004317
45 572 0.165129463639317
45 646 0.162728234480641
45 693 0.0953605464166259
45 731 0.0880730280196773
45 839 0.0581697909058233
45 913 0.169347577455367
45 919 0.0191442976117254
45 921 0.132627877616169
45 937 0.18517228254287
45 943 0.0059268153838158
46 3 0.030908438005272
46 12 0.00225430246765602
46 32 0.0122282123338518
46 34 0.183650072025704
46 36 0.0513955371022217
46 37 0.0733216893514726
46 38 0.141426999641564
46 39 0.178071481852316
46 40 0.188706901476297
46 42 0.0500288019736663
46 49 0.0375269152115778
46 50 0.191391145422673
46 54 0.0541380327273545
46 55 0.272652470905019
46 56 0.0325834201597157
46 57 0.0936087916774913
46 59 0.0686585440427516
46 111 0.0807705906448917
46 254 0.0858854830628656
46 278 0.208767739974163
46 373 0.0611454992268665
46 459 0.119784699860223
46 495 0.208228145785179
46 667 0.0769200111813335
46 801 0.0884238778722219
46 874 0.121141486880922
46 901 0.202307502559819
46 935 0.0438984273834902
46 947 0.169371293525248
47 27 0.037195355164641
47 34 0.00986416238463128
47 35 0.117466610343191
47 36 0.0285884887813105
47 39 0.136274367703348
47 40 0.262868349931312
47 41 0.180751489603127
47 44 0.623796566010023
47 49 0.00630076279926634
47 50 0.0315802063447371
47 53 0.533961419527153
47 54 0.0617537788375548
47 56 0.00876171116788729
47 57 0.0788856061746476
47 58 0.108053265217874
47 60 0.0541460550316802
47 62 0.0720312363257751
47 220 0.325918439123701
47 279 0.0146280538603424
47 302 0.0138239268840775
47 350 0.0706710691118278
47 478 0.033013810963754
47 566 0.257529137711854
47 640 0.0962162893645483
47 672 0.105926937298271
47 774 0.319805004326465
47 848 0.151518534441092
47 931 0.0423392082055739
47 950 0.0844731368796166
47 966 0.310329255228246
48 37 0.0707253600072006
48 38 0.150042525804325
48 39 0.051528324714744
48 41 0.0106372330983165
48 43 0.0200196490779067
48 44 0.109696032636277
48 51 0.0068767433824633
48 53 0.124502867898853
48 54 0.0739278074178283
48 58 0.468778890199094
48 59 0.0252879685086
48 60 0.0272323499653194
48 61 0.174435737322015
48 97 0.293473723690179
48 135 0.0995101455652624
48 165 0.17933833896037
48 335 0.0749537314945962
48 380 0.182155538965938
48 402 0.266235352475564
48 510 0.0758517798335272
48 532 0.0635938860664518
48 647 0.0218982759743173
48 706 0.145817749381161
48 825 0.0689132355747314
48 914 0.135123574085107
48 984 0.033931715255951
49 35 0.277659737955657
49 36 0.0360556418421912
49 37 0.142307070380694
49 38 0.0569552160597858
49 42 0.101235981250104
49 46 0.0375269152115778
49 47 0.00630076279926634
49 50 0.253270518603965
49 52 0.236308046797071
49 53 0.228652121549565
49 54 0.0131489405174137
49 56 0.128412707177944
49 58 0.194566927985734
49 60 0.144520397283974
49 61 0.0252642492818098
49 62 0.416807428027657
49 63 0.277476028566297
49 83 0.0701879346408097
49 89 0.26127629426762
49 96 0.124315301637132
49 384 0.306065100453914
49 391 0.0610214414505348
49 481 0.052561943642755
49 697 0.252524744415683
49 778 0.0883419884902809
49 850 0.351252883269902
49 933 0.0673629150145699
50 12 0.0796467596031852
50 36 0.138083325911483
50 37 0.0890986593934943
50 38 0.250467499990044
50 39 0.132385446867077
50 40 0.178112008383291
50 42 0.0330432957392174
50 43 0.157710240793621
50 46 0.191391145422673
50 47 0.0315802063447371
50 49 0.253270518603965
50 51 0.0413457428150826
50 53 0.157924962828791
50 55 0.0372029135294182
50 58 0.043317481336884
50 60 0.0326219333685145
50 63 0.217605741167423
50 65 0.0679265942317334
50 113 0.0307980676378279
50 187 0.0895546132565631
50 260 0.0467617466694161
50 319 0.106041824840998
50 323 0.0892127234297987
50 341 0.0110426198658355
50 390 0.0908836117721679
50 497 0.0546275358389015
50 517 0.048062440793124
50 520 0.000277739939534799
50 703 0.0408500133433278
50 798 0.0787452080240743
50 800 0.167844793790931
50 832 0.0756525961783107
50 874 0.0187399422917667
50 915 0.0567789882903217
50 926 0.113945914231629
51 13 0.133390747925263
51 41 0.182962561916323
51 42 0.294082164249163
51 44 0.302686490017509
51 48 0.0068767433824633
51 50 0.0413457428150826
51 52 0.00496171417685841
51 56 0.0394810537064587
51 57 0.201912899995933
51 58 0.0662376141021487
51 61 0.0036341423934233
51 62 0.0544430654360431
51 64 0.00288745052607951
51 83 0.0271744494154566
51 179 0.0661294646369316
51 249 0.135316683856163
51 309 0.226446787204912
51 323 0.0737878234820753
51 368 0.141707185211965
51 373 0.017500760787896
51 430 0.052695987188269
51 442 0.117450219021454
51 640 0.019044820625617
51 676 0.120822765245162
51 696 0.0526365585148566
51 715 0.00224223695278734
51 743 0.127025350526324
51 795 0.0764624658433464
51 813 0.0213311951540008
51 828 0.0435712463663508
51 847 0.103077282101813
51 921 5.16073601893165e-05
52 13 0.0477817347456751
52 24 0.030065415229663
52 38 0.0868470946271426
52 40 0.0627169174358601
52 41 0.00250785612429655
52 45 0.0267291243727166
52 49 0.236308046797071
52 51 0.00496171417685841
52 57 0.134345361632408
52 59 0.0876933970736566
52 62 0.0939968838077426
52 64 0.11720032663606
52 65 0.184533971977262
52 131 0.0205524152598253
52 140 0.0977253896789165
52 264 0.0192467986906457
52 275 0.144127963004669
52 281 0.0630746237899985
52 406 0.102164874931017
52 422 0.160917448677998
52 423 0.107890860344547
52 435 0.0281305475265284
52 453 0.0370372004924313
52 515 0.0451297716542934
52 567 0.477901030930538
52 605 0.161646767054211
52 672 0.29555789112802
52 736 0.140542845409355
52 768 0.0270757045456468
52 859 0.0179222332942312
52 878 0.0286603127669026
53 22 0.0443436935141699
53 40 0.0845372494413509
53 47 0.533961419527153
53 48 0.124502867898853
53 49 0.228652121549565
53 50 0.157924962828791
53 58 0.237240859352166
53 60 0.0653620657653789
53 62 0.193332700079583
53 64 0.352929682182092
53 66 0.109489855155506
53 67 0.0324353853746349
53 122 0.0164440529339716
53 126 0.148399268185289
53 140 0.0303489175299466
53 313 0.0184405023971968
53 334 0.0744529092510419
53 391 0.0126650726296818
53 470 0.23165594361445
53 474 0.00661730428987418
53 487 0.145435135726733
53 585 0.171438811897335
53 624 0.348228436255947
53 635 0.245582968074096
53 690 0.0326100018118672
53 691 0.000544065191163996
53 788 0.0310794542825959
53 829 0.246678936942481
53 834 0.0337760728537816
54 26 0.048476043240254
54 40 0.0843575676140079
54 42 0.118260468964675
54 44 0.0601625278958584
54 45 0.160645982946919
54 46 0.0541380327273545
54 47 0.0617537788375548
54 48 0.0739278074178283
54 49 0.0131489405174137
54 56 0.0783947391304922
54 57 0.119373623081386
54 58 0.137608136210172
54 61 0.181221410942257
54 62 0.0776300680591844
54 64 0.0497006539030711
54 67 0.106370115124392
54 68 0.191128153619005
54 95 0.0434090104431745
54 118 0.0501426598057659
54 144 0.091939815236264
54 184 0.122934784562766
54 192 0.043342194717163
54 214 0.25525905810327
54 296 0.00910144971970529
54 318 0.237481094174823
