0 1 0.0392115346152319
0 2 0.0439420770985611
0 3 0.0047196560534089
0 5 0.068680035017721
0 6 0.16325085029217
0 8 0.0177231336053476
0 9 0.158124132381313
0 10 0.073621197017108
0 14 0.0621870896886396
0 52 0.0540436282730451
0 86 0.108466826516665
0 366 0.024700792640285
0 380 0.27367072137785
0 399 0.100415583442817
0 524 0.0266850209654659
0 619 0.0726653988117481
0 637 0.0258008018993037
0 659 0.00934515725971675
0 687 0.00188237598655036
0 830 0.0884968188868888
0 1087 0.0355756464615797
0 1103 0.00709289452535266
0 1109 0.0543844623803696
0 1144 0.0249538123194772
0 1243 0.157325151317729
0 1244 0.00360327606865535
0 1246 0.107160917556673
1 0 0.0392115346152319
1 2 0.0642023437942419
1 3 0.0518185759446221
1 6 0.0161420876948985
1 10 0.138036487551181
1 11 0.102838562028072
1 13 0.277260171901858
1 14 0.0823940414983548
1 180 0.140903928491654
1 224 0.161646787941558
1 326 0.137591040970566
1 402 0.0228316531081755
1 420 0.0512462975339719
1 519 0.0546739764250785
1 610 0.036117500932972
1 612 0.0283868696440108
1 721 0.0435572822708889
1 740 0.126223631395106
1 817 0.3537116735845
1 842 0.0051433225290266
1 887 0.0523778497282935
1 1019 0.00768147212799495
1 1039 0.0356426587324827
1 1160 0.0526207900443383
1 1238 0.0178495192250914
1 1239 0.135271337092879
1 1240 0.00171312787878215
1 1241 0.0311913302792506
1 1242 0.0663968359392354
1 1245 0.0387346461294852
1 1248 0.0673814668748042
1 1249 0.0841740469614124
2 0 0.0439420770985611
2 1 0.0642023437942419
2 5 0.0347574175482977
2 7 0.39668543804459
2 8 0.154534928122005
2 9 0.0878023973321476
2 10 0.0134336243393748
2 13 0.159561988998463
2 14 0.105566240088823
2 15 0.211881224644744
2 26 0.0281344004538775
2 54 0.0641050458677346
2 100 0.30043501060558
2 199 0.00447406749953356
2 208 0.151869905110666
2 215 0.0795595072866722
2 244 0.0134992628851554
2 250 0.0304577157564333
2 328 0.275510812036943
2 507 0.0729227880451239
2 830 0.113018950741004
2 926 0.0409955096903112
2 1002 0.220070195540248
2 1006 0.118284430260802
2 1082 0.244366931599395
2 1174 0.0364673040140608
2 1238 0.0510629015853663
2 1240 0.0224763344617771
2 1241 0.0734780861530823
2 1242 0.0466543942953324
2 1243 0.1518554433433
2 1244 0.0283895312790987
2 1245 0.0332724295993696
2 1246 0.0539075346929384
2 1247 0.0136941319447296
3 0 0.0047196560534089
3 1 0.0518185759446221
3 5 0.0275368125918987
3 8 0.306927264558765
3 10 0.0418093282377785
3 12 0.0664781342268147
3 13 0.0883470407763209
3 14 0.0729803006170591
3 15 0.042137749525758
3 16 0.00490134898587507
3 30 0.0138958577801005
3 63 0.161154823817918
3 181 0.0893823337603768
3 257 0.157813265824909
3 291 0.0377062791903109
3 404 0.00849255718057144
3 493 0.0950797177247304
3 505 0.0316328752297647
3 552 0.0185277554418899
3 579 0.185670111902762
3 705 0.0379958872691434
3 764 0.15206139713643
3 1091 0.0519305676581683
3 1102 0.000140775300768632
3 1222 0.184675015363636
3 1243 0.114131151883632
3 1244 0.00966711501356029
3 1245 0.0208001722180698
3 1247 0.0325165382172039
3 1249 0.0732573069490006
4 5 0.0420435158873895
4 7 0.0322582603241525
4 8 0.0088348931660608
4 9 0.132247059333175
4 11 0.225791461462433
4 13 0.00584330049730942
4 142 0.206769291876639
4 155 0.0977876117169005
4 170 0.0755707771928342
4 188 0.0311414684940921
4 192 0.0398188257372516
4 207 0.112054258203359
4 302 0.0520314506604488
4 408 0.0344362373755164
4 610 0.00834889064593881
4 616 0.0935476860609904
4 637 0.136244181984352
4 703 0.200096871940392
4 923 0.0160358810191861
4 1004 0.0963866909934214
4 1064 0.480616169090864
4 1168 0.0431216295358303
4 1241 0.236758418734056
4 1244 0.0736238656224042
4 1246 0.0926145188438549
4 1247 0.0256590359483001
5 0 0.068680035017721
5 2 0.0347574175482977
5 3 0.0275368125918987
5 4 0.0420435158873895
5 9 0.0664775018018886
5 10 0.0909047785980293
5 15 0.0228012992485304
5 17 0.116273466669855
5 18 0.0838599008871062
5 45 0.0323231572588351
5 123 0.0617459058316211
5 147 0.277044544255607
5 156 0.0772258173159008
5 211 0.0652008016210775
5 334 0.102524437794348
5 383 0.0987735029880296
5 540 0.00761308717561003
5 558 0.0211759123469574
5 591 0.0924593058071147
5 621 0.0463803558161702
5 720 0.358689799137283
5 868 0.106454822699532
5 929 0.189569931590359
5 1015 0.0879866659452442
5 1031 0.112088477880866
5 1117 0.0108704438106321
5 1118 0.174066221222709
5 1220 0.0392372151314892
5 1233 0.0655393919447948
5 1241 0.138299388607527
5 1242 0.0668503058145943
5 1246 0.0147513025207471
5 1249 0.0604190932352804
6 0 0.16325085029217
6 1 0.0161420876948985
6 7 0.0990378520261897
6 8 0.0160750257208581
6 10 0.229873397995069
6 11 0.340303846472097
6 15 0.101589642402438
6 16 0.114276764236677
6 18 0.0402186500361883
6 19 0.316346067723005
6 20 0.0102196904854747
6 286 0.247167883267154
6 471 0.257457720410243
6 514 0.176197809883453
6 619 0.341434803617462
6 653 0.0634850052871787
6 669 0.0543176026699978
6 679 0.000816082985814117
6 795 0.0171846478806317
6 879 0.0347527290775453
6 961 0.0615767833440426
6 1004 0.0273727149661265
6 1027 0.0136625039396926
6 1098 0.219148505197815
6 1103 0.0875028297167208
6 1174 0.293177873064581
6 1243 0.293305795593145
6 1247 0.180217778500083
6 1249 0.0420191593325957
7 2 0.39668543804459
7 4 0.0322582603241525
7 6 0.0990378520261897
7 9 0.128038562442216
7 14 0.0667140762424718
7 16 0.151540650081363
7 18 0.0837716931033975
7 55 0.0275195007426238
7 105 0.0416893664231998
7 270 0.0382179464159861
7 485 0.195628773052567
7 560 0.0107520713196097
7 674 0.0384302614737409
7 718 0.219201787062812
7 744 0.177127051318021
7 864 0.0127170558163687
7 949 0.0117475583545018
7 1032 0.167752859446152
7 1095 0.0709002915126053
7 1190 0.0705981423021518
7 1243 0.0347370943846415
7 1244 0.00162260114220676
7 1245 0.0169793997833722
7 1249 0.0231240097534645
8 0 0.0177231336053476
8 2 0.154534928122005
8 3 0.306927264558765
8 4 0.0088348931660608
8 6 0.0160750257208581
8 9 0.0199750173568023
8 13 0.0240396894700162
8 16 0.0674912747014366
8 19 0.109510658451655
8 22 0.217503668034012
8 63 0.0392915460878517
8 167 0.130616805960756
8 195 0.02044119994293
8 292 0.00923572832796143
8 480 0.280307143557163
8 601 0.260140677942979
8 614 0.166108085800564
8 663 0.0192050165789668
8 851 0.220512005566386
8 874 0.0397905740440082
8 935 0.215853010752342
8 963 0.0659886734809153
8 1053 0.0683647889676971
8 1127 0.260541552876803
8 1246 0.0448935574126381
8 1249 0.0529260137554877
9 0 0.158124132381313
9 2 0.0878023973321476
9 4 0.132247059333175
9 5 0.0664775018018886
9 7 0.128038562442216
9 8 0.0199750173568023
9 10 0.0481916595163731
9 13 0.0292807937646631
9 14 0.0097589257214091
9 15 0.0184214570883763
9 18 0.127562819220528
9 19 0.0254940180913459
9 20 0.132168564007043
9 21 0.0226725153201397
9 96 0.0165705267565318
9 144 0.0829013745952064
9 155 0.28259448905546
9 166 0.0420477796898679
9 170 0.0516440103182832
9 211 0.51989075401701
9 220 0.268075788938273
9 284 0.071489142342411
9 334 0.0536283645072315
9 380 0.0518007398318785
9 393 0.164470360026148
9 401 0.0331592644224927
9 527 0.0658581367200291
9 729 0.186130418456223
9 791 0.100919742514209
9 1057 0.118194952626292
9 1086 0.0161740165710977
9 1142 0.116178580641266
9 1245 0.00257496714170624
9 1249 0.0334131228069343
10 0 0.073621197017108
10 1 0.138036487551181
10 2 0.0134336243393748
10 3 0.0418093282377785
10 5 0.0909047785980293
10 6 0.229873397995069
10 9 0.0481916595163731
10 13 0.197848365498089
10 15 0.042641474097982
10 17 0.114392937969516
10 18 0.067941700353826
10 21 0.0702965188042834
10 23 0.0143828758869987
10 47 0.124642888543761
10 240 0.024130096675169
10 345 0.0438220499565131
10 391 0.0410738181460703
10 578 0.0797284665847351
10 675 0.108120546195359
10 760 0.133349896144769
10 861 0.125877779407775
10 891 0.111980047651711
10 908 0.0601007332214956
10 909 0.116976860894846
10 926 0.292797638911093
10 940 0.07439639054704
10 947 0.0943337580137988
10 1074 0.140842584068453
10 1089 0.0822843989364124
10 1107 0.205601969459868
10 1164 0.229832010387208
10 1207 0.0133934177377371
10 1246 0.0461885173945969
10 1247 0.0288594614136199
10 1249 0.0511256389515805
11 1 0.102838562028072
11 4 0.225791461462433
11 6 0.340303846472097
11 12 0.075258002432598
11 13 0.125931330310473
11 14 0.100985962866735
11 15 0.0568425712496661
11 16 0.00908134976280401
11 18 0.0392969192105003
11 19 0.0270516584749888
11 24 0.0046232239413688
11 285 0.192896122554873
11 390 0.114209016755146
11 470 0.0287546263686941
11 585 0.0231073618509617
11 590 0.0215487182938219
11 755 0.173080343960474
11 834 0.0173748619452306
11 835 0.0573635988774177
11 847 0.00661088971577904
11 891 0.000969229507217744
11 912 0.166644390015172
11 925 0.0634233032614971
11 1088 0.0419314277919064
11 1248 0.0125907780110481
11 1249 0.0513447001056527
12 3 0.0664781342268147
12 11 0.075258002432598
12 13 0.0240967519503774
12 14 0.0114817639102049
12 16 0.348124054826509
12 17 0.059528585303659
12 19 0.136301926544909
12 21 0.00253711195903659
12 126 0.163981262447922
12 237 0.0779350447783937
12 319 0.075441838508349
12 378 0.0142579429388915
12 395 0.0916707326897221
12 465 0.0350220802049144
12 477 0.025485556709086
12 608 0.0072969211630836
12 636 0.0634663827198813
12 847 0.480879750335039
12 1120 0.0534218076307422
12 1122 0.00533331460796408
13 1 0.277260171901858
13 2 0.159561988998463
13 3 0.0883470407763209
13 4 0.00584330049730942
13 8 0.0240396894700162
13 9 0.0292807937646631
13 10 0.197848365498089
13 11 0.125931330310473
13 12 0.0240967519503774
13 15 0.115129880005389
13 21 0.192016232734348
13 24 0.0518452464525933
13 26 0.09434267339276
13 264 0.0275199206931626
13 328 0.0363992995754776
13 401 0.16904253703958
13 431 0.0916258018045966
13 439 0.0913601281282612
13 466 0.00833855926421979
13 1031 0.0845804149092177
13 1076 0.0376323133596438
13 1181 0.0317364169870208
13 1185 0.177567647278198
13 1218 0.0549706682839695
14 0 0.0621870896886396
14 1 0.0823940414983548
14 2 0.105566240088823
14 3 0.0729803006170591
14 7 0.0667140762424718
14 9 0.0097589257214091
14 11 0.100985962866735
14 12 0.0114817639102049
14 16 0.0332375530396923
14 17 0.0347699351800618
14 18 0.122556632214929
14 21 0.0971933304143704
14 24 0.218212693285924
14 25 0.206625069429465
14 26 0.0837015538962979
14 27 0.0347875974235877
14 78 0.133813663772098
14 184 0.00723632710704965
14 197 0.22455759931758
14 212 0.109020480119897
14 399 0.0227039504725289
14 406 0.0113503166851049
14 459 0.0719763106388375
14 494 0.0495494632018683
14 547 0.0556549580784894
14 675 0.0478249900820013
14 790 0.0745714377687276
14 795 0.0778837401590213
14 851 0.162824354849223
14 882 0.0731762412260229
14 1002 0.0123910048309521
14 1151 0.0381278749916533
15 2 0.211881224644744
15 3 0.042137749525758
15 5 0.0228012992485304
15 6 0.101589642402438
15 9 0.0184214570883763
15 10 0.042641474097982
15 11 0.0568425712496661
15 13 0.115129880005389
15 18 0.0356617304262907
15 23 0.13228458269267
15 25 0.0779791296845531
15 27 0.102418754823184
15 52 0.159252992712941
15 78 0.0104420907237068
15 163 0.0013008439801622
15 451 0.116625887788125
15 560 0.0446635337098663
15 925 0.341706456612027
15 1124 0.00777972109235924
16 3 0.00490134898587507
16 6 0.114276764236677
16 7 0.151540650081363
16 8 0.0674912747014366
16 11 0.00908134976280401
16 12 0.348124054826509
16 14 0.0332375530396923
16 18 0.12845931850917
16 19 0.00863436066922831
16 20 0.0409650365155499
16 22 0.0697861950663443
16 23 0.132734223183792
16 26 0.0432713715372738
16 28 0.0750792854676701
16 30 0.00978718567053717
16 153 0.0645482777826858
16 597 0.0591093336941462
16 704 0.0830923093633344
16 848 0.0194169151151782
16 921 0.0200316169770895
16 1053 0.147214032271229
16 1076 0.13368281624139
17 5 0.116273466669855
17 10 0.114392937969516
17 12 0.059528585303659
17 14 0.0347699351800618
17 19 0.0920734364652058
17 20 0.0252709941160597
17 22 0.00622975887685514
17 23 0.0121160116333336
17 26 0.0931416574883318
17 28 0.00962464951974955
17 29 0.00614824444884564
17 30 0.142262093116977
17 31 0.0450698188511305
17 249 0.196012398909963
17 251 0.0786818547323965
17 263 0.187166121319173
17 287 0.0970427670130386
17 376 0.1888477595506
17 472 0.000494384653792998
17 559 0.114695179311743
17 704 0.108354607693168
17 772 0.025938755875136
17 947 0.448606774668809
17 999 7.78792114357215e-05
17 1014 0.160081815478063
17 1040 0.00677222042313353
17 1046 0.135429583260102
17 1084 0.0142851771742454
17 1126 0.000239983840167608
17 1231 0.159318552127409
18 5 0.0838599008871062
18 6 0.0402186500361883
18 7 0.0837716931033975
18 9 0.127562819220528
18 10 0.067941700353826
18 11 0.0392969192105003
18 14 0.122556632214929
18 15 0.0356617304262907
18 16 0.12845931850917
18 19 0.133768869590964
18 20 0.397013878985736
18 21 0.0481410346157966
18 22 0.182170706029096
18 23 0.112950882761699
18 24 0.0991935940403047
18 26 0.227243998749827
18 27 0.179786557187345
18 32 0.10869994728871
18 155 0.017328678386674
18 345 0.134626601618307
18 434 0.0584220565901577
18 809 0.0437003961792091
18 841 0.171887673255283
18 873 0.120990469897366
18 923 0.0646235401189693
18 937 0.114596327275118
18 959 0.0019751245170788
18 1061 0.0587401433058443
18 1181 0.00497740374033655
18 1183 0.0133454348663809
19 6 0.316346067723005
19 8 0.109510658451655
19 9 0.0254940180913459
19 11 0.0270516584749888
19 12 0.136301926544909
19 16 0.00863436066922831
19 17 0.0920734364652058
19 18 0.133768869590964
19 20 0.243081062922256
19 21 0.133676937707514
19 23 0.0369224790612427
19 24 0.00030118313718478
19 25 0.0368586401735984
19 27 0.230863497760708
19 28 0.251043717215848
19 29 0.000920780813511249
19 30 0.0778606148460359
19 32 0.163170966866899
19 94 0.00435773958470756
19 181 0.347918752114757
19 332 0.0528016680790674
19 335 0.373887557014637
19 390 0.0610350792399105
19 428 0.0398655989869449
19 633 0.00980844491447104
19 708 0.00607777433466096
19 801 0.15178233079353
19 862 0.0345610391098416
19 957 0.0858016319807901
19 1017 0.011352277578555
19 1112 0.00389448796413981
19 1175 0.00921955967516196
19 1245 0.205753802042635
20 6 0.0102196904854747
20 9 0.132168564007043
20 16 0.0409650365155499
20 17 0.0252709941160597
20 18 0.397013878985736
20 19 0.243081062922256
20 21 0.00268520279001139
20 24 0.172711520895415
20 25 0.142955294204393
20 27 0.199974874713778
20 28 0.124820231490504
20 34 0.117277412991094
20 74 0.223078204309698
20 170 0.0997514935557678
20 265 0.0280164802131052
20 373 0.121399053376497
20 480 0.113838776202624
20 533 0.0459479777746983
20 540 0.266069230238374
20 585 0.0124821172843897
20 730 0.0548928161462892
20 740 0.0966935514976699
20 759 0.0360911599405975
20 773 0.145833796429857
20 892 0.091277704040286
20 969 0.00123217163947337
20 995 0.131366125728216
20 1033 0.144100927942849
20 1181 0.0939017022306153
20 1244 0.125759252302045
21 9 0.0226725153201397
21 10 0.0702965188042834
21 12 0.00253711195903659
21 13 0.192016232734348
21 14 0.0971933304143704
21 18 0.0481410346157966
21 19 0.133676937707514
21 20 0.00268520279001139
21 23 0.0542217660895126
21 24 0.0457208541211201
21 26 0.0258647759424073
21 27 0.0259962978795207
21 28 0.0302233334672473
21 29 0.0542670709260321
21 30 0.0404384594818152
21 34 0.0579613613173954
21 35 0.0315154858428348
21 82 0.156848520753984
21 291 0.155290013348098
21 498 0.323729027246196
21 499 0.190616712055152
21 501 0.0520047208858691
21 539 0.173617537452602
21 648 0.0112734167253905
21 1059 0.145820830036372
21 1073 0.0634543851699453
22 8 0.217503668034012
22 16 0.0697861950663443
22 17 0.00622975887685514
22 18 0.182170706029096
22 26 0.00981547342443617
22 27 0.107242093041822
22 28 0.0323417462111407
22 30 0.0354673314774264
22 33 0.0815026316729096
22 34 0.0697320790580524
22 35 0.0522576497436888
22 46 0.0783141422059689
22 98 0.0428504782137391
22 141 0.0753422276015194
22 302 0.0761786040593838
22 324 0.104043434566652
22 1045 0.0826326842793083
22 1055 0.26439964066716
22 1164 0.0800085469755452
22 1221 0.0334126656169953
23 10 0.0143828758869987
23 15 0.13228458269267
23 16 0.132734223183792
23 17 0.0121160116333336
23 18 0.112950882761699
23 19 0.0369224790612427
23 21 0.0542217660895126
23 28 0.0632544622115122
23 30 0.165681741381955
23 32 0.125351222655932
23 34 0.0539128986696016
23 35 0.223814983083866
23 37 0.0801763232976991
23 84 0.0290502186393823
23 99 0.0620890781529689
23 102 0.210714511000261
23 220 0.00115416033402813
23 235 0.0207528095536016
23 284 0.0869596438094571
23 292 0.0446834416602951
23 412 0.0943954823471015
23 427 0.13675086895861
23 555 0.0173234319281584
23 581 0.0466653557593904
23 606 0.00893892951776679
23 844 0.249126177987249
23 1088 0.0565776440693894
23 1209 0.0648536555282176
23 1236 0.0903247923104843
23 1247 0.644638760993622
24 11 0.0046232239413688
24 13 0.0518452464525933
24 14 0.218212693285924
24 18 0.0991935940403047
24 19 0.00030118313718478
24 20 0.172711520895415
24 21 0.0457208541211201
24 25 0.143732956559671
24 27 0.06059222555389
24 28 0.14415322790198
24 29 0.160566330500486
24 30 0.0247150260541872
24 31 0.177120523680219
24 37 0.280368757610741
24 62 0.00113721806384669
24 210 0.0243020281123161
24 231 0.0427669610296827
24 393 0.00524488333671989
24 639 0.205033763717975
24 669 0.107596090044392
24 968 0.0579575291902961
24 1066 0.00572270571236232
24 1117 0.188714102771777
24 1184 0.0697349127104383
24 1195 0.0121256588264428
25 14 0.206625069429465
25 15 0.0779791296845531
25 19 0.0368586401735984
25 20 0.142955294204393
25 24 0.143732956559671
25 27 0.0206213894663198
25 28 0.114259655244758
25 29 0.0359523702221714
25 30 0.0767515619810828
25 32 0.120194090813557
25 36 0.038263061718694
25 39 0.0449811867036566
25 72 0.0375953850835698
25 299 0.255574319564363
25 567 0.0107491926204975
25 623 0.282062336156747
25 714 0.122618261800881
25 720 0.0273307465144159
25 754 0.26800176081076
25 810 0.0508242392545949
25 896 0.0146675579554618
25 1017 0.094439083768925
25 1182 0.00834128664870471
25 1187 0.035258656124981
25 1208 0.215061386653118
25 1227 0.0754300380319893
26 2 0.0281344004538775
26 13 0.09434267339276
26 14 0.0837015538962979
26 16 0.0432713715372738
26 17 0.0931416574883318
26 18 0.227243998749827
26 21 0.0258647759424073
26 22 0.00981547342443617
26 28 0.0169322285418752
26 32 0.00812989951041511
26 33 0.0800438241572176
26 35 0.14216384573181
26 36 0.0205110326015123
26 37 0.0946038583495961
26 57 0.106530020441622
26 162 0.150857418826734
26 250 0.144166388077374
26 346 0.0682530192092683
26 401 0.131131666999664
26 525 0.0260742545439378
26 645 0.0339722648422938
26 654 0.0845738184061285
26 681 0.0822385775175986
26 720 0.0319543918671273
26 992 0.0902940185159059
26 1023 0.00273213061487271
26 1071 0.118633703566935
26 1116 0.030784079896845
26 1162 0.0606742067432795
26 1238 0.00580023225478536
26 1244 0.0176604489162151
27 14 0.0347875974235877
27 15 0.102418754823184
27 18 0.179786557187345
27 19 0.230863497760708
27 20 0.199974874713778
27 21 0.0259962978795207
27 22 0.107242093041822
27 24 0.06059222555389
27 25 0.0206213894663198
27 28 0.0148517433054787
27 30 0.0668536971174613
27 33 0.0391791406115578
27 34 0.0968507049945491
27 35 0.0825449557200194
27 36 0.0703041915967562
27 41 0.133782172678333
27 168 0.11892137610258
27 250 0.0825366124131596
27 320 0.0351849337268989
27 429 0.0236724284265704
27 453 0.0248690121423924
27 477 0.0418715647911809
27 604 0.0139684495413348
27 612 0.00407733182110469
27 635 0.208825902875943
27 651 0.0105927058526274
27 754 0.234762638978242
27 944 0.0660340966656374
27 991 0.0798858181966648
27 1116 0.00714542390517647
28 16 0.0750792854676701
28 17 0.00962464951974955
28 19 0.251043717215848
28 20 0.124820231490504
28 21 0.0302233334672473
28 22 0.0323417462111407
28 23 0.0632544622115122
28 24 0.14415322790198
28 25 0.114259655244758
28 26 0.0169322285418752
28 27 0.0148517433054787
28 31 0.0725910299339651
28 32 0.097464420062781
28 33 0.0620778476313673
28 34 0.22050924954402
28 36 0.0749586371871378
28 40 0.0329668603588094
28 206 0.00888376745045722
28 225 0.0669660011437868
28 238 0.171770410521742
28 281 0.259879445817689
28 330 0.00467068823309884
28 337 0.0777182983637272
28 448 0.0189020629622691
28 509 0.0337680096451566
28 558 0.0138618399304882
28 760 0.137299547794789
28 868 0.0166736747172453
28 890 0.031022274089964
28 1016 0.319792928255756
28 1043 0.0681836598015796
28 1132 0.00506059851679107
29 17 0.00614824444884564
29 19 0.000920780813511249
29 21 0.0542670709260321
29 24 0.160566330500486
29 25 0.0359523702221714
29 30 0.112894789424208
29 32 0.0764375954142776
29 33 0.0156723056861844
29 35 0.000872526159379663
29 36 0.0703024933128714
29 38 0.111883740595453
29 40 0.00313261393976956
29 41 0.11414271107461
29 43 0.1449511939807
29 116 0.0525536128448938
29 424 0.168571679856507
29 713 0.0560577903918378
29 755 0.0198608927236175
29 814 0.141215653401852
29 942 0.0167104176354828
29 1019 0.0101873332679506
29 1092 0.0563236843329619
29 1249 0.0968584874507554
30 3 0.0138958577801005
30 16 0.00978718567053717
30 17 0.142262093116977
30 19 0.0778606148460359
30 21 0.0404384594818152
30 22 0.0354673314774264
30 23 0.165681741381955
30 24 0.0247150260541872
30 25 0.0767515619810828
30 27 0.0668536971174613
30 29 0.112894789424208
30 31 0.388246192224844
30 32 0.18466063482868
30 33 0.0327750737331626
30 37 0.028552501773486
30 38 0.0353608770676664
30 41 0.0368280045423962
30 43 0.0376305351301631
30 66 0.00264560080533272
30 108 0.162926159312663
30 132 0.0724174715217867
30 158 0.227078280626287
30 259 0.303136657328494
30 395 0.0729492562985816
30 441 0.0418091135791338
30 473 0.0667190967032607
30 542 0.181824278276833
30 640 0.0190498312169347
30 750 0.0109146885629099
30 771 0.0431184227700997
30 812 0.0579198556837132
30 950 0.00571428516080215
30 989 0.0289940384341182
30 1109 0.028842564004187
30 1160 0.123043033764174
31 17 0.0450698188511305
31 24 0.177120523680219
31 28 0.0725910299339651
31 30 0.388246192224844
31 32 0.0107636524733499
31 33 0.168239651603251
31 35 0.0859203346098868
31 37 0.304533923577683
31 40 0.201905474288757
31 42 0.321186754694827
31 43 0.0370181552922467
31 44 0.0488466501065404
31 148 0.01994703681402
31 236 0.0605444647448546
31 258 0.0212217682108814
31 344 0.0905642184456282
31 418 0.228569989485122
31 712 0.0199448967255604
31 745 0.070861368313497
31 835 0.12544602260626
31 866 0.287241684396163
31 951 0.0488016885273937
31 1052 0.199334859156357
31 1065 0.218289135946247
31 1095 0.0824973982049519
31 1097 0.00202506104856889
31 1103 0.130989195840195
31 1240 0.0122980832604747
32 18 0.10869994728871
32 19 0.163170966866899
32 23 0.125351222655932
32 25 0.120194090813557
32 26 0.00812989951041511
32 28 0.097464420062781
32 29 0.0764375954142776
32 30 0.18466063482868
32 31 0.0107636524733499
32 33 0.119517573881516
32 35 0.00669648133897464
32 38 0.0786046539859602
32 40 0.114166568942175
32 41 0.00386785059610179
32 42 0.227769259764381
32 44 0.00630773540918357
32 45 0.038294249754712
32 46 0.0169455800013682
32 76 0.0592164830644447
32 133 0.0422573285493397
32 290 0.0830929499994156
32 487 0.00846802916693579
32 499 0.190716523853107
32 819 0.0272154781991939
32 944 0.0448111496970131
32 980 0.0461535303538998
32 1050 0.0170813521564756
33 22 0.0815026316729096
33 26 0.0800438241572176
33 27 0.0391791406115578
33 28 0.0620778476313673
33 29 0.0156723056861844
33 30 0.0327750737331626
33 31 0.168239651603251
33 32 0.119517573881516
33 34 0.163660122699849
33 35 0.0741631704658906
33 37 0.17016166587964
33 39 0.20665914737624
33 43 0.293533236786518
33 44 0.0584305988850901
33 45 0.046370507130046
33 74 0.0360929845359807
33 211 0.0398537453410824
33 315 0.00890616757579113
33 351 0.0673030411290034
33 401 0.210944631350746
33 413 0.0234455104825744
33 619 0.0765111807110715
33 731 0.00338944851135021
33 765 0.0135078887318684
33 814 0.00441510652199947
33 834 0.121124753070016
33 858 0.0817468376769417
33 1005 0.12224585068718
33 1189 0.118117293998742
34 20 0.117277412991094
34 21 0.0579613613173954
34 22 0.0697320790580524
34 23 0.0539128986696016
34 27 0.0968507049945491
34 28 0.22050924954402
34 33 0.163660122699849
34 36 0.00511124415369023
34 39 0.0467839030590615
34 42 0.273229563957767
34 43 0.204897697912799
34 44 0.031870880331003
34 45 0.212139617583042
34 47 0.00345538390320166
34 48 0.0912312783217806
34 84 0.00563327600713408
34 93 0.0667426845760561
34 223 0.00825836946266656
34 341 0.0835501800474558
34 483 0.238264154759262
34 492 0.0391714651488286
34 535 0.321171228036619
34 582 0.195025036402341
34 668 0.0437601302681565
34 705 0.187109462911631
34 782 0.0252785472584358
34 812 0.0734419987085169
34 931 0.00355247762367215
34 943 0.182359169572046
34 995 0.124254478501741
34 1231 0.087814554570791
35 21 0.0315154858428348
35 22 0.0522576497436888
35 23 0.223814983083866
35 26 0.14216384573181
35 27 0.0825449557200194
35 29 0.000872526159379663
35 31 0.0859203346098868
35 32 0.00669648133897464
35 33 0.0741631704658906
35 38 0.0424218916674029
35 40 0.164035551199771
35 43 0.110660157169053
35 44 0.0039373020277423
35 48 0.0159898043008862
35 196 0.00387392901798737
35 308 0.0414215368964031
35 408 0.0250495829041458
35 585 0.071874461184699
35 613 0.0181648437549434
35 639 0.00713825950117412
35 641 0.0811885113065072
35 651 0.0175815566697432
35 935 0.0625772868098805
35 943 0.00863012083046803
35 952 0.0506750421229563
35 1082 0.00105874740485667
35 1227 0.0817623852215169
36 25 0.038263061718694
36 26 0.0205110326015123
36 27 0.0703041915967562
36 28 0.0749586371871378
36 29 0.0703024933128714
36 34 0.00511124415369023
36 38 0.00674441088933164
36 39 0.0401701507403846
36 41 0.0288459564972847
36 43 0.045949585198315
36 45 0.0678490328738119
36 47 0.0185928219023166
36 48 0.00567848304682153
36 134 0.0825984408771224
36 293 0.012656598369852
36 368 0.0941051720001483
36 446 0.0410619748449122
36 585 0.00069816488512812
36 639 0.00445284755108801
36 671 0.125501682449887
36 778 0.00982929122738723
36 938 0.0941769410435309
36 1123 0.00808528187502895
36 1136 0.227311027222005
37 23 0.0801763232976991
37 24 0.280368757610741
37 26 0.0946038583495961
37 30 0.028552501773486
37 31 0.304533923577683
37 33 0.17016166587964
37 38 0.0525676556107082
37 39 0.15711177959653
37 42 0.0907688888693793
37 43 0.200068888551912
37 44 0.161775885611804
37 46 0.178871546343805
37 47 0.0279874511847642
37 49 0.441884711066169
37 51 0.0743190197658924
37 55 0.0431412659575171
37 56 0.0157921863227114
37 319 0.288006879059776
37 411 0.151085379390025
37 536 0.0436137518581358
37 720 0.186120949685088
37 757 0.0572143217835442
37 833 0.145081481394712
37 1014 0.261369111462425
37 1035 0.146822720222073
37 1248 0.0253852502177244
38 29 0.111883740595453
38 30 0.0353608770676664
38 32 0.0786046539859602
38 35 0.0424218916674029
38 36 0.00674441088933164
38 37 0.0525676556107082
38 41 0.227612155597129
38 43 0.0330654147793525
38 45 0.163242215162008
38 46 0.0731669426015279
38 48 0.0471936472262172
38 50 0.0971093292578824
38 51 0.02173280185423
38 52 0.036009983503135
38 101 0.0207693991252672
38 196 0.0134672278417578
38 303 0.134026539615016
38 403 0.00942742437870892
38 514 0.203050435606929
38 519 0.195213131270241
38 736 0.0311592391202963
38 769 0.0657620354421881
38 782 0.0407626173581934
38 798 0.0303024103535423
38 799 0.130459527502615
38 853 0.0255243130986238
38 1108 0.10630435583399
39 25 0.0449811867036566
39 33 0.20665914737624
39 34 0.0467839030590615
39 36 0.0401701507403846
39 37 0.15711177959653
39 40 0.0270754917812883
39 41 0.147493330873652
39 44 0.0864023116893293
39 53 0.0571371205062273
39 61 0.0144489013114076
39 151 0.096141697208224
39 413 0.00558588316584968
39 452 0.065567897686979
39 475 0.00210062976800856
39 554 0.115815566228835
39 584 0.144129004920834
39 600 0.0645482161832978
39 734 0.236635684680806
39 751 0.0588583952596949
39 783 0.162345102893598
39 817 0.0451726617563335
39 870 0.174298117371271
39 873 0.0223325761504106
39 903 0.0316736303091144
39 930 0.251134150718992
39 1078 0.00786369668186555
39 1088 0.122315561120046
40 28 0.0329668603588094
40 29 0.00313261393976956
40 31 0.201905474288757
40 32 0.114166568942175
40 35 0.164035551199771
40 39 0.0270754917812883
40 42 0.0351689432284634
40 43 0.00867520643240266
40 44 0.0319472126517979
40 45 0.0177364865502381
40 47 0.0199391582076787
40 48 0.0126968727759336
40 50 0.0957809845365929
40 53 0.0300940659842565
40 216 0.0272526551639599
40 230 0.116682054243533
40 236 0.00691881338999579
40 459 0.0922952442242472
40 462 0.0271819057721775
40 480 0.153039981187039
40 634 0.0906070887893968
40 726 0.0548698015257283
40 909 0.048195403385566
40 1047 0.00296133887956914
40 1106 0.0212482142855226
40 1200 0.00610704877163009
40 1216 0.195461090258595
41 27 0.133782172678333
41 29 0.11414271107461
41 30 0.0368280045423962
41 32 0.00386785059610179
41 36 0.0288459564972847
41 38 0.227612155597129
41 39 0.147493330873652
41 45 0.152420608349293
41 46 0.20688882454955
41 47 0.0155030102573744
41 49 0.147883078714796
41 53 0.0678643900723821
41 54 0.0478916885610177
41 195 0.00831600016890613
41 291 0.0570256285563232
41 478 0.0133270517684391
41 480 0.365897595727426
41 622 0.0569217020407292
41 806 0.00607625882652183
41 898 0.0180586315204161
41 937 0.173099133544047
41 947 0.102463663714962
41 957 0.102894876624446
41 986 0.229447144381388
41 1161 0.236137191158306
41 1205 0.102454933456834
42 31 0.321186754694827
42 32 0.227769259764381
42 34 0.273229563957767
42 37 0.0907688888693793
42 40 0.0351689432284634
42 47 0.0605635890767898
42 49 0.00966139941729908
42 51 0.108785209204324
42 55 0.450909114124867
42 208 0.0388953560738702
42 210 0.0194549829753821
42 274 0.0095132504935195
42 311 0.0148703831418098
42 314 0.0609585927910549
42 315 0.0362579310931884
42 348 0.204135780952951
42 397 0.0206799984121154
42 590 0.0514948327015672
42 742 0.056333913234095
42 792 0.0421446002835303
42 879 0.119740726453556
42 915 0.0394195330109153
42 1010 0.0828294827469398
42 1059 0.0656329348080069
42 1092 0.0334367740543074
42 1139 0.013559110810464
42 1168 0.0450272726361335
43 29 0.1449511939807
43 30 0.0376305351301631
43 31 0.0370181552922467
43 33 0.293533236786518
43 34 0.204897697912799
43 35 0.110660157169053
43 36 0.045949585198315
43 37 0.200068888551912
43 38 0.0330654147793525
43 40 0.00867520643240266
43 44 0.113955279369295
43 45 0.00891775351410026
43 46 0.0265199121777747
43 48 0.0634307351461659
43 49 0.00336401830087524
43 53 0.0741511915699643
43 248 0.0714506636496734
43 389 0.312647512094334
43 427 0.0448076725230502
43 451 0.00336108505430203
43 585 0.0913613855812183
43 653 0.0381938878303241
43 703 0.0288420216338114
43 911 0.0165477227421236
43 920 0.702693140242311
43 1024 0.00333266165753678
43 1230 0.136564255840619
44 31 0.0488466501065404
44 32 0.00630773540918357
44 33 0.0584305988850901
44 34 0.031870880331003
44 35 0.0039373020277423
44 37 0.161775885611804
44 39 0.0864023116893293
44 40 0.0319472126517979
44 43 0.113955279369295
44 49 0.0435211396655952
44 50 0.35734883015168
44 51 0.0234925883092173
44 52 0.129136865397249
44 53 0.135212903901543
44 54 0.105531929485737
44 55 0.147826466385074
44 57 0.362185780088664
44 232 0.0500665091183602
44 279 0.0718468016523697
44 705 0.0825753733808437
44 881 0.0994003485074724
44 1099 0.0943730067026889
44 1155 0.00978670839129503
45 5 0.0323231572588351
45 32 0.038294249754712
45 33 0.046370507130046
45 34 0.212139617583042
45 36 0.0678490328738119
45 38 0.163242215162008
45 40 0.0177364865502381
45 41 0.152420608349293
45 43 0.00891775351410026
45 46 0.00729621174082158
45 48 0.122230635643528
45 51 0.0547782263986883
45 56 0.14819648904165
45 57 0.0683951880366834
45 59 0.0370577102803528
45 207 0.144312286940292
45 384 0.156911046387071
45 421 0.0343858817037608
45 675 0.00266412834968317
45 970 0.0236225637211116
45 1002 0.118386598436728
45 1068 0.0061808919172017
45 1231 0.0382598025517463
46 22 0.0783141422059689
46 32 0.0169455800013682
46 37 0.178871546343805
46 38 0.0731669426015279
46 41 0.20688882454955
46 43 0.0265199121777747
46 45 0.00729621174082158
46 47 0.0136130964119099
46 49 0.111524289607743
46 50 0.0240409913086194
46 51 0.104353744388678
46 53 0.0671612419358723
46 54 0.0711092302555767
46 55 0.0441652577244194
46 56 0.0142431268119255
46 60 0.160136481937113
46 152 0.0412947835251423
46 272 0.174251074607912
46 401 0.108929129097758
46 426 0.00382150739955829
46 473 0.0780790476230504
46 517 0.0183683555129681
46 531 0.150480201087587
46 778 0.0828899960287047
46 876 0.021274381673341
46 962 0.424169434808545
46 1194 0.105352529193181
47 10 0.124642888543761
47 34 0.00345538390320166
47 36 0.0185928219023166
47 37 0.0279874511847642
47 40 0.0199391582076787
47 41 0.0155030102573744
47 42 0.0605635890767898
47 46 0.0136130964119099
47 48 0.108042255710013
47 49 0.276909956678136
47 50 0.225886152225956
47 51 0.00700712396080072
47 52 0.0214525652253764
47 54 0.00730678758687522
47 55 0.0506371110298572
47 56 0.0711278210543089
47 87 0.273569998542645
47 160 0.130238655174643
47 212 0.0287429460061692
47 221 0.291905987940425
47 317 0.0289090524374169
47 524 0.0157661463457938
47 532 0.248305298206581
47 600 0.0627102723473509
47 656 0.0904237249868902
47 786 0.0210709630903779
47 875 0.0231746323028154
47 1150 0.0479765014750755
47 1218 0.0657183707239662
48 34 0.0912312783217806
48 35 0.0159898043008862
48 36 0.00567848304682153
48 38 0.0471936472262172
48 40 0.0126968727759336
48 43 0.0634307351461659
48 45 0.122230635643528
48 47 0.108042255710013
48 50 0.038244830394709
48 51 0.0510040830365423
48 52 0.0280161182278108
48 53 0.0129450571852183
48 54 0.0331759384007701
48 55 0.0379746197643882
48 60 0.0853206102932199
48 295 0.23494642379118
48 328 0.162360024260935
48 451 0.0420413142871569
48 471 0.169654513652502
48 555 0.180273847946631
48 587 0.0870145565769552
48 793 0.0195080866412215
48 826 0.257008230997312
48 964 0.0174551357997515
48 1112 0.0593954878877022
48 1143 0.0315076147949564
48 1192 0.0266839731535728
48 1234 0.146091757234508
48 1245 0.0648234797723014
49 37 0.441884711066169
49 41 0.147883078714796
49 42 0.00966139941729908
49 43 0.00336401830087524
49 44 0.0435211396655952
49 46 0.111524289607743
49 47 0.276909956678136
49 50 0.0581702340117117
49 51 0.285231772550775
49 52 0.104687569057402
49 53 0.294554615821785
49 57 0.192057683201612
49 59 0.180919444802755
49 60 0.155697008937073
49 61 0.0911961901777148
49 77 0.149628559996166
49 98 0.0568532706942147
49 469 0.0243830450528523
49 475 0.0925212737141922
49 785 0.0824011404205364
49 1042 0.0974617024276341
49 1057 0.00308502064452276
49 1068 0.148469331908133
49 1232 0.0960229822904038
50 38 0.0971093292578824
50 40 0.0957809845365929
50 44 0.35734883015168
50 46 0.0240409913086194
50 47 0.225886152225956
50 48 0.038244830394709
50 49 0.0581702340117117
50 53 0.173652102214429
50 55 0.0189941667328772
50 57 0.0792953467851289
50 59 0.11009853946144
50 61 0.0372799406292311
50 63 0.04992436613547
50 64 0.0905160427476431
50 178 0.314581590666912
50 228 0.0822225305056708
50 289 0.0934498114644955
50 302 0.0693648680569033
50 525 0.044501576660732
50 532 0.128855347233743
50 697 0.0137105388435012
50 791 0.121082281708063
50 801 0.0215126686186672
50 879 0.0170256364046059
50 893 0.0711227608901988
50 963 0.0158779638210841
50 988 0.267867663971674
50 1109 0.0720019727780329
50 1208 0.0329670573949182
50 1212 0.0466331383370224
51 37 0.0743190197658924
51 38 0.02173280185423
51 42 0.108785209204324
51 44 0.0234925883092173
51 45 0.0547782263986883
51 46 0.104353744388678
51 47 0.00700712396080072
51 48 0.0510040830365423
51 49 0.285231772550775
51 52 0.00546169089225395
51 59 0.022152213089248
51 60 0.0265442387629093
51 61 0.0807508025087696
51 62 0.00831967992256643
51 65 0.174022441418267
51 79 0.0015160705274485
51 235 0.0525004672456676
51 523 0.099771693704244
51 746 0.0212941466477082
51 1075 0.0805838045855974
52 0 0.0540436282730451
52 15 0.159252992712941
52 38 0.036009983503135
52 44 0.129136865397249
52 47 0.0214525652253764
52 48 0.0280161182278108
52 49 0.104687569057402
52 51 0.00546169089225395
52 55 0.0889611050695473
52 57 0.149631509278368
52 58 0.070889137864295
52 59 0.416179239520262
52 60 0.0863690032158011
52 63 0.0435877341460933
52 64 0.0383508033784796
52 66 0.0858819255062594
52 201 0.016644235567679
52 218 0.0195953138859736
52 224 0.0697257366353982
52 286 0.0322485300828878
52 378 0.33306353169161
52 413 0.154197320131839
52 518 0.0961441119009399
52 567 0.0535175778565752
52 647 0.264138503067213
52 707 0.0719840647834115
52 722 0.0630670446826567
52 821 0.00786700472034829
52 901 0.0361584906284839
52 1103 0.0341235177380568
52 1179 0.0700348039732116
53 39 0.0571371205062273
53 40 0.0300940659842565
53 41 0.0678643900723821
53 43 0.0741511915699643
53 44 0.135212903901543
53 46 0.0671612419358723
53 48 0.0129450571852183
53 49 0.294554615821785
53 50 0.173652102214429
53 56 0.0983426297682891
53 57 0.0150756990000787
53 59 0.0694920366503963
53 60 0.0712935377783989
53 61 0.00387610207641254
53 64 0.0449659939464447
53 66 0.00445109047868049
53 96 0.0955222411760837
53 102 0.178229441816997
53 267 0.0416554484574246
53 509 0.0338040212775566
53 540 0.0509925786023776
53 558 0.0253726073747477
53 574 0.235551056924497
53 683 0.251371708559731
53 730 0.181351861537455
53 1019 0.116162579272692
53 1020 0.0236757354941984
53 1055 0.0156109470056178
53 1122 0.0566725005008755
54 2 0.0641050458677346
54 41 0.0478916885610177
54 44 0.105531929485737
54 46 0.0711092302555767
54 47 0.00730678758687522
54 48 0.0331759384007701
54 56 0.0412625276773122
54 57 0.244273241266044
54 58 0.276872588050552
54 59 0.0471100005853055
54 60 0.0689244124402044
54 61 0.293387813734426
54 64 0.0105520208817057
54 65 0.00411796974237922
54 68 0.0892798864985536
54 133 0.0343390731942471
54 136 0.113671611924028
54 214 0.0308950378083591
54 263 0.0139815151938742
54 269 0.013812479673792
54 458 0.0355542307429849
54 502 0.19680702355635
54 544 0.0444978553851417
54 630 0.0914403236989594
54 652 0.079454967681889
54 698 0.0145031226941035
54 799 0.0855682622618988
54 864 0.00411477339647552
54 977 0.0390913114767989
54 1040 0.136584903964242
54 1079 0.0459300015773453
54 1150 0.0900103823272496
54 1229 0.0367494574047833
55 7 0.0275195007426238
55 37 0.0431412659575171
55 42 0.450909114124867
55 44 0.147826466385074
55 46 0.0441652577244194
55 47 0.0506371110298572
55 48 0.0379746197643882
55 50 0.0189941667328772
55 52 0.0889611050695473
