0 1 0.0724214309392673
0 2 0.491996956792958
0 5 0.0343480654240788
0 6 0.0338988659831132
0 7 0.00852439882595582
0 8 0.0424136662986813
0 10 0.132588325195015
0 12 0.311563149398111
0 14 0.174068992750186
0 15 0.117246208658695
0 16 0.183371443229252
0 67 0.0895790000788231
0 178 0.0348245998346911
0 307 0.0086264237458231
0 365 0.0229508142441277
0 380 0.03451239122244
0 450 0.0770384251462373
0 467 0.303633187349841
0 479 0.0240804465269375
0 638 0.0243674115139628
0 665 0.209635998486853
0 683 0.0976726205812153
0 685 0.28284485597363
0 730 0.0910518381716904
0 964 0.00385390847374349
0 977 0.195930677546158
0 1028 0.102390331942428
0 1044 0.00607647686856551
0 1188 0.00832683940475351
0 1206 0.239586337703944
0 1236 0.0177071781112811
0 1237 0.22876911395251
0 1238 0.187623882824159
0 1241 0.0425924100402209
0 1242 0.118081773082025
0 1243 0.0186404713821527
0 1247 0.137682075355721
0 1248 0.0203369917811699
0 1249 0.226649503574609
1 0 0.0724214309392673
1 6 0.323575869678942
1 9 0.390384513243007
1 10 0.151977245271408
1 12 0.066277623573503
1 15 0.161916216684225
1 16 0.0860721090632872
1 19 0.211921157978522
1 58 0.173528354387852
1 129 0.0134818779980627
1 160 0.0130552624393539
1 311 0.00046034839456318
1 317 0.226381394794084
1 415 0.100876299967102
1 478 0.0626437206642027
1 492 0.0153971483030828
1 504 0.0362106454428931
1 776 0.00536294950463018
1 852 0.162641162411321
1 853 0.113384344185453
1 854 0.0786799700693828
1 934 0.162338138753693
1 955 0.0500593580894945
1 1036 0.100396481257516
1 1048 0.0456409271697727
1 1184 0.106727079487195
1 1216 0.0305462445435125
1 1234 0.0328822558676285
1 1237 0.560577159790579
1 1238 0.033915702774113
1 1239 0.0480914408050044
1 1240 0.055286767517204
1 1242 0.0106955862250505
1 1243 0.017076223468808
1 1244 0.132590458670249
1 1245 0.0236987450745477
1 1246 0.0297583259341914
1 1247 0.00433628891225874
1 1249 0.00088647674498616
2 0 0.491996956792958
2 5 0.0200696075088071
2 7 0.0620508925905779
2 8 0.0192187064023889
2 12 0.141909724471612
2 14 0.0289222850158121
2 18 0.0500713815482852
2 94 0.0322825309536413
2 138 0.0819419638934817
2 205 0.115601654867202
2 260 0.0738825521911587
2 363 0.0281635520595906
2 381 0.0929402010707165
2 445 0.0206343037134511
2 656 0.165608822042816
2 678 0.157408064404761
2 798 0.0764570872105118
2 836 0.113513366898294
2 854 0.25142504766877
2 925 0.0118460809353995
2 1024 0.116403539187006
2 1129 0.0235202247054122
2 1158 0.117035385031703
2 1234 0.0105639840601712
2 1235 0.0110283768370622
2 1238 0.381510971731619
2 1240 0.012544852428996
2 1241 0.0768286397457502
2 1242 0.25745567177379
2 1244 0.201039735622165
2 1245 0.0287392908032638
2 1247 0.0501052684672344
3 6 0.0156677160286533
3 7 0.0456859924007706
3 9 0.122982963235409
3 10 0.229590685744526
3 16 0.157589110813367
3 19 0.0143551767181589
3 20 0.0714788988970315
3 34 0.0417811292854128
3 43 0.0814815230308428
3 47 0.0193552188651959
3 74 0.0210175977824982
3 303 0.0553221678181052
3 320 0.240090304620999
3 325 0.00771156122746317
3 543 0.0428477245792633
3 599 0.24970329284272
3 638 0.0879298885182348
3 685 0.0137287468606577
3 737 0.14794377073642
3 768 0.0233163857737693
3 811 0.0654098977746407
3 827 0.0977304868832016
3 885 0.0141037938244563
3 990 0.0139647558206457
3 1028 0.27884980649773
3 1142 0.0988775724017979
3 1216 0.0807693056220415
3 1235 0.0208252777351049
3 1237 0.00876635305404245
3 1239 0.189498636880587
3 1240 0.120867414197352
3 1242 0.116166550201932
3 1243 0.206449395759177
3 1245 0.120872447126325
3 1248 0.104502885588162
3 1249 0.000497686032682449
4 5 0.0552250768296681
4 6 0.129740642399445
4 8 0.00546793893153437
4 14 0.288559380247502
4 15 0.0585732822097646
4 16 0.124157992073897
4 18 0.163152970380715
4 22 0.156570392145026
4 25 0.202498192995249
4 110 0.0863023309816744
4 144 0.0344073387680664
4 243 0.0816161981390144
4 257 0.400580753134716
4 346 0.044493345877506
4 414 0.0397001132176826
4 441 0.138101995214053
4 454 0.166975306400403
4 463 0.00804181082213465
4 495 0.0726641124701084
4 504 0.0601886959331191
4 581 0.0370917206964973
4 642 0.0119469753583678
4 850 0.0801434622180324
4 854 0.348675517457803
4 1026 0.304051816854985
4 1033 0.239179917700158
4 1134 0.0245608611727802
4 1224 0.0957490442290849
4 1238 0.321169396423289
4 1240 0.0467594704872554
4 1243 0.104917716014821
4 1244 0.300734272103003
4 1245 0.00174361640842979
4 1246 0.0306467465568571
4 1247 0.434918166445852
4 1248 0.0421274890141441
5 0 0.0343480654240788
5 2 0.0200696075088071
5 4 0.0552250768296681
5 6 0.0533684770556488
5 10 0.095319861326516
5 11 0.111932697857838
5 12 0.0700453185756642
5 15 0.0859588519798171
5 16 0.416282463355161
5 17 0.0746944390221432
5 20 0.0901802267926979
5 23 0.0666638402259714
5 34 0.0199410035081936
5 115 0.0669149358491914
5 190 0.0243137613753235
5 222 0.00424586961836568
5 401 0.0709827676604235
5 446 0.0599671588315204
5 496 0.176541446865534
5 519 0.343010968673065
5 610 0.0814768757761067
5 622 0.0193648193563984
5 634 0.322930943807297
5 721 0.138732613221538
5 763 0.0983651062903542
5 838 0.0736487354102005
5 880 0.0242549833243762
5 939 0.0523837668629173
5 1006 0.0122063908712574
5 1019 0.0874744968649403
5 1035 0.124567683955496
5 1124 0.146569905755756
5 1130 0.10306335449155
5 1154 0.0273462298105188
5 1160 0.0122182586869475
5 1167 0.182700838785498
5 1242 0.0685263728068415
5 1243 0.0116142424518979
5 1246 0.0323506563726555
6 0 0.0338988659831132
6 1 0.323575869678942
6 3 0.0156677160286533
6 4 0.129740642399445
6 5 0.0533684770556488
6 8 0.00812525516119451
6 9 0.0616306027487104
6 10 0.132895177508397
6 11 0.15332432011654
6 14 0.016248940936198
6 15 0.0318186220365044
6 16 0.0656000602504344
6 17 0.0114730130348771
6 22 0.0607996419270879
6 74 0.0383403236392323
6 159 0.10023607553381
6 224 0.0388553107334171
6 255 0.293527935741486
6 369 0.271268210590073
6 373 0.169558551018121
6 423 0.296231352289276
6 433 0.386462112317891
6 529 0.157303399019661
6 654 0.100868130730559
6 846 0.0385807044668475
6 856 0.136596251908428
6 998 0.396568021402862
6 1013 0.0793715603570403
6 1030 0.0505266452376019
6 1239 0.0250711422046121
6 1240 0.320006486425261
6 1243 0.199571622431415
6 1244 0.0303010753065395
6 1249 0.00150544514425902
7 0 0.00852439882595582
7 2 0.0620508925905779
7 3 0.0456859924007706
7 9 0.00108661201756053
7 10 0.0327115699357895
7 11 0.109095946870659
7 13 0.223109723065726
7 14 0.173935545939816
7 15 0.121608504124125
7 16 0.115466524678714
7 17 0.0452004402320584
7 20 0.0452150064638
7 21 0.212719012360121
7 23 0.10853345040255
7 25 0.105261491763312
7 81 0.00887160434581923
7 86 0.0434212014936203
7 100 0.258824714042599
7 324 0.090215093670362
7 331 0.0251428944185342
7 339 0.0852939553265284
7 406 0.439963736572489
7 500 0.00313152904149819
7 530 0.0846151830452442
7 559 0.165154770717622
7 645 0.0657663177594179
7 724 0.00273016998428127
7 772 0.0254228844748117
7 833 0.337355956403557
7 1034 0.0592495653763165
7 1036 0.169453138130546
7 1140 0.0599940112298281
7 1239 0.0581548533262275
7 1244 0.28322465752033
7 1246 0.0445910449315119
7 1248 0.0385709065561654
7 1249 0.241155496768454
8 0 0.0424136662986813
8 2 0.0192187064023889
8 4 0.00546793893153437
8 6 0.00812525516119451
8 11 0.157141218228771
8 13 0.0620564279561421
8 14 0.128857084121238
8 19 0.0470836334162227
8 22 0.228522952215984
8 23 0.11888539865313
8 25 0.18658032632093
8 56 0.246500875998342
8 238 0.0987527582873186
8 313 0.158954436378354
8 422 0.204745485278745
8 703 0.0833147107621558
8 726 0.120035507356919
8 731 0.280558478632042
8 762 0.0568049794718631
8 905 0.167013934936209
8 958 0.143287287406263
8 968 0.0381207134664044
8 1035 0.105318208655508
8 1106 0.206898899303462
8 1110 0.0126814792499458
8 1129 0.0156963762883618
8 1241 0.460369913688711
8 1244 0.0815357036466344
8 1247 0.00360147429424879
8 1249 0.093060582776404
9 1 0.390384513243007
9 3 0.122982963235409
9 6 0.0616306027487104
9 7 0.00108661201756053
9 12 0.0390011822667573
9 14 0.172278528525847
9 17 0.0431884969157747
9 18 0.0217771544440787
9 19 0.119692145945603
9 20 0.0178875983763954
9 21 0.0324723551018307
9 23 0.0227759960579063
9 24 0.0615732235833075
9 26 0.0727776327102155
9 27 0.0623670977649291
9 40 0.00265888734410726
9 62 0.0251938843564619
9 290 0.00233795797738279
9 293 0.095332526400996
9 515 0.00532498295282647
9 552 0.00746458253079695
9 655 0.0352060938006254
9 724 0.0113054960658518
9 762 0.0378941888795731
9 790 0.186306104854167
9 895 0.17201154399101
9 944 0.0405287530434179
9 979 0.0580579709871127
9 999 0.0155534084576421
9 1009 0.406094082187543
9 1114 0.0436253230425189
9 1137 0.232251869787447
9 1216 0.0766003477979322
9 1231 0.16524700203829
9 1242 0.0183943848331663
9 1243 0.418533865107236
9 1246 0.0307040826008422
9 1247 0.176203734212285
10 0 0.132588325195015
10 1 0.151977245271408
10 3 0.229590685744526
10 5 0.095319861326516
10 6 0.132895177508397
10 7 0.0327115699357895
10 12 0.0172335687353092
10 15 0.161802580021147
10 17 0.0905010423627497
10 19 0.0211903375623079
10 22 0.0732276037804536
10 24 0.0244439562633538
10 26 0.0578016314848675
10 28 0.0408006651709627
10 37 0.013865019812542
10 53 0.0824785609285332
10 159 0.019111089049947
10 193 0.0284365111811323
10 195 0.0602724471090544
10 196 0.0580459455451728
10 231 0.166634873765344
10 363 0.105401359216262
10 372 0.051072734156726
10 630 0.0845741886646071
10 691 0.00258599907317488
10 775 0.0792777355745361
10 925 0.0688725326886583
10 984 0.310348048167389
10 1019 0.29707753733525
10 1119 0.0037257607854898
10 1132 0.0397617853145371
10 1140 0.19164314046873
10 1221 0.0312065888849844
10 1243 0.0398902843997878
10 1244 0.0943192228462798
10 1249 0.0820695911576675
11 5 0.111932697857838
11 6 0.15332432011654
11 7 0.109095946870659
11 8 0.157141218228771
11 12 0.526735658231112
11 14 0.348827301764366
11 15 0.0260882432756969
11 16 0.0182605276288218
11 18 0.0209441274291875
11 22 0.0312875229095144
11 24 0.00804766806047068
11 25 0.0260591144357065
11 27 0.0436763992648277
11 120 0.277552137060195
11 236 0.0887679905151546
11 275 0.0274254813154716
11 305 0.0335941307151644
11 359 0.107638928906499
11 380 0.0916911097345866
11 402 0.195635386209968
11 515 0.0919903506705838
11 537 0.0916002849402665
11 581 0.0580226397804965
11 616 0.232177763962916
11 631 0.0018272987768562
11 671 0.202918110449568
11 680 0.0449852040712817
11 826 0.088726499322974
11 843 0.135205476994162
11 856 0.0518658438777679
11 1053 0.234774635146233
11 1089 0.0239670934628065
11 1105 0.030764011427322
11 1117 0.00859214605071668
11 1173 0.22766319607287
11 1246 0.0808786527430079
11 1247 0.165665703630886
12 0 0.311563149398111
12 1 0.066277623573503
12 2 0.141909724471612
12 5 0.0700453185756642
12 9 0.0390011822667573
12 10 0.0172335687353092
12 11 0.526735658231112
12 13 0.178839492578093
12 16 0.0755560682973945
12 18 0.0329823492015259
12 19 0.201283632450072
12 20 0.0512000551531489
12 21 0.1803206844071
12 24 0.0533540350488703
12 25 0.0559014654691301
12 26 0.0337846810562149
12 28 0.0289561928682048
12 307 0.0961713551276375
12 360 0.0376423127075847
12 479 0.0044722811682963
12 493 0.134451127078312
12 499 0.120298871505235
12 512 0.0561187702121177
12 531 0.112213208042562
12 620 0.0461407915249048
12 946 0.128838736958546
12 994 0.579088732138418
12 1003 0.0881528312566644
12 1051 0.160352870802491
12 1183 0.0361481149404949
12 1244 0.0463599862266627
12 1245 0.0580133460656823
12 1247 0.0350666607352388
12 1249 0.140556813831089
13 7 0.223109723065726
13 8 0.0620564279561421
13 12 0.178839492578093
13 14 0.029542768913505
13 15 0.210412661908158
13 16 0.0232334055319677
13 17 0.17696366274989
13 20 0.0360848692916158
13 21 0.0832456678083732
13 23 0.00287272284867387
13 25 0.104339402039782
13 27 0.0290555499004754
13 30 0.0152964080093216
13 31 0.0276370563994461
13 125 0.101633665751932
13 149 0.0285863001129849
13 170 0.224060070201665
13 269 0.0575135931202687
13 418 0.032243518426804
13 462 0.0213028422354737
13 505 0.376779797405066
13 521 0.0420052873965485
13 524 0.059197471867671
13 561 0.0262969555604556
13 563 0.0830059762737905
13 586 0.0210630890323438
13 589 0.0712983180986052
13 720 0.0373723534726692
13 762 0.176294684141913
13 767 0.0140901829903214
13 954 0.0338766447742173
13 976 0.020127016660145
13 1113 0.0188018736815887
13 1125 0.00902048309986961
13 1245 0.111187170728435
13 1247 0.0802675601437085
13 1248 0.126585640823505
14 0 0.174068992750186
14 2 0.0289222850158121
14 4 0.288559380247502
14 6 0.016248940936198
14 7 0.173935545939816
14 8 0.128857084121238
14 9 0.172278528525847
14 11 0.348827301764366
14 13 0.029542768913505
14 15 0.404201670250549
14 16 0.00146263950960034
14 21 0.0164510440623768
14 22 0.0340589138527961
14 24 0.0999336668678257
14 25 0.112062468363754
14 27 0.0620017645700508
14 28 0.0995442081131209
14 30 0.0301012599728296
14 31 0.0572385486964356
14 53 0.170407428001637
14 67 0.0450115868281309
14 106 0.0179100840021812
14 124 0.00593584254741663
14 356 0.00747550209105962
14 365 0.113715890446782
14 524 0.0824038472915199
14 594 0.0365036943358056
14 756 0.0939690280707416
14 839 0.00312759610263468
14 875 0.0323441445640717
14 896 0.157679301453447
14 908 0.211748890488176
14 1019 0.0100654293963125
14 1173 0.0967838099101019
14 1247 0.0334360203890788
15 0 0.117246208658695
15 1 0.161916216684225
15 4 0.0585732822097646
15 5 0.0859588519798171
15 6 0.0318186220365044
15 7 0.121608504124125
15 10 0.161802580021147
15 11 0.0260882432756969
15 13 0.210412661908158
15 14 0.404201670250549
15 20 0.00338592581026259
15 22 0.00264326176827116
15 23 0.120500675096863
15 24 0.0403294935221532
15 28 0.0279396709252636
15 29 0.137103554380456
15 31 0.0154664470603196
15 32 0.0733246014785052
15 40 0.0571637309898523
15 177 0.0775337766214094
15 209 0.0470929968425917
15 212 0.116533114481775
15 221 0.149404704268608
15 346 0.40518750223556
15 427 0.0726104517765002
15 434 0.245485948148826
15 454 0.0208706764420023
15 479 0.0616516759728953
15 481 0.0725088955852056
15 623 0.421877271204413
15 634 0.188004554731198
15 651 0.109205834685934
15 695 0.0443549137341866
15 726 0.117674295444492
15 894 0.0922302551043382
15 927 0.418920857242568
15 1044 0.0529950219644319
15 1088 0.0366943623108979
15 1248 0.211502677643583
16 0 0.183371443229252
16 1 0.0860721090632872
16 3 0.157589110813367
16 4 0.124157992073897
16 5 0.416282463355161
16 6 0.0656000602504344
16 7 0.115466524678714
16 11 0.0182605276288218
16 12 0.0755560682973945
16 13 0.0232334055319677
16 14 0.00146263950960034
16 20 0.00959534068561777
16 22 0.0440160965928487
16 23 0.0513362914715091
16 27 0.131407687531995
16 30 0.0614205829611225
16 31 0.181770060977446
16 32 0.141521207575563
16 33 0.0327393007319622
16 34 0.0529719236844598
16 41 0.0454776256648636
16 57 0.0226257749574447
16 125 0.0527275827881579
16 161 0.191731674411979
16 210 0.327154741434539
16 219 0.110705023998019
16 265 0.0189410003969064
16 387 0.034366611989636
16 451 0.0682111626190814
16 517 0.0833299144984643
16 536 0.0126167382140036
16 644 0.111050695825811
16 691 0.0383579918316229
16 772 0.0253211591698076
16 804 0.0256414883590009
16 930 0.00979689440603651
16 962 0.0264295719034234
16 963 0.0871137885656717
16 1084 0.198210220865633
16 1167 0.137988825461929
16 1195 0.0983667225138772
16 1205 0.00658306734816354
17 5 0.0746944390221432
17 6 0.0114730130348771
17 7 0.0452004402320584
17 9 0.0431884969157747
17 10 0.0905010423627497
17 13 0.17696366274989
17 18 0.106869868864822
17 19 0.163715630879595
17 20 0.236746673371175
17 21 0.0310240307169635
17 22 0.149173238683364
17 26 0.0338603281384481
17 27 0.0782957357581955
17 28 0.104660959533753
17 31 0.275608686127566
17 32 0.0532529156132665
17 33 0.0341499924152168
17 50 0.168453819765831
17 115 0.111321759038284
17 158 0.0235675046177461
17 172 0.0428800924813678
17 253 0.0101123002935059
17 290 0.0619426433144159
17 404 0.0719619974100276
17 412 0.138112784388029
17 429 0.275399547260475
17 482 0.123533899477698
17 560 0.0582350726989293
17 728 0.134600213902135
17 815 0.0347637778426527
17 834 0.0770641036756622
17 1026 0.0474251708898124
17 1206 0.0736095451056697
17 1247 0.015244043544351
18 2 0.0500713815482852
18 4 0.163152970380715
18 9 0.0217771544440787
18 11 0.0209441274291875
18 12 0.0329823492015259
18 17 0.106869868864822
18 20 0.0282984201097887
18 24 0.0663123801557247
18 27 0.0313152829130971
18 30 0.0681973372160289
18 33 0.0996959857532918
18 36 0.012115020637813
18 70 0.311004415128244
18 124 0.0527066297548241
18 134 0.00602395273320644
18 186 0.300379847783621
18 196 0.223461198058141
18 197 0.0603798847862562
18 270 0.0780616214113343
18 334 0.0548529048950378
18 378 0.0481956292823725
18 519 0.0738739091062113
18 520 0.099207845000882
18 699 0.0403099449256995
18 771 0.18458303841943
18 874 0.0110870552858423
18 970 0.202562090327565
18 973 0.0783526180696628
18 1061 0.0498440438063971
18 1121 0.0227765987438194
18 1145 0.131670389170814
18 1174 0.0156077296297001
19 1 0.211921157978522
19 3 0.0143551767181589
19 8 0.0470836334162227
19 9 0.119692145945603
19 10 0.0211903375623079
19 12 0.201283632450072
19 17 0.163715630879595
19 20 0.0268636536758683
19 23 0.205318107564973
19 24 0.0461641986073523
19 27 0.0332337953645756
19 29 0.131578806444611
19 34 0.0292259761293262
19 35 0.000226799887685409
19 37 0.184109169537014
19 87 0.00355977904704889
19 93 0.279911336067697
19 147 0.0413745096616075
19 177 0.101365199157447
19 200 0.125173585514639
19 395 0.120566191669361
19 495 0.145324309345115
19 779 0.0717042894107708
19 898 0.155970478418055
19 922 0.0181880005668317
19 938 0.00973053601247752
19 978 0.263688271897277
19 982 0.046454295683788
19 1078 0.00617457568586511
19 1106 0.0670183409136895
20 3 0.0714788988970315
20 5 0.0901802267926979
20 7 0.0452150064638
20 9 0.0178875983763954
20 12 0.0512000551531489
20 13 0.0360848692916158
20 15 0.00338592581026259
20 16 0.00959534068561777
20 17 0.236746673371175
20 18 0.0282984201097887
20 19 0.0268636536758683
20 21 0.0737348848408816
20 23 0.030977120105395
20 28 0.262166895223244
20 29 0.0531138017568148
20 31 0.12986686873321
20 33 0.0181422735960024
20 35 0.0807427672839593
20 36 0.0101755021381724
20 83 0.019383325684794
20 120 0.0068579724088322
20 171 0.0688548307233268
20 205 0.0521446766057442
20 227 0.0696756850126771
20 252 0.0199908462157777
20 350 0.0539543159770151
20 405 0.12497274997706
20 468 0.103913313092096
20 556 0.0242982170575552
20 557 0.0985280249003766
20 621 0.00612865323919849
20 646 0.135887585905332
20 766 0.0718286659733053
20 813 0.186138128388262
20 962 0.0886582256358309
20 1013 0.0298251133345321
20 1088 0.0232991819500344
20 1095 0.0747823710742715
21 7 0.212719012360121
21 9 0.0324723551018307
21 12 0.1803206844071
21 13 0.0832456678083732
21 14 0.0164510440623768
21 17 0.0310240307169635
21 20 0.0737348848408816
21 26 0.226312097866978
21 32 0.132002140702906
21 33 0.0289972240508281
21 34 0.0670416185485533
21 35 0.242050078420332
21 36 0.200079167174868
21 38 0.331583916098615
21 51 0.200688579874465
21 329 0.153563807550052
21 340 0.0481287370684026
21 364 0.0420028907879912
21 421 0.121991551024768
21 441 0.0249616327439913
21 493 0.107578846360292
21 521 0.00666460249576264
21 522 0.0680224291158852
21 575 0.187362231859981
21 600 0.140470534251092
21 641 0.0935439887406584
21 685 0.227053360246492
21 689 0.0294500668376339
21 701 0.119869305124758
21 772 0.0370185659345636
21 932 0.13462968403093
21 1041 0.042995183269998
21 1213 0.0713633253471635
22 4 0.156570392145026
22 6 0.0607996419270879
22 8 0.228522952215984
22 10 0.0732276037804536
22 11 0.0312875229095144
22 14 0.0340589138527961
22 15 0.00264326176827116
22 16 0.0440160965928487
22 17 0.149173238683364
22 23 0.0754940860478689
22 24 0.783963092830917
22 31 0.0697354261565059
22 32 0.0378113269411556
22 37 0.133989657834123
22 39 0.149467644352022
22 41 0.0608617781923048
22 63 0.0477240022483966
22 96 0.0229246188392874
22 136 0.187586893911818
22 168 0.0414164383261089
22 197 0.0297049072781468
22 209 0.0276168410365314
22 562 0.0749982880145914
22 564 0.0585894227430648
22 568 0.106891388723932
22 629 0.0518395537653723
22 741 0.0961184277442975
22 1009 0.0714597681722098
23 5 0.0666638402259714
23 7 0.10853345040255
23 8 0.11888539865313
23 9 0.0227759960579063
23 13 0.00287272284867387
23 15 0.120500675096863
23 16 0.0513362914715091
23 19 0.205318107564973
23 20 0.030977120105395
23 22 0.0754940860478689
23 24 0.140821041214413
23 25 0.0733244322135476
23 27 0.225803384871373
23 28 0.00523674014351983
23 30 0.0604665107104791
23 31 0.00135849954105058
23 34 0.0179229421423654
23 35 0.0384278973190228
23 36 0.000410475382137553
23 37 0.170644537298693
23 39 0.197989646462822
23 40 0.0956288088252192
23 41 0.0539157702338012
23 64 0.129803338176907
23 94 0.056379382799251
23 104 0.000103867495249743
23 145 0.616943578957824
23 176 0.115273060783839
23 193 0.0650176429338665
23 223 0.0230944666329166
23 734 0.104516469583507
23 753 0.0630818283704838
23 766 0.061719401405684
23 820 0.0524597484886584
23 938 0.0138840023753777
23 1082 0.222675055516695
23 1192 0.122442052806813
24 9 0.0615732235833075
24 10 0.0244439562633538
24 11 0.00804766806047068
24 12 0.0533540350488703
24 14 0.0999336668678257
24 15 0.0403294935221532
24 18 0.0663123801557247
24 19 0.0461641986073523
24 22 0.783963092830917
24 23 0.140821041214413
24 27 0.0647132027754689
24 28 0.240735316124885
24 30 0.0593138406023862
24 33 6.59341163105828e-05
24 34 0.0118919034099029
24 36 0.304985589162545
24 39 0.129320281188142
24 40 0.0934961930448112
24 45 0.0223668916945082
24 48 0.00745702012127245
24 93 0.0225075510154811
24 128 0.13425023064777
24 134 0.0133948813037629
24 153 0.0374033210338104
24 169 0.0821105721732414
24 232 0.015236383692833
24 353 0.00786829128986356
24 399 0.149017234445507
24 419 0.043744788345007
24 531 0.0963823229637319
24 578 0.0129449511797946
24 720 0.172175665722534
24 775 0.24643447159535
24 917 0.00269145402054542
24 946 0.070562191214859
24 962 0.0439588642065858
24 1051 0.280511692317229
24 1170 0.0173520365496967
25 4 0.202498192995249
25 7 0.105261491763312
25 8 0.18658032632093
25 11 0.0260591144357065
25 12 0.0559014654691301
25 13 0.104339402039782
25 14 0.112062468363754
25 23 0.0733244322135476
25 26 0.0513969747323232
25 28 0.0262985550022423
25 34 0.0272605057542404
25 37 0.199739059152361
25 38 0.0463213188682556
25 40 0.0465836983027805
25 75 0.22775258911314
25 120 0.0865763461162873
25 131 0.120105579559465
25 247 0.158175584453509
25 265 0.112172135240526
25 270 0.149185449426994
25 283 0.135758039179452
25 296 0.0373003730659734
25 306 0.111239544957563
25 367 0.0581696689705141
25 439 0.0354195401481385
25 540 0.031763503447777
25 884 0.220086819735708
25 897 0.093433577335169
25 912 0.0202378673738026
25 973 0.021640331400149
25 1023 0.0160566675309078
25 1033 0.113891419786813
25 1083 0.151545421900316
26 9 0.0727776327102155
26 10 0.0578016314848675
26 12 0.0337846810562149
26 17 0.0338603281384481
26 21 0.226312097866978
26 25 0.0513969747323232
26 29 0.0245856368007967
26 30 0.310930237012357
26 36 0.0333257182400569
26 38 0.128109238721026
26 40 0.132927341638009
26 42 0.178805622827739
26 43 0.0135557367840403
26 44 0.0403661038362093
26 57 0.0899982151952687
26 71 0.0223609930574204
26 118 0.057148105453809
26 182 0.158489834972972
26 212 0.0980478939492556
26 246 0.00658842233729453
26 286 0.0190168202111309
26 308 0.340083980360013
26 416 0.0101409237122764
26 423 0.0281139693755717
26 491 0.208914655260731
26 567 0.0143216417104736
26 625 0.0576921011168756
26 660 0.0346581694698743
26 675 0.0491480884553572
26 779 0.126434210879912
26 857 9.40389066230325e-05
26 863 0.0501442788054187
26 878 0.220569467779795
26 1023 0.144335785359182
26 1067 0.00981148184448699
26 1196 0.00102992849757677
27 9 0.0623670977649291
27 11 0.0436763992648277
27 13 0.0290555499004754
27 14 0.0620017645700508
27 16 0.131407687531995
27 17 0.0782957357581955
27 18 0.0313152829130971
27 19 0.0332337953645756
27 23 0.225803384871373
27 24 0.0647132027754689
27 30 0.0647253359882128
27 33 0.070767561187332
27 34 0.104692521823619
27 35 0.00484089005377347
27 36 0.121172613863031
27 41 0.0241615001397543
27 42 0.113730915136373
27 45 0.0371181448461416
27 193 0.0505668272359472
27 321 0.294368858153103
27 356 0.0689507493809937
27 368 0.0027256639121465
27 455 0.196163992894577
27 463 0.0207372436923926
27 501 0.0772018892248283
27 568 0.135756178856507
27 614 0.367596975155886
27 760 0.0460911692628538
27 868 0.0402598762772836
27 950 0.019344733018718
27 986 0.0773383653080685
27 1001 0.0590541056899716
27 1026 0.0160481486843981
27 1134 0.08355631597518
27 1188 0.0398177860953935
27 1244 0.105368126858141
28 10 0.0408006651709627
28 12 0.0289561928682048
28 14 0.0995442081131209
28 15 0.0279396709252636
28 17 0.104660959533753
28 20 0.262166895223244
28 23 0.00523674014351983
28 24 0.240735316124885
28 25 0.0262985550022423
28 30 0.0518960270078884
28 32 0.0923978427502188
28 33 0.00889552027625167
28 35 0.00238992836679304
28 36 0.0186693226609805
28 38 0.0497462710738156
28 39 0.00332826558669947
28 40 0.356004847818112
28 42 0.0802083652731098
28 46 0.169508976796287
28 80 0.179851541428019
28 96 0.0868632957069298
28 155 0.0496475851879758
28 177 0.0556640944836708
28 179 0.320582651733857
28 346 0.0357191923710203
28 469 0.152418570345287
28 706 0.270064976640687
28 795 0.0366437074697942
28 941 0.0156227250873991
28 952 0.143826172016411
28 1187 0.278858048463436
29 15 0.137103554380456
29 19 0.131578806444611
29 20 0.0531138017568148
29 26 0.0245856368007967
29 30 0.167905203639025
29 33 0.100278534376882
29 37 0.030188464448859
29 38 0.327929370108313
29 39 0.0277309110513921
29 40 0.217516420715899
29 41 0.229783789236066
29 42 0.0318500705474702
29 45 0.00323843350422304
29 46 0.0218838874558009
29 115 0.234770334716066
29 160 0.0580058120512738
29 180 0.115235006053369
29 300 0.11128697547412
29 383 0.0672220499027826
29 390 0.1562326438847
29 520 0.240753208896731
29 545 0.0954693161965385
29 601 0.00490088019841093
29 735 0.0172134059710326
29 753 0.118811113717305
29 788 0.0641613608364056
29 812 0.2174823982658
29 858 0.120635773455779
29 867 0.0541587929308963
29 1016 0.0774401885684477
29 1148 0.0311435895480254
29 1187 0.137407029865912
29 1221 0.25647956442022
30 13 0.0152964080093216
30 14 0.0301012599728296
30 16 0.0614205829611225
30 18 0.0681973372160289
30 23 0.0604665107104791
30 24 0.0593138406023862
30 26 0.310930237012357
30 27 0.0647253359882128
30 28 0.0518960270078884
30 29 0.167905203639025
30 31 0.0272618794349418
30 32 0.199005218337939
30 34 0.166033141160524
30 35 0.17519224145297
30 37 0.0102694303866723
30 41 0.0146094369873105
30 44 0.00733423570315388
30 45 0.245364426473109
30 48 0.295629512990243
30 90 0.170706934715402
30 119 0.0290159416025415
30 296 0.0429773351805484
30 299 0.0323808663322172
30 320 0.0442024380000414
30 458 0.0048559421868744
30 498 0.0296751326213192
30 530 0.164282910005923
30 619 0.0171548331108224
30 633 0.101637110359867
30 662 0.120163188357783
30 714 0.0395543875766841
30 808 0.648757136471797
30 885 0.0874537970545871
30 888 0.378954056482519
30 985 0.0384556755464746
30 1031 0.147606240792401
30 1111 0.122547655557336
30 1145 0.168567161278063
31 13 0.0276370563994461
31 14 0.0572385486964356
31 15 0.0154664470603196
31 16 0.181770060977446
31 17 0.275608686127566
31 20 0.12986686873321
31 22 0.0697354261565059
31 23 0.00135849954105058
31 30 0.0272618794349418
31 34 0.0155482549139732
31 35 0.0516429482823469
31 37 0.108183388585541
31 38 0.0592797475346951
31 39 0.00944864348169945
31 43 0.191242147910148
31 44 0.0924600765151801
31 45 0.190459035021505
31 46 0.125596166478485
31 112 0.124089220378285
31 122 0.0131714729620772
31 140 0.131223399622557
31 147 0.195087269687115
31 162 0.00296937634104621
31 362 0.115319850838981
31 436 0.0504973903798132
31 494 0.00564931845287865
31 527 0.118757273265004
31 584 0.0740385470881516
31 605 0.051702895908047
31 759 0.0139642149127548
31 890 0.00525755032479437
31 958 0.0568430610186056
31 1016 0.0416014896559706
31 1132 0.0441805094891727
31 1232 0.0364916342068555
32 15 0.0733246014785052
32 16 0.141521207575563
32 17 0.0532529156132665
32 21 0.132002140702906
32 22 0.0378113269411556
32 28 0.0923978427502188
32 30 0.199005218337939
32 33 0.00665258314373527
32 36 0.0119224816604517
32 37 0.0245525684157947
32 38 0.00510013363916072
32 40 0.170530179701843
32 41 0.0597115242049157
32 43 0.0270316656999615
32 44 0.0418115780064055
32 47 0.0330224464638713
32 52 0.0519667991281656
32 124 0.072689572126445
32 143 0.00110425350874517
32 147 0.0402846831704784
32 235 0.183016141018742
32 251 0.154387893098938
32 380 0.0400187005784208
32 567 0.0338794264860022
32 691 0.478376059980498
32 707 0.0214214483830863
32 798 0.105040620651106
32 902 0.0211126452106739
32 919 0.0926867560634448
32 1055 0.0769816713719522
32 1079 0.100717477073366
32 1149 0.128068868389422
32 1170 0.0961443073113127
32 1173 0.0570133344695948
32 1240 0.101707643899529
33 16 0.0327393007319622
33 17 0.0341499924152168
33 18 0.0996959857532918
33 20 0.0181422735960024
33 21 0.0289972240508281
33 24 6.59341163105828e-05
33 27 0.070767561187332
33 28 0.00889552027625167
33 29 0.100278534376882
33 32 0.00665258314373527
33 34 0.215264401862448
33 36 0.344351885643585
33 37 0.0808080003373635
33 39 0.0210323740911334
33 40 0.0306672248588569
33 41 0.056709534583032
33 42 0.00167599351145525
33 43 0.00822593563540925
33 44 0.056890110074242
33 46 0.121598466304098
33 48 0.0355564771264914
33 87 0.111174376604992
33 171 0.0866010232222593
33 264 0.309563677504319
33 284 0.274015145833178
33 356 0.0923498969533674
33 384 0.16796917288822
33 417 0.0370388572002298
33 597 0.000339501941015069
33 598 0.325510328306484
33 604 0.196001945055541
33 906 0.186957413501083
33 1008 0.0104502602381077
33 1028 0.0189501502639543
33 1036 0.031259096501373
33 1073 0.0871251598478262
33 1122 0.0308408997303042
33 1133 0.0959169569631866
34 3 0.0417811292854128
34 5 0.0199410035081936
34 16 0.0529719236844598
34 19 0.0292259761293262
34 21 0.0670416185485533
34 23 0.0179229421423654
34 24 0.0118919034099029
34 25 0.0272605057542404
34 27 0.104692521823619
34 30 0.166033141160524
34 31 0.0155482549139732
34 33 0.215264401862448
34 35 0.0959221791534514
34 36 0.0970927517986669
34 38 0.0482353332032088
34 41 0.0132712141191276
34 42 0.418839408067645
34 44 0.0167124228055319
34 48 0.284246162968613
34 50 0.0522353687696345
34 51 0.0899459962725421
34 52 0.00398222464331204
34 62 0.0180841106726865
34 161 0.060090739847626
34 164 0.30159900486165
34 178 0.0644217258325904
34 295 0.186892080102809
34 413 0.091165579494187
34 488 0.0604654355919948
34 550 0.0399028855082471
34 587 0.379529863316703
34 623 0.0741274045521936
34 695 0.219911908332871
34 700 0.0353871981280259
34 716 0.0699825055964983
34 724 0.0621609203229388
34 1016 0.012099979179317
34 1019 0.136557683206883
34 1032 0.109153815886929
34 1063 0.0183627119888435
34 1119 0.0305729986824597
34 1177 0.0729861745886762
34 1214 0.109992620981513
35 19 0.000226799887685409
35 20 0.0807427672839593
35 21 0.242050078420332
35 23 0.0384278973190228
35 27 0.00484089005377347
35 28 0.00238992836679304
35 30 0.17519224145297
35 31 0.0516429482823469
35 34 0.0959221791534514
35 39 0.0168555918266433
35 40 0.14338447605724
35 42 0.0286278745119892
35 44 0.108588257698712
35 45 0.00356732856377717
35 47 0.0156545656365931
35 48 0.150063928691572
35 49 0.0153912811433274
35 53 0.0413473533361415
35 118 0.0218448894757103
35 158 0.0967303341121571
35 567 0.0838396301328295
35 576 0.00413834953524675
35 686 0.0777582748696007
35 787 0.0603660002977493
35 854 0.248362699080333
35 909 0.0460835159256478
35 926 0.0367017357342266
35 935 0.0603280649697797
35 1204 0.0168514011524211
36 18 0.012115020637813
36 20 0.0101755021381724
36 21 0.200079167174868
36 23 0.000410475382137553
36 24 0.304985589162545
36 26 0.0333257182400569
36 27 0.121172613863031
36 28 0.0186693226609805
36 32 0.0119224816604517
36 33 0.344351885643585
36 34 0.0970927517986669
36 38 0.0413003566079631
36 39 0.0725932411279964
36 40 0.020060311959776
36 41 0.56689574760252
36 42 0.0190928516881395
36 43 0.0175199555553836
36 46 0.0921418449221709
36 48 0.115473088446681
36 49 0.000136684303564392
36 50 0.0683196627370309
36 51 0.202510442707397
36 53 0.0165881961960977
36 295 0.0116179618551685
36 323 0.0794718389376367
36 421 0.024715957971456
36 453 0.0163423309074204
36 494 0.0137644398668715
36 496 0.0499980781428484
36 593 0.0262306872772324
36 663 0.0614696450705368
36 706 0.0318327645816088
36 743 0.29706022499346
36 761 0.0724051473377041
36 879 0.194318997616258
36 880 0.130413881192171
36 994 0.103600648026975
36 1062 0.216430526293968
36 1228 0.0713469841664291
36 1239 0.0323061170100383
37 10 0.013865019812542
37 19 0.184109169537014
37 22 0.133989657834123
37 23 0.170644537298693
37 25 0.199739059152361
37 29 0.030188464448859
37 30 0.0102694303866723
37 31 0.108183388585541
37 32 0.0245525684157947
37 33 0.0808080003373635
37 40 0.21158084852264
37 41 0.0975844045595786
37 42 0.0305530667868977
37 45 0.0218986866057308
37 49 0.211862671224601
37 51 0.093669561872058
37 53 0.0391740134703779
37 54 0.0548347817593164
37 67 0.0364997033264058
37 290 0.0390264377671229
37 319 0.280594638015
37 461 0.12800600421557
37 490 0.153835773986273
37 539 0.0260470938468798
37 547 0.0985671109075961
37 633 0.0281329906415535
37 653 0.147079396179351
37 706 0.0275976966391347
37 710 0.188010081706944
37 785 0.0728168327024593
37 947 0.0478748919363594
37 994 0.0216789054229832
37 999 0.166344916086193
37 1032 0.0513460548075506
37 1041 0.00415859666926906
37 1179 0.134786867570762
37 1183 0.0764945244491876
38 21 0.331583916098615
38 25 0.0463213188682556
38 26 0.128109238721026
38 28 0.0497462710738156
38 29 0.327929370108313
38 31 0.0592797475346951
38 32 0.00510013363916072
38 34 0.0482353332032088
38 36 0.0413003566079631
38 40 0.462501641281655
38 41 0.417571192136241
38 45 0.0813041294232742
38 48 0.0281875470762617
38 49 0.0908401037966928
38 51 0.0056158348881436
38 54 0.147138404268684
38 278 0.00281148882850631
38 447 0.0539047021633466
38 544 0.0213477314497594
38 598 0.224649048225504
38 617 0.0604681678106038
38 648 0.0717186654398333
38 683 0.00688474220070536
38 775 0.0242095411189329
38 785 0.181211869745714
38 793 0.0812425071064586
38 796 0.000266982827248718
38 824 0.00677979289317624
38 840 0.0769617769650367
38 946 0.0950965812295521
38 962 0.0626448110987082
38 1012 0.0731653272212987
38 1059 0.385012246495316
38 1060 0.280444313936979
38 1097 0.0307560211179544
38 1127 0.101194512026759
39 22 0.149467644352022
39 23 0.197989646462822
39 24 0.129320281188142
39 28 0.00332826558669947
39 29 0.0277309110513921
39 31 0.00944864348169945
39 33 0.0210323740911334
39 35 0.0168555918266433
39 36 0.0725932411279964
39 40 0.0153988351233693
39 42 0.00139245288459346
39 44 0.0287278043767718
39 45 0.0806030503996737
39 57 0.0154511637475731
39 95 0.0304919056035574
39 144 0.16284815730957
39 261 0.18782845275939
39 342 0.0169730869734362
39 362 0.260920945804188
39 424 0.112515319337755
39 448 0.00407288327930643
39 463 0.0184662464496745
39 478 0.0746422369225601
39 480 0.33529957370015
39 485 0.0108236147792325
39 577 0.229480800169091
39 580 0.149431053933602
39 591 0.138177698494846
39 719 0.238081549029158
39 726 0.109235544181132
39 805 0.0401206993259026
39 815 0.00128364553101619
39 857 0.168953867576638
39 906 0.0731602673042195
39 910 0.0373423788041456
39 978 0.0361562652981315
39 1193 0.099339345724328
39 1219 0.310399918389218
40 9 0.00265888734410726
40 15 0.0571637309898523
40 23 0.0956288088252192
40 24 0.0934961930448112
40 25 0.0465836983027805
40 26 0.132927341638009
40 28 0.356004847818112
40 29 0.217516420715899
40 32 0.170530179701843
40 33 0.0306672248588569
40 35 0.14338447605724
40 36 0.020060311959776
40 37 0.21158084852264
40 38 0.462501641281655
40 39 0.0153988351233693
40 41 0.0743588127752471
40 43 0.211868852158774
40 46 0.406907198544767
40 49 0.0537083041730343
40 50 0.0538640806974651
40 53 0.247267635591513
40 56 0.0234715529480836
40 57 0.0460907420748682
40 135 0.0452181083880211
40 191 0.146417553740171
40 243 0.0572122498740049
40 384 0.0198235715974879
40 526 0.291183844109096
40 594 0.0244108401135719
40 769 0.338386294979422
40 884 0.14242438839918
40 887 0.0136422561019975
40 1016 0.0419028040454127
40 1049 0.172894450342127
40 1068 0.0480998640770507
40 1095 0.039598494495114
40 1135 0.0967922598084582
40 1231 0.0479481975144243
41 16 0.0454776256648636
41 22 0.0608617781923048
41 23 0.0539157702338012
41 27 0.0241615001397543
41 29 0.229783789236066
41 30 0.0146094369873105
41 32 0.0597115242049157
41 33 0.056709534583032
41 34 0.0132712141191276
41 36 0.56689574760252
41 37 0.0975844045595786
41 38 0.417571192136241
41 40 0.0743588127752471
41 44 0.00430207722466923
41 46 0.0461307632569905
41 48 0.44578726649373
41 49 0.0447580547968271
41 51 0.138738027360614
41 52 0.00726192530257671
41 54 0.0535093836867256
41 55 0.181188830941659
41 57 0.545344238088651
41 59 0.0457924478754573
41 168 0.149212664124502
41 261 0.0731815674591078
41 274 0.0869034532425208
41 292 0.0147409344898047
41 369 0.0815519224539512
41 463 0.0204524807424291
41 479 0.0968558322333334
41 509 0.00211825542902799
41 524 0.134489727076161
41 754 0.00165924408877846
41 887 0.00721981400528471
41 967 0.0302276241096598
41 1049 0.0303507495260304
41 1088 0.1729969228527
41 1190 0.0996208380134305
41 1193 0.132128472737781
42 26 0.178805622827739
42 27 0.113730915136373
42 28 0.0802083652731098
42 29 0.0318500705474702
42 33 0.00167599351145525
42 34 0.418839408067645
42 35 0.0286278745119892
42 36 0.0190928516881395
42 37 0.0305530667868977
42 39 0.00139245288459346
42 43 0.0343740201846936
42 45 0.249634768627925
42 46 0.0490207214516425
42 47 0.08206067905875
42 49 0.303700661871704
42 50 0.0463405121229037
42 52 0.0423123070611872
42 53 0.11341952287569
42 54 0.0364456962475881
42 59 0.00968504748264528
42 108 0.143572051177132
42 184 0.104362160554773
42 225 0.0180190265412468
42 240 0.180904952970183
42 283 0.12120128892331
42 409 0.0271922210037398
42 515 0.137752836296355
42 536 0.118389035044722
42 566 0.0313071637081249
42 665 0.117776750431822
42 706 0.136542216802189
42 710 0.154230981544454
42 720 0.0630497573504042
