0 4 0.0422077646934118
0 13 0.0279145938816508
0 23 0.151639776018245
0 153 0.120368385852177
0 176 0.0308248232119772
0 204 0.028836774993159
0 240 0.000536212071540136
0 249 0.0474701423633461
0 260 0.0372177653582009
0 311 0.259307272129179
0 446 0.0278972294674647
0 482 0.130410608875189
0 605 0.0711485570157359
0 638 0.203432500943406
0 643 0.0635353785064918
0 647 0.183969948542253
0 650 0.00237741533436399
0 664 0.0481188472276473
0 689 0.127697546924663
0 719 0.0554398500793635
0 734 0.0424591885222843
0 758 0.0179949089455611
0 794 0.0549807479246658
0 797 0.00149586031150996
0 833 0.336702710194825
0 952 0.374111661238509
0 980 0.0276080019185023
0 1040 0.0154294023835227
0 1044 0.099755210123575
0 1084 0.0121387030730314
0 1085 0.0535436680110573
0 1101 0.0645182601960157
0 1198 0.031852298301828
0 1209 0.108120467424018
0 1246 0.0589225605187859
0 1249 0.309570026396341
1 10 0.0346838316356323
1 14 0.44506124627666
1 93 0.132020585939266
1 202 0.202078460706699
1 211 0.0750415393514935
1 230 0.00265688546324561
1 258 0.166299666833588
1 274 0.0203621098366143
1 335 0.0224500400812314
1 343 0.0962192592115444
1 395 0.158675296035295
1 425 0.1197491864262
1 463 0.0654543767023719
1 645 0.0418588688050231
1 679 0.0173433000805443
1 693 0.0486395770632895
1 713 0.0257190124091072
1 746 0.00829866546163116
1 751 0.0147113571724726
1 784 0.0910902060936633
1 785 0.0478368993411382
1 843 0.0588171936022101
1 845 0.0531389669408846
1 848 0.0466152103096358
1 869 0.218880035910447
1 898 0.107898992056784
1 914 0.00540662694032068
1 933 0.118003961318664
1 978 0.10633526339439
1 1042 0.11115735522425
1 1099 0.0719765228467657
1 1121 0.019191336773585
1 1188 0.058600403814746
1 1192 0.249622311157995
1 1213 0.0392656608325561
1 1248 0.0739440725969694
2 14 0.012299228315081
2 16 0.0314919700957505
2 18 0.0710478091775756
2 93 0.102682566948868
2 141 0.18004353952064
2 209 0.105014167315262
2 217 0.116294452264482
2 309 0.0338823300804054
2 327 0.0196991448167343
2 337 0.120163398549335
2 443 0.0287510795842504
2 447 0.0142136572352188
2 490 0.0418424601600619
2 541 0.0396066390974091
2 568 0.0630013694441079
2 607 0.368997935952422
2 682 0.273391283222709
2 785 0.0166883436482323
2 794 0.00777578597643667
2 809 0.119274423204307
2 829 0.0195340891389574
2 836 0.0501701254591823
2 863 0.0207550828885794
2 892 0.00728317831351585
2 915 0.555824835903324
2 941 0.00971814873106139
2 956 0.0885530180826439
2 973 0.122116516748772
2 1001 0.226630493061279
2 1008 0.203487676323563
2 1016 0.00732222600481136
2 1064 0.155236659439349
2 1240 0.148314269456666
3 5 0.0163200099292096
3 129 0.382048132418446
3 160 0.0988052661772318
3 207 0.00247661466732366
3 249 0.0546101528952037
3 258 0.211697377111478
3 310 0.264560561840802
3 321 0.022936388669026
3 353 0.0463631146769089
3 384 0.0694934197613137
3 405 0.0582099436150139
3 422 0.0161932727338244
3 429 0.234574800575514
3 465 0.0274038519665515
3 485 0.088252689611208
3 509 0.0602378854416534
3 587 0.0273391133727848
3 685 0.266034633524598
3 688 0.0283026812237776
3 756 0.0353927973467772
3 757 0.0768287513677813
3 761 0.0847134627680883
3 863 0.253759895370951
3 866 0.0321919585563442
3 891 0.0431340792955594
3 921 0.0597752471549094
3 929 0.113050619034836
3 957 0.277812251061337
3 1173 0.0447351397127628
3 1194 0.0345195395283032
3 1219 0.24991338770935
3 1246 0.00858268210548665
4 0 0.0422077646934118
4 6 0.112799005237643
4 9 0.144920544885754
4 13 0.218179331544498
4 18 0.246507569794361
4 43 0.0113235554821298
4 67 0.164586863676062
4 85 0.155569779968674
4 98 0.10779575397959
4 105 0.0713309887390404
4 112 0.0303431630657071
4 118 0.282276124852435
4 173 0.00112925995401521
4 193 0.0733982650841001
4 249 0.0214797573197338
4 280 0.0120984448422291
4 339 0.0146202508223778
4 354 0.0856680731501934
4 357 0.196383461797369
4 397 0.133174790236381
4 503 0.141826973509001
4 510 0.0502020791767547
4 583 0.0220844297363255
4 616 0.213344007563387
4 652 0.269966670035992
4 745 0.159327415968876
4 774 0.0052223991953461
4 810 0.300770645830511
4 932 0.00398553983343819
4 934 0.140523235227656
4 941 0.0994370809350728
4 947 0.301797269981757
4 1026 0.00483283012700873
4 1052 0.00153271465329012
4 1078 0.0104425091805131
4 1238 0.121560061047
4 1245 0.203965862586765
4 1248 0.0699378037850508
5 3 0.0163200099292096
5 13 0.118087516183301
5 21 0.0780315018648519
5 46 0.182364011781689
5 48 0.142437687809526
5 101 0.056277719744948
5 172 0.10415243950172
5 208 0.237371874101193
5 259 0.227114716970556
5 270 0.0319481166942038
5 311 0.0452865747572927
5 338 0.188778434306145
5 429 0.199670575348869
5 612 0.171992052277266
5 636 0.0461655481140865
5 637 0.0132968361074996
5 668 0.0246303684894923
5 800 0.0740993325581191
5 843 0.31935223290391
5 881 0.00083860297769689
5 934 0.0966735743721065
5 1026 0.138376191235849
5 1049 0.137095267776616
5 1175 0.0711478690373409
5 1189 0.0978582457326539
5 1248 0.0388708501549538
6 4 0.112799005237643
6 62 0.0062667246271744
6 64 0.130219262749866
6 98 0.0416736126209643
6 130 0.364903477683236
6 137 0.030548980424507
6 186 0.0877970800535923
6 232 0.0155149021764242
6 376 0.0947116667106594
6 453 0.0282980017712867
6 457 0.0865166986896936
6 548 0.0232560269263258
6 555 0.132446843154724
6 562 0.470676157643349
6 611 0.00788016709946291
6 646 0.0101270814094816
6 665 0.411813707325342
6 673 0.257201617440133
6 715 0.0288048406885178
6 809 0.0417038039717151
6 841 0.131983424062999
6 870 0.0180363330734318
6 873 0.00907478798692038
6 879 0.0423620761923065
6 881 0.0324798240435436
6 922 0.161751757658698
6 935 0.38346995657029
6 954 0.0380365635897119
6 970 0.0835944938236947
6 979 0.143741600478476
6 1026 0.452185884776279
6 1121 0.0203786338528206
6 1141 0.0533412005115048
6 1187 0.160199217626848
6 1211 0.0267439779565596
6 1237 0.0275410135709516
6 1242 0.0974245929098656
7 11 0.0372367869124955
7 26 0.0109022322193995
7 29 0.00641222775238976
7 50 0.0226778239955379
7 113 0.458432324856292
7 121 0.0133921819593898
7 126 0.08210741755046
7 147 0.0658820671990677
7 205 0.01005597668002
7 293 0.0976558187335879
7 330 0.000897587912008906
7 359 0.00226648383284861
7 431 0.00846307230036777
7 455 0.0417344859641711
7 469 0.229550561624666
7 500 0.0146054481211155
7 514 0.0872901274358019
7 550 0.074818079192693
7 662 0.0224201331756503
7 667 0.00678099270782612
7 704 0.0889242715271403
7 706 0.0428325126490907
7 729 0.0745069671078355
7 750 0.0961366973788874
7 789 0.00873758500756739
7 793 0.0269619751610872
7 888 0.0294710485260986
7 940 0.0379284707697957
7 961 0.0759112304776409
7 963 0.00689655848967786
7 1024 0.131320747532955
7 1027 0.00659757634521517
7 1083 0.00446864813380341
7 1232 0.0407648983088348
7 1236 0.157271518550272
8 10 0.0542314900481774
8 93 0.0327046655720129
8 102 0.276000385769651
8 268 0.017832042076593
8 367 0.107808792402326
8 382 0.00583553567327614
8 395 0.0797953455923218
8 412 0.0756721038752086
8 456 0.0839179435372985
8 482 0.0246299296484414
8 495 0.297828304995966
8 566 0.0844607438454392
8 618 0.051660048818275
8 644 0.161796684159759
8 709 0.023111515240405
8 711 0.304203138397748
8 767 0.103407741684608
8 772 0.346678362245268
8 826 0.0335025532406929
8 858 0.154291479912156
8 860 0.0947339897748919
8 877 0.0913950913706935
8 905 0.0482057001926665
8 908 0.137013438575733
8 915 0.115607412093557
8 940 0.407322723032334
8 951 0.0502735606401939
8 989 0.181050451615023
8 1007 0.00643924155412266
8 1011 0.0620252728231517
8 1021 0.223605178253101
8 1188 0.352827629028372
8 1228 0.0316472235149616
8 1242 0.0958445665969979
9 4 0.144920544885754
9 108 0.0859396203225427
9 113 0.0181291751077319
9 114 0.00670190186836549
9 143 0.0711269485875835
9 209 0.0363560831259977
9 226 0.128621640770371
9 230 0.0992465181669361
9 262 0.0120235833185352
9 291 0.0213438912246902
9 292 0.113518230802135
9 298 0.0034993569063624
9 300 0.0753020970049368
9 416 0.0816999664619305
9 477 0.0617569158800226
9 531 0.0262384094576816
9 644 0.158451677429239
9 659 0.103353541904958
9 672 0.00987317971455399
9 688 0.0459694430596541
9 714 0.00327436986347743
9 746 0.0137849287590214
9 833 0.109953866235276
9 971 0.188452318662264
9 993 0.166692652738699
9 1012 0.0426723021632083
9 1041 0.0191524160606217
9 1059 0.253215634286472
10 1 0.0346838316356323
10 8 0.0542314900481774
10 21 0.0127801596865879
10 24 0.226439227812191
10 26 0.145537440167113
10 150 0.0759440363189443
10 179 0.267521457964111
10 281 0.0112348213467658
10 373 0.000419559531862978
10 384 0.229851868074136
10 417 0.0399530474061401
10 528 0.127494657646517
10 556 0.17465541679002
10 572 0.189984856172101
10 593 0.124234880471471
10 602 0.0974038292237219
10 731 0.252068113954677
10 745 0.0143482607571711
10 753 0.0109332572069015
10 813 0.0118216216047094
10 870 0.0976535577391403
10 878 0.0337113163453286
10 909 0.0395219893785293
10 968 0.04807412175623
10 982 0.0289248339367395
10 1003 0.00664919765918611
10 1062 0.0720037396421958
10 1083 0.0382568783817306
10 1247 0.244455727647531
11 7 0.0372367869124955
11 15 0.00816767704069263
11 19 0.176550137751108
11 23 0.12977385009992
11 83 0.0419443535122992
11 157 0.0442233484634459
11 190 0.0948783970623501
11 233 0.239786658683834
11 240 0.00740322847814416
11 243 0.0583250328087996
11 252 0.0933521335348332
11 344 0.0385966971589411
11 352 0.105821606586266
11 478 0.139035633478433
11 479 0.288519343732589
11 563 0.186758277244461
11 597 0.0889694100817287
11 600 0.0327031331255598
11 617 0.0191901111622247
11 652 0.0861663385835354
11 664 0.00507551276932917
11 720 0.0529146285873225
11 832 0.509651036298891
11 938 0.0837298820053407
11 970 0.00345374560079204
11 1009 0.0676475602914182
11 1104 0.0304091169570685
11 1111 0.076420588000514
11 1173 0.173840718707795
11 1175 0.0173995690403393
11 1246 0.00174872506798822
12 15 0.00535610555549593
12 17 0.369816429467524
12 57 0.017127576906464
12 65 0.408743942272461
12 145 0.00588231302277774
12 146 0.17962329700784
12 223 0.134720617049615
12 267 0.0903293712025215
12 280 0.0676149597901255
12 313 0.0105004890919526
12 374 0.0764381868265673
12 377 0.0203081799961892
12 400 0.00493658517085926
12 518 0.0112085567607189
12 603 0.0285770126079258
12 669 0.0750809355552731
12 691 0.0150712841731115
12 707 0.161716374870618
12 803 0.0676269984445126
12 898 0.0923609524853598
12 925 0.0196710212084407
12 1053 0.0292526636774644
12 1071 0.289573254971115
12 1117 0.322690176597573
12 1119 0.309459032263804
12 1147 0.194223997326316
12 1154 0.0316006213113612
12 1161 0.0891477762347366
12 1176 0.089519102760826
12 1195 0.0241176571392472
12 1215 0.0785409104464308
13 0 0.0279145938816508
13 4 0.218179331544498
13 5 0.118087516183301
13 20 0.0230680092372225
13 104 0.196919817918615
13 131 0.0859679704166027
13 191 0.0163858143210631
13 221 0.344106874341296
13 254 0.0929578973229007
13 265 0.0204177403946409
13 407 0.000246128084209852
13 444 0.056902258571727
13 492 0.0177137197016347
13 553 0.0925618054344134
13 569 0.143839707782237
13 609 0.0575138976064931
13 613 0.017871291526326
13 618 0.179977257114161
13 743 0.0483307157010659
13 763 0.0928080685967343
13 851 0.110824020511821
13 890 0.0385434828102855
13 899 0.0795985391164129
13 994 0.0629041615016989
13 1077 0.110257788782024
13 1155 0.16990820346663
13 1205 0.0212524055994655
13 1223 0.0451752696185713
14 1 0.44506124627666
14 2 0.012299228315081
14 22 0.0150720841192429
14 28 0.0777373236821337
14 121 0.316867665331015
14 161 0.100821025260063
14 166 0.00986962387594846
14 258 0.254391049555068
14 274 0.15682138912439
14 299 0.0159086915374636
14 306 0.0535213808339178
14 519 0.221310362922318
14 523 0.161097204430422
14 559 0.0105475985054449
14 562 0.0464113695518367
14 594 0.00716207384780917
14 665 0.0346918959640143
14 701 0.232897222460904
14 712 0.136159941637021
14 791 0.0189013393244575
14 820 0.0468515707359327
14 878 0.242591789018486
14 948 0.115580301110841
14 951 0.0690393016084144
14 975 0.155127225498752
14 981 0.120531736518636
14 1023 0.152342606278089
14 1029 0.0272397636562703
14 1058 0.0154737512532319
14 1123 0.0236067951624855
14 1139 0.0214510936613727
14 1168 0.0280345864825458
14 1195 0.118120937562259
14 1246 0.0472270749253182
15 11 0.00816767704069263
15 12 0.00535610555549593
15 107 0.0930517326875038
15 157 0.0361621341487385
15 229 0.0705581234930565
15 243 0.0468038113672776
15 268 0.0155602678706306
15 269 0.139976789728644
15 291 0.108451438128548
15 431 0.259490938173358
15 600 0.112949280494996
15 606 0.166457893814896
15 613 0.0842148955677619
15 662 0.0134740060865533
15 677 0.308605896965149
15 683 0.023030196810499
15 685 0.034196242827637
15 701 0.175794296760771
15 702 0.0567428030065311
15 712 0.142172429766111
15 758 0.0214050099170976
15 897 0.329311213237184
15 907 0.00829763807946705
15 937 0.20121665662542
15 952 0.00061057958355814
15 965 0.144277267868854
15 1009 0.00641758612711623
15 1043 0.0134307293945185
15 1152 0.00201455126561738
15 1201 0.216672602383934
15 1209 0.224857457547203
15 1227 0.0331179172046309
15 1245 0.048311346571258
15 1247 0.0321519638288843
16 2 0.0314919700957505
16 35 0.189475633854571
16 40 0.235937833044063
16 57 0.107417034691052
16 113 0.49106232980247
16 128 0.0246558855288771
16 217 0.240955858154751
16 249 0.0584221643745613
16 282 0.0197632471164894
16 316 0.0143371252478034
16 320 0.206071158152751
16 353 0.77823319419646
16 427 0.043245097567954
16 467 0.0601317785779377
16 476 0.0564383544716263
16 502 0.0609913271706373
16 560 0.0603859620833853
16 573 0.0112186091412756
16 590 0.104830970632841
16 603 0.00567534984594913
16 619 0.0295041559590946
16 763 0.0625471148397541
16 847 0.0200847264346261
16 867 0.121071932834797
16 882 0.037836227028405
16 903 0.0296920389053612
16 934 0.325615582358982
16 944 0.00236504897880278
16 1009 0.0360627337291329
16 1138 0.508930067323555
16 1201 0.155953031116163
17 12 0.369816429467524
17 18 0.27813832023785
17 31 0.156500170870612
17 32 0.0751783659013629
17 33 0.221375209621146
17 42 0.0510129321720422
17 79 0.303132929395942
17 89 0.360861093366113
17 134 0.144890874335614
17 169 0.00165534885575761
17 174 0.0750513389011063
17 224 0.181711131775943
17 278 0.0262987099353346
17 320 0.0517651736310868
17 343 0.463041426547107
17 352 0.0784468072650037
17 413 0.0970634801368688
17 420 0.11036816808544
17 425 0.0468232978132605
17 546 0.0502478154451556
17 561 0.193031959155806
17 568 0.0519554895257328
17 590 0.308903998955261
17 689 0.261837942879274
17 707 0.102262044018608
17 775 0.130433745905705
17 791 0.00341172680053012
17 846 0.0724398689329475
17 852 0.201921453388328
17 910 0.176690685206821
17 919 0.0266132453276832
17 974 0.0225477337933536
17 1163 0.0602612327099964
17 1223 0.194264705853948
17 1233 0.00412966559249875
18 2 0.0710478091775756
18 4 0.246507569794361
18 17 0.27813832023785
18 21 0.246446905576281
18 27 0.0676240276984406
18 56 0.0445304739860465
18 121 0.0251356947479155
18 125 0.0753959350450061
18 154 0.0518995394200936
18 254 0.0105791947605457
18 262 0.073439235319352
18 306 0.0981188164408951
18 325 0.122620969014437
18 404 0.0258105034063484
18 467 0.155789995996822
18 471 0.0934782111336291
18 503 0.0359159802625082
18 546 0.0627484719488189
18 549 0.340917400137836
18 570 0.0117699564024491
18 613 0.21215043806716
18 642 0.00746956489416825
18 762 0.106667392426768
18 780 0.0533353109845784
18 900 0.185895507634915
18 907 0.0508985033615131
18 930 0.0682158672895811
18 948 0.136186169497597
18 969 0.0363189575505164
18 983 0.0131499685331598
18 1021 0.0154470593455112
18 1124 0.21301128303711
18 1164 0.101278575751746
18 1199 0.0177266466532134
19 11 0.176550137751108
19 52 0.196539577113664
19 74 0.0862428783565799
19 86 0.0941797128779029
19 390 0.106726091296703
19 393 0.247699933106936
19 466 0.0182726192349077
19 488 0.0317503381910029
19 509 0.102177677720595
19 571 0.0843269999493339
19 593 0.146259915639324
19 669 0.0460015603715021
19 679 0.0571750071290665
19 688 0.0345754830738357
19 781 0.0426523117737712
19 796 0.119290253369549
19 875 0.156547734442628
19 884 0.221355434213123
19 912 0.059809369657607
19 1017 0.22952031801188
19 1022 0.0733943843859483
19 1102 0.122881170101848
19 1144 0.0164746042775077
19 1156 0.229895953965635
19 1177 0.285995394020266
19 1219 0.0204170433625209
19 1237 0.342415890184579
19 1249 0.0481089760556458
20 13 0.0230680092372225
20 30 0.0296117682033248
20 32 0.00665722727002398
20 33 0.273286402937699
20 93 0.0731381611020438
20 271 0.0077410807891579
20 337 0.172232081150486
20 373 0.0150926767404857
20 380 0.0440489474050953
20 439 0.23280630519029
20 446 0.273497573570761
20 467 0.0120060604698784
20 514 0.143442692716367
20 593 0.113157979504118
20 613 0.167082311603205
20 618 0.0555513768848555
20 637 0.0293368930390225
20 639 0.182953246479303
20 813 0.0177184852475394
20 842 0.0806974796817563
20 845 0.116517964830851
20 1000 0.0380097738342472
20 1080 0.0109420380327529
20 1135 0.0395064918208212
20 1162 0.0114297029926232
20 1188 0.297994250936734
20 1194 0.0438110372998723
20 1211 0.083432358261072
21 5 0.0780315018648519
21 10 0.0127801596865879
21 18 0.246446905576281
21 31 0.0332027071088086
21 116 0.213238092082278
21 138 0.0962831927066436
21 192 0.118817999332374
21 202 0.048400406266608
21 240 0.051960968535845
21 278 0.0329107857180884
21 294 0.354574067985618
21 477 0.211482485860567
21 497 0.0165951451631514
21 547 0.0262869678028331
21 567 0.00572686487058352
21 641 0.0525962207354343
21 775 0.127773278281013
21 843 0.0292492515430724
21 877 0.00904752052867564
21 891 0.0177607903815761
21 901 0.128266573409966
21 949 0.222759109375887
21 960 0.00715693868659616
21 1038 0.0605415900519223
21 1060 0.163733281652437
21 1078 0.132324166493871
21 1081 0.285662330120329
21 1098 0.0112891223156079
21 1124 0.0844268909402118
21 1125 0.392353429546539
21 1134 0.0232444962691654
21 1137 0.00853711566278279
21 1161 0.0356095182933366
21 1195 0.145000006413352
21 1210 0.0189978939230545
21 1244 0.567222613833151
22 14 0.0150720841192429
22 23 0.0349869211621171
22 24 0.0830114752331543
22 48 0.0297487288143618
22 190 0.126594973946562
22 232 0.258790906669414
22 292 0.143323607316077
22 293 0.0337226928863903
22 328 0.00864760753315126
22 363 0.232621033331476
22 375 0.0297606556638212
22 400 0.0891979065244294
22 417 0.0370194430438872
22 431 0.0391699463626655
22 451 0.21445103177365
22 461 0.310512777597571
22 479 0.0636194821558636
22 527 0.0531551401148868
22 528 0.156869030892687
22 598 0.0466827010230387
22 632 0.0257110970159378
22 635 0.14175438015214
22 640 0.0021136142691964
22 666 0.16050906818045
22 667 0.177444016397255
22 677 0.150018146158561
22 705 0.0598995451017637
22 739 0.029000210414355
22 842 0.042723486565028
22 884 0.052244092238613
22 891 0.0187288925287916
22 912 0.15630794531846
22 917 0.0981650363032756
22 919 0.0294718703091358
22 1019 0.0383263285202306
22 1038 0.126481788227679
22 1153 0.0819632983645783
23 0 0.151639776018245
23 11 0.12977385009992
23 22 0.0349869211621171
23 33 0.00382124551934171
23 36 0.0444265984976275
23 165 0.0725474616655979
23 180 0.0898533675096117
23 181 0.0278001206376519
23 253 0.23847572495895
23 289 0.232575522285776
23 322 0.0480754061122061
23 356 0.0558000172857115
23 390 0.0424633348927592
23 411 0.00116508802376094
23 467 0.275815302789218
23 542 0.0903440780912907
23 579 0.0301202497292481
23 602 0.0974498092252063
23 637 0.131010007422215
23 640 0.115048434130565
23 713 0.0167914367189296
23 728 0.146761243101159
23 764 0.076519496563516
23 880 0.152505669224069
23 904 0.0834680737795773
23 917 0.0695971405796524
23 990 0.118103833513122
23 1006 0.00146821235103331
23 1076 0.00321233832140766
23 1095 0.218009057432772
23 1100 0.0274521043094061
23 1156 0.327523465869022
23 1163 0.0389916739644738
23 1197 0.0637848669682641
23 1218 0.700251461022271
24 10 0.226439227812191
24 22 0.0830114752331543
24 33 0.0209839885774296
24 44 0.047751841991369
24 75 0.00790603407522853
24 82 0.0228331081744231
24 138 0.0364412982893042
24 168 0.0695288144019567
24 302 0.330243446233779
24 414 0.182487695589782
24 470 0.11029572699606
24 609 0.121665039326281
24 643 0.364831070663854
24 726 0.0419759717455392
24 791 0.114148967088672
24 792 0.0571838753324212
24 793 0.292739437697198
24 840 0.155492639440754
24 861 0.039959420732118
24 889 0.336557267309566
24 913 0.0182250835951454
24 1058 0.130777905488372
24 1073 0.0116529941801703
24 1174 0.0160394509468436
24 1200 0.0689396552776018
24 1249 0.10717239447978
25 29 0.0238818573422611
25 40 0.0358845632079807
25 79 0.0840315431796645
25 80 0.0521872928404263
25 120 0.0286816297524723
25 126 0.0253582068102426
25 153 0.039814595577214
25 171 0.0967622656723
25 311 0.0795575693466477
25 334 0.065504759756841
25 349 0.207159694741926
25 403 0.074919651015005
25 451 0.159767871406193
25 587 0.0175840480562164
25 642 0.00883624264302067
25 686 0.050162245905233
25 745 0.0434523097804116
25 758 0.00471329888357983
25 811 0.0422372619655999
25 829 0.048679373876646
25 831 0.0139489438657156
25 867 0.00110982009921261
25 908 0.0476141071368617
25 915 0.0765363355523416
25 920 0.0620636362821359
25 953 0.0533162479787453
25 954 0.0774985143574906
25 957 0.131885263311779
25 1092 0.0576573141127878
25 1096 0.189808139489475
25 1216 0.611014871140756
26 7 0.0109022322193995
26 10 0.145537440167113
26 31 0.102710948428049
26 36 0.172786535086527
26 47 0.136404962062585
26 96 0.017090634979917
26 107 0.261638841166513
26 127 0.0403925730611272
26 148 0.00200998442387295
26 224 0.0249238394639915
26 324 0.0689027779977591
26 376 0.116604869033689
26 467 0.334716963167567
26 517 0.118467805907478
26 553 0.0098549199934452
26 580 0.0310197423777832
26 585 0.0430472314419497
26 602 0.012978872996647
26 683 0.0052370208549283
26 735 0.120509130278532
26 792 0.162017912564579
26 804 0.349790281245014
26 909 0.0872354289264976
26 965 0.00062075549156505
26 966 0.0214093113091873
26 987 0.0441006497899224
26 1026 0.112408718619261
26 1129 0.106712883977839
26 1138 0.00577255993305029
26 1231 0.101968650112199
27 18 0.0676240276984406
27 28 0.171698168458105
27 29 0.312171713582685
27 34 0.111951080186599
27 38 0.116289886797939
27 41 0.0390951002589733
27 42 0.0455058259200784
27 90 0.17930742936482
27 116 0.0141601428871439
27 146 0.0165401236131861
27 174 0.116551754483506
27 208 0.00439995379721936
27 291 0.147018673462642
27 362 0.162438535922007
27 386 0.112783742736986
27 431 0.166177335357434
27 478 0.0855325323233476
27 526 0.0452010062897835
27 587 0.0470331587947442
27 645 0.0327509343688974
27 653 0.150313901678611
27 680 0.156415125342575
27 706 0.245669093773419
27 777 0.302571303596583
27 804 0.0466904141490508
27 830 0.0199102666803617
27 851 0.0518013895776398
27 968 0.180122068228012
27 997 0.101042663131679
27 1023 0.12921572985137
27 1063 0.133521447642097
28 14 0.0777373236821337
28 27 0.171698168458105
28 44 0.00130927820720997
28 84 0.356959882772037
28 109 0.08542019600947
28 142 0.0129621032804498
28 179 0.0148702649134791
28 193 0.319289977710463
28 280 0.257914348079646
28 298 0.0156100400938201
28 410 0.0141884700113272
28 435 0.0126369715719866
28 455 0.00745118980142931
28 457 0.115909244156474
28 521 0.0604061580911891
28 529 0.0112900650784769
28 542 0.307780575976782
28 580 0.0481315029190293
28 625 0.0199271446270418
28 677 0.0278599751483423
28 687 0.00457457361332258
28 723 0.0742319641020088
28 732 0.100237603069567
28 752 0.208524742528324
28 837 0.211942402199071
28 872 0.107347979951903
28 946 0.0290330381995998
28 959 0.32247261047777
28 976 0.0329266124222121
28 984 0.0374446345790757
28 1030 0.0617826483619393
28 1090 0.0189072243372732
28 1093 0.0129488643633067
28 1157 0.000127415664911803
28 1180 0.117015390636187
28 1209 0.0665038025275101
28 1232 0.184074861228338
28 1235 0.134082456070439
29 7 0.00641222775238976
29 25 0.0238818573422611
29 27 0.312171713582685
29 30 0.0569264433778103
29 38 0.0477659685652324
29 52 0.0393239252699397
29 94 0.0146429818855674
29 121 0.0356316902678767
29 166 0.0179700101922726
29 200 0.0803279182547447
29 215 0.0574569726688441
29 223 0.0562198290814727
29 272 0.00498459113314939
29 284 0.00575648819061648
29 310 0.0696086741222651
29 353 0.0134131971197563
29 493 0.0742069041175874
29 631 0.0955256919596631
29 806 0.0278432168009717
29 815 0.297403208048758
29 855 0.0178904684514663
29 883 0.219525402361525
29 902 0.0909905749966792
29 920 0.000833519481960522
29 922 0.121743133412854
29 989 0.0232071788010178
29 1024 0.0397267130840097
29 1082 0.112932219342885
29 1235 0.0300983068112446
30 20 0.0296117682033248
30 29 0.0569264433778103
30 54 0.000874460743299929
30 64 0.172019415616938
30 69 0.128299897897276
30 98 0.021930004269633
30 120 0.0421633274605833
30 234 0.0882716755300141
30 272 0.0509061264230753
30 281 0.100093338027349
30 321 0.208810938242827
30 421 0.0428711711234309
30 422 0.109211344979937
30 443 0.0634784007186672
30 444 0.193782001597356
30 514 0.187801902209717
30 552 0.0211034200128069
30 579 0.0375824968941548
30 585 0.136198609260455
30 597 4.20115819789526e-05
30 607 0.0524462591580987
30 650 0.351804449809832
30 661 0.0707635558440121
30 682 0.000482236595646634
30 704 0.373429564682575
30 729 0.0326102515327932
30 753 0.0208841040144664
30 754 0.0533165566289156
30 779 0.166020577274453
30 839 0.137697192915602
30 872 0.0204948269501907
30 874 0.464758400317475
30 888 0.129005111445223
30 927 0.0229401435368935
30 1081 0.0786225305916917
30 1112 0.0434673009532118
30 1163 0.0745006777342576
30 1210 0.080298882920783
30 1227 0.00284921026335474
30 1239 0.0140717194492284
31 17 0.156500170870612
31 21 0.0332027071088086
31 26 0.102710948428049
31 45 0.143737949219884
31 60 0.13182915052107
31 119 0.0282820179052922
31 122 0.155691889592405
31 142 0.0209696173532824
31 146 0.173946042264162
31 150 0.0300127174464914
31 174 0.105398069640087
31 217 0.154892274969894
31 220 0.0728918243037005
31 232 0.194348615810789
31 252 0.00354083671137101
31 266 0.130550035293461
31 325 0.30594540912717
31 418 0.00396832277881663
31 433 0.192885088598862
31 472 0.0779713964628025
31 487 0.00569517404756074
31 495 0.285482976399557
31 517 0.0602508172765705
31 543 0.353665064748
31 557 0.0151214925577904
31 587 0.188089769292347
31 588 0.0104638178018494
31 705 0.0590705495632126
31 721 0.0609550310175207
31 774 0.0970110266061003
31 838 0.0460308540131628
31 845 0.245633758856176
31 867 0.0998179620919326
31 914 0.0164279456370768
31 924 0.282865431747711
31 926 0.0666476075195329
31 942 0.129238041742014
31 1016 0.0847318639579553
31 1023 0.0266841540439869
31 1065 0.0250650385325963
31 1080 0.0480479347425428
31 1082 0.0103674903398341
31 1098 0.00825300613917356
31 1101 0.126989839333245
31 1152 0.192429146135915
31 1193 0.0968695072962932
31 1210 0.0537934485237133
31 1230 0.0196453468863249
32 17 0.0751783659013629
32 20 0.00665722727002398
32 49 0.0220079158289031
32 90 0.24815546490287
32 103 0.0518963230645119
32 140 0.00138209238677048
32 149 0.258740285598734
32 210 0.139356789877732
32 220 0.069528514201788
32 224 0.0165524354991216
32 246 0.0335927216154001
32 273 0.00362454131418244
32 291 0.00659708101361082
32 302 0.0363844162488378
32 374 0.107073902340211
32 430 0.137180471220831
32 448 0.313753789822435
32 480 0.00760043536486193
32 487 0.0268496954829124
32 583 0.0640320860166437
32 638 0.0268375058404937
32 672 0.0493742828010365
32 715 0.0331729827562916
32 756 0.192709163359855
32 805 0.154609530573939
32 839 0.0681301637247083
32 847 0.0443040860114847
32 917 0.284164883412461
32 927 0.185355886112673
32 1008 0.0660143335850424
32 1043 0.0184199797107589
32 1071 0.182625284519498
32 1123 0.0665694251501803
32 1143 0.0674872130638916
32 1163 0.177051696549505
32 1197 0.0113186804382526
32 1205 0.0283375106540139
32 1242 0.231091193502846
33 17 0.221375209621146
33 20 0.273286402937699
33 23 0.00382124551934171
33 24 0.0209839885774296
33 133 0.0226479897276803
33 190 0.0482793036487991
33 192 0.246931662883355
33 254 0.183502073002583
33 272 0.617363139967968
33 333 0.281035242292835
33 349 0.00180373731240162
33 398 0.000840964569867075
33 475 0.168674171123282
33 479 0.0196909726571859
33 505 0.0951714328672445
33 536 0.242523254542115
33 556 0.046877644172072
33 663 0.099297237233085
33 666 0.164218188586263
33 686 0.0289391542390609
33 701 0.117777324590391
33 739 0.00893027340769566
33 747 0.0601963028209195
33 797 0.0876477219739547
33 840 0.315095368811058
33 869 0.124580363855412
33 886 0.0258362449659017
33 934 0.0399397449514497
33 967 0.185800792080439
33 974 0.143609930601197
33 1051 0.0341164573431496
33 1092 0.0119486359299441
33 1132 0.00929480200412832
33 1145 0.00177320470515538
33 1168 0.224572765306034
33 1183 0.0230721200244257
33 1212 0.0831382765446875
34 27 0.111951080186599
34 35 0.0570170295486388
34 37 0.105912061149499
34 44 0.168611336644602
34 50 0.160940559546931
34 52 0.0186687715102458
34 63 0.0466892673284962
34 369 0.0200302619258575
34 424 0.188165274138451
34 439 0.0653689609984687
34 462 0.307137755975871
34 469 0.0550571138380678
34 628 0.134451391157814
34 676 0.139918731396218
34 715 0.00437890497196623
34 774 0.313740108338597
34 901 0.13164710258231
34 959 0.00724077488149383
34 966 0.00360649250130827
34 972 0.0374987414323132
34 1020 0.22994009441907
34 1034 0.350330199628566
34 1048 0.072879057910423
34 1069 0.0567359400986313
34 1145 0.0557675223612119
34 1160 0.128795464139037
34 1161 0.0397799011216399
34 1179 0.159166376575311
34 1184 0.00199118460082969
35 16 0.189475633854571
35 34 0.0570170295486388
35 37 0.207408708861564
35 40 0.181230278343802
35 42 0.0301994042900986
35 43 0.0721929351689964
35 145 0.16240946258017
35 181 0.00257288603801703
35 206 0.153722506579674
35 247 0.12642758091496
35 264 0.0364915731380231
35 271 0.061230199600953
35 359 0.0839206077804861
35 442 0.0594839628152767
35 466 0.00757583338083169
35 500 0.133461562728056
35 571 0.0401431406462916
35 641 0.0504523621125814
35 663 0.00414270915284291
35 668 0.170435699764338
35 681 0.248056538689419
35 697 0.0509880700644242
35 734 0.215773248269257
35 750 0.0626252117207457
35 842 0.0924994993587944
35 863 0.100993748369215
35 868 0.0447018435391566
35 898 0.154593517804021
35 909 0.208737102160185
35 936 0.169823651484106
35 969 0.135859222673218
35 1036 0.0959874161447708
35 1041 0.0611425033946895
35 1057 0.0118261268179908
35 1135 0.196742667531677
35 1152 0.0606144287155854
35 1177 0.00802706011470212
35 1222 0.0394795097138967
36 23 0.0444265984976275
36 26 0.172786535086527
36 45 0.257503431424929
36 48 0.00448856628472969
36 91 0.241685921525171
36 95 0.148706046968703
36 135 0.00857981654986014
36 189 3.73855549331325e-05
36 303 0.0166966400902464
36 314 0.0395082478801501
36 324 0.0327139119074965
36 368 0.358109548496747
36 389 0.0891053701926008
36 449 0.116716564755228
36 695 0.0931903098441911
36 700 0.123176963067377
36 722 0.116942880835854
36 775 0.129006144568134
36 790 0.00872566964164451
36 845 0.0334951051435484
36 855 0.0608099133092339
36 881 0.0458752290589563
36 961 0.0265177070418901
36 972 0.0191529152430327
36 992 0.0716977117954168
36 1019 0.0171970635910216
36 1208 0.0862895644823928
36 1230 0.089877109396468
36 1239 0.0516483936785081
37 34 0.105912061149499
37 35 0.207408708861564
37 43 0.131389970934474
37 45 0.028299988051934
37 46 0.115623612921861
37 54 0.295852118008689
37 128 0.116301418425964
37 158 0.0278339063231245
37 197 0.0736152622966441
37 315 0.117889752226125
37 336 0.199184378445404
37 353 0.14727646852805
37 368 0.0303895936146189
37 372 0.0310649315551425
37 375 0.0424984040318547
37 385 0.573129104701948
37 386 0.133182532301392
37 391 0.0110583018494058
37 412 0.0371153969476475
37 422 0.0788126290597697
37 533 0.0970402776178334
37 547 0.230250476352601
37 561 0.171725943777836
37 574 0.0033971269377285
37 592 0.0988770133180578
37 601 0.113526319086714
37 611 0.0641439217910211
37 618 0.0365432897971736
37 621 0.0668666701890631
37 773 0.0544861595258618
37 777 0.167295457657744
37 856 0.17125225962808
37 862 0.00112621279423194
37 877 0.0235162228843836
37 922 0.0423127513225213
37 980 0.149707266032713
37 987 0.204389352673271
37 999 0.0262987871511995
37 1039 0.0309630917468436
37 1049 0.186789304117066
37 1052 0.110679187211415
37 1102 0.0398782089125047
37 1162 0.330068850545641
38 27 0.116289886797939
38 29 0.0477659685652324
38 47 0.01304561708007
38 51 0.0162518953841801
38 52 0.0150930427056628
38 152 0.00416245533659352
38 157 0.00292455408103105
38 180 0.0244307578407859
38 233 0.365879245214617
38 246 0.112987906447001
38 268 0.359926518343493
38 306 0.160046712601902
38 351 0.0390008421918312
38 369 0.206883693878024
38 406 0.0599850704670824
38 456 0.0648492650802636
38 502 0.391222507733963
38 656 0.0320831622791407
38 805 0.149765382450823
38 852 0.00825172047149203
38 959 0.0141286708322774
38 1009 0.00284630162451728
38 1173 0.113022394108937
38 1222 0.0584259111327065
38 1249 0.0744156465320884
39 94 0.0972282823101586
39 126 0.0856791250153135
39 136 0.0199331834559629
39 143 0.129470706456375
39 150 0.0642098117221696
39 320 0.0451811178932316
39 344 0.0690310334193025
39 362 0.149372659680678
39 367 0.0987171313350356
39 395 0.157341627505526
39 432 0.140246335938798
39 451 0.255750238987489
39 565 0.00350400944970024
39 601 0.550672644224971
39 670 0.0655690227610914
39 725 0.0336931616830675
39 771 0.165361462575964
39 867 0.218883197799762
39 945 0.208685947910629
39 995 0.0786938280641696
39 1111 0.0923895938748446
39 1181 0.0990443232486308
39 1186 0.0439936703767615
39 1248 0.00307548617404343
40 16 0.235937833044063
40 25 0.0358845632079807
40 35 0.181230278343802
40 125 0.0333147582205787
40 127 0.16310713356109
40 139 0.396416812132121
40 229 0.179759246720041
40 264 0.1030305413787
40 300 0.177653872753435
40 341 0.266148736918443
40 534 0.042497507311147
40 740 0.309216366726562
40 908 0.108585066132993
40 949 0.0898287456097212
40 963 0.0701514978144817
40 988 0.148672851445704
40 997 0.170488828422376
40 1017 0.0874725248937712
40 1034 0.0263932085106422
40 1044 0.285727137966352
40 1110 0.00974678232586429
40 1147 0.0132218434219355
40 1149 0.1222502218042
40 1179 0.0168208766914213
40 1229 0.115903593915663
41 27 0.0390951002589733
41 43 0.0433605687431291
41 51 0.0883804212896668
41 54 0.101364652188659
41 56 0.298350576355479
41 57 0.042838782365853
41 147 0.0237809820458385
41 272 0.0333050555762686
41 341 0.424255283000101
41 464 0.100047959022089
41 495 0.00816889998648884
41 553 0.0368639238428317
41 559 0.0872374878924379
41 601 0.0960257114819951
41 619 0.0657156571079833
41 668 0.0652936640004817
41 704 0.0257329366425492
41 890 0.00581550783095722
41 936 0.283645183359834
41 958 0.0517173070014014
41 979 0.178208293539418
41 994 0.0441701387366584
41 1018 0.200212276705751
41 1019 0.138112526406104
41 1042 0.0262653442192436
41 1047 0.00202915942630246
41 1074 0.2483216768206
41 1078 0.106510541669813
41 1115 0.130077941667724
41 1206 0.00718805234370848
41 1221 0.00329456509303946
41 1234 0.00150166358734344
41 1241 0.0611755504645991
42 17 0.0510129321720422
42 27 0.0455058259200784
42 35 0.0301994042900986
42 101 0.155192280513947
42 224 0.133677105441288
42 300 0.165439110411301
42 318 0.0428141971461291
42 355 0.0240099693946016
42 396 0.0652648777161813
42 432 0.0289798930667806
42 433 0.0112078152226889
42 511 0.229817767574856
42 530 0.0850470118767274
42 564 0.187080894019521
42 587 0.0844748434917272
42 599 0.0755830128370515
42 624 0.181514456193978
42 658 0.0512368617224411
42 684 0.0448096353973206
42 685 0.335666170806373
42 698 0.00834539470486128
42 718 0.0997894708282297
42 729 0.126603299593435
42 794 0.0312032893611994
42 887 0.0158307524441643
42 936 0.12351137986027
42 942 0.0138348366258377
42 1074 0.198724347794611
42 1078 0.017636905542009
42 1084 0.511734366534051
42 1114 0.579396028622012
43 4 0.0113235554821298
43 35 0.0721929351689964
43 37 0.131389970934474
43 41 0.0433605687431291
43 49 0.0875113425974556
43 175 0.0231800862190877
43 269 0.0299155003577012
43 340 0.0864224916784335
43 411 0.00692314613050156
43 458 0.121151183468267
43 480 0.0402705525794617
43 485 0.423895995932325
43 536 0.226028124971328
43 639 0.00751442876403963
43 678 0.0675255969907233
43 702 0.123412623379187
43 769 0.193165013450188
43 791 0.0262315708740307
43 820 0.00743956489958416
43 864 0.113387298419165
43 889 0.0405761243679255
43 911 0.034165238433089
43 918 0.25091117558052
43 949 0.0826759894209689
43 965 0.0340522174089719
43 1040 0.0734224268112087
43 1049 0.0587031215594712
43 1111 0.555118321548142
43 1199 0.0641824741466498
44 24 0.047751841991369
44 28 0.00130927820720997
44 34 0.168611336644602
44 45 0.130348004410767
44 47 0.108719143806496
44 50 0.0465117752428889
44 90 0.00535464222062032
44 162 0.0190360686249966
44 244 0.000957356361044483
44 274 0.0620953885877719
44 350 0.277020600772332
44 352 0.203601525256558
44 365 0.234204303837914
44 390 0.128769125461848
44 407 0.171077947167994
44 494 0.033486502088214
44 525 0.0157782315982268
44 532 0.136733405144496
44 624 0.0322835400684471
44 724 0.0272293306440491
44 772 0.0949607813924306
44 958 0.024017817250357
44 979 0.038536629707015
44 1085 0.214088979327282
44 1094 0.110944292987256
44 1143 0.181096570117199
45 31 0.143737949219884
45 36 0.257503431424929
45 37 0.028299988051934
45 44 0.130348004410767
45 47 0.0100962476707666
45 49 0.164739317461181
45 56 0.0791353024205195
45 59 0.00891753277436458
45 73 0.00970014591867459
45 89 0.0115136882191574
45 126 0.067594610676903
45 209 0.0329879372080943
45 238 0.524249218490097
45 255 0.00542670884173697
45 288 0.1058815033494
45 358 0.207708110372586
45 362 0.00762358869818168
45 436 0.0472443193774362
45 481 0.0992978736684408
45 553 0.0909910028038764
45 571 0.122954417584876
45 757 0.140497058489226
45 796 0.141478538738935
45 835 0.0269118078734901
45 842 0.0821863376656103
45 858 0.0396063295346674
45 868 0.0739571888577942
45 967 0.0992205843464797
45 1003 0.0743674939202426
45 1033 0.0823385420903167
45 1066 0.0641718235245647
45 1070 0.124853941233812
45 1140 0.0481734350324268
45 1175 0.193710585400679
45 1187 0.0370489777307824
45 1201 0.10140422391195
45 1248 0.130007082261541
46 5 0.182364011781689
46 37 0.115623612921861
46 118 0.318939786735279
46 270 0.0108480895884537
46 272 0.0860127769602499
46 456 0.19301600180933
46 476 0.18024706229577
46 478 0.062068492309761
46 532 0.0640119431792173
46 579 0.178884635553738
