0 1 0.00702364990537306
0 3 0.100393098828718
0 4 0.0751262990989909
0 5 0.0329561344369889
0 6 0.0718722644192446
0 7 0.0815421890753808
0 10 0.028079485990753
0 12 0.0267872291057788
0 13 0.0508278993944673
0 15 0.0125161825036209
0 16 0.00586906438113943
0 18 0.0189456933833547
0 134 0.0706545438467045
0 172 0.0433690144751203
0 192 0.295537694416633
0 228 0.0223551879825532
0 359 0.0118530007284537
0 393 0.00606824707604377
0 416 0.116213943742546
0 527 0.0232273525060649
0 544 0.0489454808931342
0 556 0.0546769407046064
0 567 0.048075396492103
0 667 0.171685492921503
0 701 0.116697915998089
0 717 0.0573569859995169
0 732 0.0589058403394754
0 733 0.0368178218821721
0 734 0.142578399094039
0 735 0.200581124448278
0 736 0.321257529545053
0 737 0.138799509058602
0 738 0.0546703642493076
0 740 0.0453657894116913
0 745 0.0176561652431725
0 746 0.184493458660194
0 749 0.0824839329127958
1 0 0.00702364990537306
1 6 0.132168446153529
1 7 0.0863944607582663
1 8 0.123481413472383
1 11 0.148294654889271
1 15 0.00995661465391728
1 17 0.0136806595583652
1 18 0.109914310688807
1 64 0.237064348062511
1 217 0.166302354123387
1 332 0.162115092593848
1 404 0.0276547899726828
1 412 0.0394499108597023
1 462 0.0294735407680033
1 478 0.123035099871527
1 518 0.00940107560021766
1 525 0.244090377513179
1 553 0.139868509912035
1 646 0.0456588939236739
1 687 0.0898488113304237
1 733 0.0039572690765249
1 735 0.01720462782267
1 736 0.026068521380219
1 738 0.0606519355223848
1 739 0.0177430345240061
1 740 0.0380870587864605
1 741 0.0074444439382469
1 742 0.115045578265382
1 743 0.000172491974011791
1 745 0.0785523301024304
1 748 0.114590893056472
1 749 0.307304791012596
2 3 0.00934089260236027
2 6 0.170883467946905
2 7 0.0432039736481776
2 9 0.0237422066141274
2 13 0.141515070368218
2 14 0.133341513097209
2 16 0.0695351917655043
2 17 0.0729109924788093
2 20 0.0978563836310105
2 72 0.0552366408520303
2 164 0.00172309248999266
2 193 0.0198568416395959
2 332 0.358950386268215
2 334 0.00105999781368827
2 380 0.0353710851344706
2 388 0.0167823810726605
2 409 0.107435964502754
2 453 0.00798765803563575
2 460 0.000698584399309692
2 479 0.0482766934415731
2 484 0.012427752364591
2 507 0.0818843963655588
2 543 0.0415598973979748
2 546 0.0776624609044917
2 575 0.0162780699786596
2 590 0.267318708776003
2 673 0.00723155744243967
2 687 0.0646588636561308
2 724 0.140122312045745
2 735 0.151575910873736
2 736 0.0497966273697065
2 737 0.0517183883724067
2 739 0.0913166750477866
2 742 0.0174364803295187
2 744 0.125585231723545
2 745 0.0690470799806151
2 748 0.0283332161632954
3 0 0.100393098828718
3 2 0.00934089260236027
3 5 0.0468641593527442
3 6 0.0191410155560653
3 8 0.00034260397571345
3 10 0.225685524792689
3 13 0.0365358730318132
3 16 0.0398517045522666
3 17 0.200379756113248
3 33 0.0507487296296543
3 40 0.139462397325952
3 114 0.245599444576562
3 131 0.0690525105085202
3 143 0.0984010606609461
3 191 0.0745063165416809
3 274 0.0969942555232948
3 335 0.277086825109683
3 349 0.00183532909575531
3 397 0.009542633251435
3 430 0.178478611091002
3 456 0.0529116573072424
3 481 0.0741982097173642
3 504 0.0711577594489886
3 525 0.138496108236618
3 585 0.111915124524129
3 620 0.0122092417767982
3 735 0.0944822051102242
3 738 0.0302036055167741
3 739 0.0064901738444914
3 740 0.0168414992410535
3 742 0.0196327579242643
3 743 0.11187031037425
3 745 0.0919761933591683
3 749 0.0475872123823566
4 0 0.0751262990989909
4 6 0.0664164206804612
4 7 0.000425751201605345
4 9 0.0895202714323774
4 13 0.0440092987209501
4 15 0.0368047497961809
4 17 0.101593336314612
4 20 0.00768977790507022
4 22 0.0869049872961145
4 96 0.0266081750563103
4 102 0.0368892719827376
4 127 0.0216362431971489
4 143 0.0148443691131278
4 218 0.0715462107844454
4 270 0.0826097405272162
4 280 0.0118993090238628
4 285 0.129766683457077
4 308 0.311279106074512
4 320 0.115560578197021
4 362 0.134486835993584
4 370 0.014270752494517
4 389 0.0978144613764351
4 402 0.0134472640212738
4 427 0.253826104465967
4 536 0.0522101335852668
4 610 0.0690173985312631
4 668 0.0126215172924864
4 691 0.0936525740120755
4 737 0.193223098122866
4 738 0.0475013940783701
4 739 0.022119999898707
4 740 0.0902840662050093
4 741 0.00993665653682592
4 742 0.113996860740729
4 744 0.125149698368019
4 745 0.0829987563977818
4 746 0.0665266244029441
4 749 0.13600604667517
5 0 0.0329561344369889
5 3 0.0468641593527442
5 10 0.109224918016684
5 14 0.0602477162302972
5 17 0.262836463647728
5 18 0.0689736587873201
5 19 0.229990405575906
5 20 0.0831432794972657
5 37 0.108793721787444
5 49 0.0518019976218717
5 76 0.0351681733831895
5 137 0.0597902467017279
5 201 0.0309463989453499
5 266 0.0442042795319122
5 309 0.0601349957883572
5 360 0.165528349144032
5 362 0.0834158575869932
5 391 0.0136300015011676
5 454 0.0248087440583445
5 456 0.029646905449561
5 474 0.251144192137665
5 485 0.0172569059526203
5 490 0.0928164474414377
5 493 0.0238360114692916
5 498 0.00222460073000533
5 503 0.0677400493009993
5 528 0.0674571893046963
5 570 0.0142342480724568
5 590 0.0622017207723105
5 649 0.0285137789359596
5 675 0.00298638382982686
5 682 0.143518548005163
5 686 0.113740870946929
5 730 0.0748851583046048
5 737 0.0360119382686932
5 738 0.0231260404046876
5 740 0.0318622076834087
5 743 0.0718341329701717
5 744 0.0338586399018841
5 746 0.143467112883797
5 747 0.0111086916053913
5 749 0.0163405715645571
6 0 0.0718722644192446
6 1 0.132168446153529
6 2 0.170883467946905
6 3 0.0191410155560653
6 4 0.0664164206804612
6 7 0.151539741544087
6 9 0.0754404061175251
6 10 0.376002407557239
6 11 0.0058545802655926
6 15 0.0140695605853698
6 21 0.0860478342730248
6 22 0.0147000975412654
6 59 0.102907203736542
6 105 0.0153147560888387
6 247 0.00463187557799259
6 256 0.016037375362943
6 270 0.397616992375394
6 289 0.0660964135744581
6 310 0.380532958306363
6 313 0.0558148467636246
6 326 0.0399032565839742
6 328 0.165091447096365
6 349 0.200738440743769
6 434 0.0970952523848772
6 450 0.0879023231673112
6 456 0.0559428708177329
6 544 0.00507670545265736
6 553 0.472009446477933
6 628 0.214993853764772
6 643 0.0685299948610968
6 738 0.0316970809721945
6 740 0.0588068581245104
6 741 0.123473555556439
6 742 0.0072914607336804
6 744 0.0555555801703847
6 746 0.269208433291411
6 747 0.0099210382082098
6 749 0.04153745931955
7 0 0.0815421890753808
7 1 0.0863944607582663
7 2 0.0432039736481776
7 4 0.000425751201605345
7 6 0.151539741544087
7 9 0.0646156559302083
7 10 0.0918931257096498
7 11 0.0191117452446612
7 15 0.0135118114977458
7 17 0.00679530309001026
7 19 0.129793399588294
7 20 0.068240521459182
7 22 0.431273040195368
7 25 0.034283546226216
7 117 0.0626668487652784
7 162 0.00957288253575953
7 233 0.152310933682764
7 250 0.0360703543138676
7 412 0.0685513889880883
7 451 0.0183907571503975
7 488 0.0945446239558892
7 517 0.145057021265545
7 541 0.0204686672935029
7 601 0.140943123597425
7 739 0.0844117791920837
7 740 0.0354407785422546
7 741 0.00429393235576066
7 743 0.00131050738496629
7 744 0.00918560351822204
7 745 0.171414920204691
7 747 0.124013006647224
7 748 0.218284390253404
8 1 0.123481413472383
8 3 0.00034260397571345
8 9 0.0822785479045938
8 10 0.00462653030232622
8 13 0.0879265566205754
8 14 0.106021181001858
8 15 0.0339833170655452
8 16 0.110699914753348
8 20 0.0385588921887173
8 21 0.00424082790336518
8 22 0.047480398346215
8 23 0.0715061801611761
8 24 0.0408615081397066
8 35 0.155883698432554
8 55 0.000728756717143888
8 70 0.0910129361220174
8 77 0.0690934315403893
8 84 0.0947861720748314
8 98 0.000170669124719469
8 250 0.0230498308402152
8 286 0.0216222678639708
8 306 0.0518104763611863
8 334 0.0376412428693843
8 352 0.0800620638184655
8 384 0.187323878104458
8 449 0.0983311715055007
8 487 0.174768639793145
8 509 0.0141264891180907
8 512 0.0514711710801491
8 562 0.0503789112807095
8 572 0.0528562569825705
8 573 0.0319768287738715
8 664 0.115176736689093
8 693 0.0103272071590282
8 710 0.074471166013618
8 726 0.0474442310207349
8 740 0.00657344899208671
8 744 0.173359695818265
8 745 0.0637689692153688
8 747 0.00369075507180298
8 749 0.0775170930927248
9 2 0.0237422066141274
9 4 0.0895202714323774
9 6 0.0754404061175251
9 7 0.0646156559302083
9 8 0.0822785479045938
9 11 0.112063896712482
9 12 0.0301920415505227
9 13 0.148162552813877
9 14 0.0478642046783916
9 17 0.0118157864487287
9 18 0.010876227921755
9 19 0.0292835129449495
9 23 0.0110877537518703
9 26 0.00970315405981443
9 27 0.363570396399272
9 67 0.115450616548283
9 90 0.0444052099607021
9 138 0.0456227895141145
9 174 0.0226554581831317
9 194 0.0391356222313003
9 273 0.0177843451379227
9 305 0.0210864010927887
9 457 0.0742032758658231
9 466 0.0469203647660878
9 502 0.102095764997264
9 514 0.186507910103845
9 547 0.0286477888109278
9 593 0.144357960466637
9 614 0.0317142286164217
9 697 0.0633820478956961
9 701 0.00327918429803312
9 741 0.06174491619469
9 742 0.0152168891562958
9 744 0.0144314250250376
9 748 0.117042382462982
10 0 0.028079485990753
10 3 0.225685524792689
10 5 0.109224918016684
10 6 0.376002407557239
10 7 0.0918931257096498
10 8 0.00462653030232622
10 13 0.0236732860329231
10 14 0.0171482808332618
10 18 0.15633317464116
10 21 0.410876721659138
10 24 0.0486712458452495
10 27 0.05821207054001
10 186 0.0461041488788412
10 197 0.00252464327074099
10 205 0.0554200473736704
10 220 0.140265733754705
10 239 0.143574786871612
10 272 0.0440508086303214
10 401 0.15281703507666
10 434 0.287398841406581
10 456 0.0176436212431076
10 468 0.0367794304458669
10 495 0.041360705839781
10 497 0.0411473159333175
10 508 0.054564646423552
10 529 0.00757889411578501
10 595 0.0358162035100932
10 656 0.140089373613446
10 735 0.0432139396183688
10 736 0.21855467958347
10 743 0.301322158060842
10 748 0.108483585703008
11 1 0.148294654889271
11 6 0.0058545802655926
11 7 0.0191117452446612
11 9 0.112063896712482
11 13 0.0147450069470836
11 19 0.00958946136356232
11 20 0.170202557476211
11 21 0.0480724294007037
11 22 0.118678901172913
11 23 0.00409388280644108
11 25 0.0276957292453543
11 26 0.0394078774029454
11 41 0.0197653120614916
11 51 0.253366014276667
11 92 0.110279296968156
11 158 0.067882629086476
11 169 0.00570743839269897
11 205 0.0420723390887455
11 244 0.0225414895852532
11 263 0.028742510886426
11 289 0.0422525691518906
11 310 0.0262199349130627
11 344 0.029207743602221
11 351 0.0162292657130699
11 371 0.0661588009244732
11 374 0.188121196942321
11 520 0.0756447837319214
11 543 0.0502040576194105
11 547 0.130680822705034
11 645 0.233535543523341
11 656 0.00950820029138033
11 674 0.175890005906222
11 680 0.0030465648683725
11 715 0.303570335336179
11 731 0.0125647642576993
11 743 0.002715020262876
11 744 0.029745622745318
11 747 0.237448787717572
11 748 0.0529058709539304
11 749 0.278752993097154
12 0 0.0267872291057788
12 9 0.0301920415505227
12 13 0.0720519333052062
12 14 0.0376974950548277
12 16 0.0374051374087672
12 17 0.00418118960580899
12 20 0.195299467324191
12 21 0.0112336529085425
12 23 0.0625083378686698
12 24 0.0401837728365463
12 27 0.172883486566732
12 28 0.0867845364275841
12 30 0.0238582731664123
12 93 0.0723671136694527
12 105 0.00217897029771355
12 145 0.24484776788847
12 172 0.115523576651906
12 201 0.104978701590244
12 212 0.345129005333501
12 256 0.00146749969738903
12 287 0.176400896716549
12 341 0.0307517829089759
12 346 0.0272870320437649
12 380 0.0478580069131272
12 446 0.00586477678712209
12 460 0.0795822054330735
12 474 0.0327309229097844
12 643 0.0884930550171571
12 660 0.0211934184813475
12 676 0.061405267673054
12 714 0.0602693395607274
12 726 0.171609810651041
12 745 0.155482812578664
12 746 0.0885807790753326
12 747 0.0129717509494044
12 749 0.000111160156126517
13 0 0.0508278993944673
13 2 0.141515070368218
13 3 0.0365358730318132
13 4 0.0440092987209501
13 8 0.0879265566205754
13 9 0.148162552813877
13 10 0.0236732860329231
13 11 0.0147450069470836
13 12 0.0720519333052062
13 15 0.0312686102614976
13 16 0.0425378631062127
13 18 0.0724547756090531
13 19 0.00987368068986311
13 20 0.00432770710458931
13 22 0.081994201982404
13 28 0.0270084416182378
13 30 0.15688227158209
13 111 0.0332573299082882
13 151 0.10281807700714
13 171 0.0674066554920514
13 193 0.0125464755527241
13 218 0.0145900014607259
13 220 0.0150946767675031
13 234 0.0820271329612331
13 309 0.122649234620781
13 362 0.0298146965812939
13 377 0.0310290794384388
13 416 0.189252195854238
13 453 0.319377631202576
13 581 0.0453566359115636
13 584 0.00814818223480376
13 670 0.0204427542476036
13 679 0.00109492098825237
13 707 0.0257281241718207
13 737 0.229797109583419
13 745 0.0385779029416621
13 747 0.166539904316392
13 749 0.0582815829392791
14 2 0.133341513097209
14 5 0.0602477162302972
14 8 0.106021181001858
14 9 0.0478642046783916
14 10 0.0171482808332618
14 12 0.0376974950548277
14 16 0.129143167821903
14 17 0.340145545875355
14 21 0.198546640298517
14 23 0.118147899100977
14 25 0.0049527351716161
14 26 0.0765381519485822
14 28 0.0925305923016654
14 29 0.24578246004588
14 31 0.105661376764901
14 32 0.12533476732623
14 55 0.136882927800692
14 91 0.0450602959749686
14 215 0.0454696017812911
14 300 0.14440144730072
14 314 0.38571788038273
14 319 0.0271044829074317
14 335 0.0498552262960253
14 339 0.339070767855355
14 341 0.132856286062541
14 348 0.154160593949341
14 370 0.0516749224621444
14 388 0.0210685477979522
14 514 0.0278408272720296
14 539 0.0839748076495541
14 555 0.00644936559771794
14 565 0.0147965143118112
14 587 0.0182148406849129
14 625 0.0606374678689011
14 700 0.0507625396129597
14 711 0.130500199408974
14 729 0.0368079254740626
14 746 0.091702872112451
14 747 0.0270435477294574
14 749 0.523210886598577
15 0 0.0125161825036209
15 1 0.00995661465391728
15 4 0.0368047497961809
15 6 0.0140695605853698
15 7 0.0135118114977458
15 8 0.0339833170655452
15 13 0.0312686102614976
15 19 0.0135112811441215
15 21 0.119453313534774
15 22 0.0631589973691981
15 23 0.00976452524490753
15 24 0.185950005519264
15 28 0.0673172081956708
15 30 0.00823887430679749
15 32 0.157966079627212
15 61 0.0227588595094216
15 132 0.024866702307921
15 188 0.0444620310437037
15 227 0.0717812938529658
15 251 0.040354870200557
15 269 0.0109433162142998
15 272 0.136296309514263
15 394 0.0258887286025442
15 430 0.0266609422993708
15 453 0.0911536865068886
15 490 0.0772343094374494
15 602 0.0883202087531132
15 610 0.38930608507384
15 614 0.0546682372496393
15 619 0.0752474155649705
15 697 0.0506969091569749
15 747 0.112452773112162
15 748 0.435004470970609
15 749 0.140537329121315
16 0 0.00586906438113943
16 2 0.0695351917655043
16 3 0.0398517045522666
16 8 0.110699914753348
16 12 0.0374051374087672
16 13 0.0425378631062127
16 14 0.129143167821903
16 20 0.0388258991041105
16 22 0.015131347670005
16 26 0.0805392075052256
16 30 0.0694800319251944
16 31 0.0460703252733626
16 34 0.0245816157239736
16 48 0.0104779666813006
16 85 0.0605654644653713
16 183 0.0536469050226407
16 189 0.0240933930353347
16 275 0.0729693245334135
16 291 0.207646440101393
16 368 0.0118053581734244
16 397 0.03366916070028
16 424 0.168710596157434
16 488 0.0223292419788771
16 495 0.011524736373547
16 566 0.115451407276666
16 569 0.43993811209171
16 589 0.028746469702224
16 610 0.00193112295981486
16 619 0.0149102591781949
16 638 0.0118905845700452
16 684 0.138081230957725
16 716 0.0622621267769564
16 732 0.0155046021618009
16 748 0.0232184364414762
16 749 0.105506854575624
17 1 0.0136806595583652
17 2 0.0729109924788093
17 3 0.200379756113248
17 4 0.101593336314612
17 5 0.262836463647728
17 7 0.00679530309001026
17 9 0.0118157864487287
17 12 0.00418118960580899
17 14 0.340145545875355
17 18 0.149736427732907
17 19 0.0342717035685542
17 22 0.00270227387583467
17 23 0.104226754645762
17 26 0.000803361601570088
17 27 0.0200854227742075
17 29 0.0309882985140832
17 32 0.0103907922868336
17 35 0.172976118123316
17 79 0.0581612218550188
17 165 0.0410116717685943
17 261 0.0545323892192462
17 285 0.0490446886885073
17 316 0.0435098232342648
17 321 0.140621935227549
17 389 0.0152212432902396
17 420 0.0030187200730618
17 445 0.0515088121852441
17 694 0.00717764230251366
18 0 0.0189456933833547
18 1 0.109914310688807
18 5 0.0689736587873201
18 9 0.010876227921755
18 10 0.15633317464116
18 13 0.0724547756090531
18 17 0.149736427732907
18 20 0.0222056119403552
18 21 0.0188243119181527
18 22 0.00274670449662913
18 23 0.0275157869976828
18 29 0.0921252487292209
18 34 0.208663305503764
18 36 0.0039678866160588
18 50 0.31925937951423
18 68 0.0585100677496147
18 102 0.216351953264222
18 177 0.0765328311212628
18 198 0.0205457482751104
18 201 0.00367256316483073
18 205 0.0215710520327549
18 216 0.00717438188847524
18 315 0.091990972496694
18 369 0.0050747141905972
18 374 0.00939728002576966
18 412 0.276834167965164
18 428 0.321292551354781
18 457 0.0871806271353232
18 481 0.0795002171298318
18 485 0.0840458903725818
18 511 0.0818198498289868
18 518 0.129110568662169
18 549 0.0186610240304978
18 562 0.0625016422014407
18 578 0.126387511988612
18 589 0.105633967958914
18 621 0.0292854808564288
18 667 0.0638100685221855
18 691 0.0843838646071169
18 746 0.0509055346596653
19 5 0.229990405575906
19 7 0.129793399588294
19 9 0.0292835129449495
19 11 0.00958946136356232
19 13 0.00987368068986311
19 15 0.0135112811441215
19 17 0.0342717035685542
19 20 0.0334958739427268
19 22 0.0124604769275688
19 23 0.00307825053493849
19 24 0.010033608856851
19 25 0.00156084429898004
19 27 0.0782107112081005
19 28 0.0487667673093551
19 29 0.00211607118931739
19 30 0.160623729997151
19 32 0.190204657386099
19 33 0.155127380724538
19 36 0.0986039423221862
19 38 0.111985935054392
19 54 0.114157958074681
19 108 0.284111732598422
19 131 0.0696108761607578
19 271 0.0526943653602347
19 394 0.0376402675702356
19 396 0.0747430497534605
19 426 0.0771504185286636
19 473 0.0314731227800505
19 624 0.0633806622838566
19 669 0.220404440653252
19 671 0.0616549079191843
19 732 0.00935861444131088
20 2 0.0978563836310105
20 4 0.00768977790507022
20 5 0.0831432794972657
20 7 0.068240521459182
20 8 0.0385588921887173
20 11 0.170202557476211
20 12 0.195299467324191
20 13 0.00432770710458931
20 16 0.0388258991041105
20 18 0.0222056119403552
20 19 0.0334958739427268
20 22 0.116039703317334
20 23 0.0471483436514914
20 25 0.0926615509433735
20 28 0.00976654494171617
20 29 0.0527342900123718
20 31 0.0872020113962885
20 32 0.0180387491149926
20 35 0.0787903506117043
20 38 0.0145978621083694
20 160 0.00590857317740803
20 213 0.089081456708435
20 239 0.0468188441857884
20 269 0.0641388854692116
20 306 0.00904666802846624
20 319 0.0211172325928343
20 356 0.0365762436912433
20 415 0.075682670237292
20 472 0.0711805555740899
20 479 0.0404765531021789
20 507 0.122709210071619
20 522 0.0594124258856178
20 533 0.0315300016953972
20 557 0.106248928301465
20 618 0.104819103556092
20 688 0.0108437214641574
21 6 0.0860478342730248
21 8 0.00424082790336518
21 10 0.410876721659138
21 11 0.0480724294007037
21 12 0.0112336529085425
21 14 0.198546640298517
21 15 0.119453313534774
21 18 0.0188243119181527
21 22 0.00823216384103886
21 28 0.0316430071420728
21 29 0.00981179066733136
21 30 0.0142451330135297
21 33 0.0684191573458282
21 34 0.0662774402122753
21 35 0.166619999288267
21 36 0.0152188786579215
21 37 0.195376432101703
21 38 0.00334190838792742
21 153 0.0129559891151189
21 211 0.0225270524386558
21 268 0.012563985892249
21 334 0.00719797836772101
21 350 0.522134999308339
21 388 0.0215420085559968
21 405 0.0234421022979264
21 407 0.0260417454864571
21 414 0.0162735853022452
21 416 0.0253106851539941
21 474 0.00841874031745773
21 512 0.0479807619197298
21 565 0.0386965145983317
21 636 0.0307341069226416
22 4 0.0869049872961145
22 6 0.0147000975412654
22 7 0.431273040195368
22 8 0.047480398346215
22 11 0.118678901172913
22 13 0.081994201982404
22 15 0.0631589973691981
22 16 0.015131347670005
22 17 0.00270227387583467
22 18 0.00274670449662913
22 19 0.0124604769275688
22 20 0.116039703317334
22 21 0.00823216384103886
22 26 0.0437830160332243
22 27 0.177340021034698
22 30 0.0255796784900458
22 31 0.168220047915121
22 33 0.126625809766817
22 35 0.0133887844500006
22 40 0.0495685876784997
22 61 0.00405750633417921
22 170 0.0334403493804862
22 177 0.0513974165173161
22 226 0.0216869984893467
22 237 0.0649408426549265
22 350 0.0836306982136956
22 375 0.00999150875489722
22 402 0.0228475822025878
22 415 0.015687961860133
22 416 0.010848273093818
22 454 0.16863225981713
22 501 0.174651866413108
22 550 0.0609292529091033
22 551 0.0500905875396605
22 557 0.00194937477554585
22 629 0.0668304558781492
22 679 0.246043549072581
22 705 0.0479180528583586
23 8 0.0715061801611761
23 9 0.0110877537518703
23 11 0.00409388280644108
23 12 0.0625083378686698
23 14 0.118147899100977
23 15 0.00976452524490753
23 17 0.104226754645762
23 18 0.0275157869976828
23 19 0.00307825053493849
23 20 0.0471483436514914
23 24 0.17264137895791
23 30 0.114083959020944
23 33 0.0295696928065502
23 34 0.233684196699876
23 39 0.0267509663233038
23 40 0.0220553662796634
23 64 0.00116604505610672
23 72 0.0483939565707154
23 123 0.00112119213834246
23 198 0.0332569644678609
23 202 0.0117589470278821
23 239 0.107837942000557
23 275 0.127159344211096
23 312 0.0926063290047164
23 329 0.0394258944907782
23 346 0.072008584303708
23 387 0.280268981984736
23 397 0.00898359093824031
23 527 0.116807758178007
23 547 0.0396785536079402
23 586 0.046290641140103
23 591 0.0154833394516034
23 598 0.325346843498294
23 650 0.0291114432676937
23 671 0.0963969355005457
23 717 0.265444449087019
23 749 0.0518330462103137
24 8 0.0408615081397066
24 10 0.0486712458452495
24 12 0.0401837728365463
24 15 0.185950005519264
24 19 0.010033608856851
24 23 0.17264137895791
24 25 0.131012171075332
24 26 0.100757474959408
24 28 0.0134327753851202
24 29 0.0985027841408098
24 30 0.0920349406428435
24 33 0.0642601014774693
24 35 0.194999499180353
24 37 0.0490291814400633
24 38 0.0515253997408404
24 40 0.1063237422942
24 42 0.0541102798116291
24 104 0.00156258038226224
24 157 0.0351247252920174
24 283 0.0885007162843318
24 335 0.0538067918144687
24 353 0.00321036448224189
24 401 0.0471104228715234
24 447 0.185668316648398
24 490 0.0618102772676842
24 529 0.208325158953915
24 548 0.000818610962933697
24 606 0.0442224405719175
24 651 0.0233883764511469
24 656 0.0769245245626059
24 718 0.0344035195873565
24 741 0.159648088676091
25 7 0.034283546226216
25 11 0.0276957292453543
25 14 0.0049527351716161
25 19 0.00156084429898004
25 20 0.0926615509433735
25 24 0.131012171075332
25 27 0.0276047643483071
25 28 0.0824428514823458
25 32 0.071424229220246
25 33 0.0218576074259454
25 34 0.00558200145122239
25 36 0.00265051257486834
25 38 0.0466763590075839
25 39 0.015741980749199
25 40 0.04946832398707
25 105 0.00979793048984581
25 266 0.277438170358463
25 357 0.0792609464927502
25 381 0.0230679973437681
25 393 0.0249318475866978
25 449 0.101666784882043
25 458 0.178375205850792
25 524 0.0302591677503436
25 553 0.0650414862451045
25 604 0.0336445390478703
25 620 0.0040458991789501
25 711 0.0171638282288823
26 9 0.00970315405981443
26 11 0.0394078774029454
26 14 0.0765381519485822
26 16 0.0805392075052256
26 17 0.000803361601570088
26 22 0.0437830160332243
26 24 0.100757474959408
26 32 0.0074184192467654
26 34 0.0288409325138244
26 35 0.00153239836452293
26 37 0.101467184190454
26 39 0.147347513945745
26 40 0.00907579297666774
26 41 0.0445333626981687
26 42 0.0663253678651717
26 44 0.0620830297744113
26 45 0.00895909394985162
26 147 0.0210239253918535
26 151 0.127206419219013
26 157 0.0234545509459582
26 175 0.225809014941658
26 181 0.12749011412204
26 182 0.0755373938876082
26 200 0.0982048964391203
26 236 0.204554557890354
26 239 0.0477148785753791
26 373 0.0565256713623145
26 415 0.191479667012276
26 421 0.034190250878346
26 465 0.0186555219083361
26 482 0.184544866792353
26 513 0.00842151425315904
26 521 0.176187349507641
26 532 0.0155912634738103
26 571 0.064688410927892
26 624 0.139470795261429
26 629 0.00226371613128034
26 682 0.00137255176935213
27 9 0.363570396399272
27 10 0.05821207054001
27 12 0.172883486566732
27 17 0.0200854227742075
27 19 0.0782107112081005
27 22 0.177340021034698
27 25 0.0276047643483071
27 32 0.0135436014603311
27 33 0.282098198203625
27 36 0.260163957498309
27 39 0.113879680356509
27 40 0.100941638806873
27 41 0.0548191600578155
27 44 0.0083753603012298
27 45 0.075560911305471
27 63 0.120941027053776
27 66 0.0192377685146107
27 67 0.0338821132453447
27 93 0.261521724599804
27 164 0.0696274281796569
27 170 0.0889526189008182
27 183 0.0349745931933282
27 198 0.0978414916803777
27 201 0.0814372004592699
27 227 0.076702696845657
27 234 0.0451816271917007
27 241 0.179778286033195
27 248 0.159259937959895
27 280 0.197426152060825
27 307 0.0209383106478642
27 326 0.134667637005321
27 411 0.181679140910912
27 420 0.0607483275203445
27 530 0.161145197075616
27 564 0.0773171306672569
27 594 0.255199909657462
27 609 0.190888132076465
27 610 0.244362850732101
27 613 0.0824592001322587
27 628 0.0264419476844437
27 635 0.00951081692922834
27 703 0.0130140125961745
27 743 0.0528696577585648
27 746 0.126366225929727
28 12 0.0867845364275841
28 13 0.0270084416182378
28 14 0.0925305923016654
28 15 0.0673172081956708
28 19 0.0487667673093551
28 20 0.00976654494171617
28 21 0.0316430071420728
28 24 0.0134327753851202
28 25 0.0824428514823458
28 33 0.0267733416016705
28 34 0.0583258557429273
28 36 0.0413747655521398
28 37 0.000436946123244207
28 39 0.101007640264006
28 42 0.00756638034713302
28 43 0.221883363097293
28 44 0.499782820982068
28 45 0.0779807724106756
28 46 0.0947017257169034
28 81 0.0598218917361034
28 141 0.118269707642496
28 230 0.0994484544803112
28 264 0.0712633424953331
28 310 0.137699523928838
28 350 0.157567442417326
28 381 0.00101440919680864
28 400 0.0433131090045376
28 439 0.022492665430328
28 468 0.0298997691364757
28 528 0.117441268276942
28 537 0.042796707686275
28 562 0.0300971154523763
28 565 0.0500067992612312
28 707 0.0330526141650917
29 14 0.24578246004588
29 17 0.0309882985140832
29 18 0.0921252487292209
29 19 0.00211607118931739
29 20 0.0527342900123718
29 21 0.00981179066733136
29 24 0.0985027841408098
29 30 0.29335665453835
29 31 0.00128769430237613
29 32 0.012371240184875
29 34 0.0245128576534801
29 35 0.145575671990748
29 37 0.0352396409855828
29 39 0.112496355974341
29 40 0.0112827188899183
29 42 0.286897587728493
29 43 0.156259669087926
29 45 0.0207849900367216
29 46 0.107822882814946
29 48 0.146386018379203
29 52 0.00943292741183232
29 122 0.244759457589209
29 166 0.401775035331402
29 259 0.0549034466084209
29 350 0.000967469092910889
29 404 0.0510555316391314
29 427 0.204852707573289
29 430 0.070510460886239
29 442 0.0526494216701312
29 535 0.148363285120351
29 648 0.0439789623451889
29 656 0.0943019477208917
29 661 0.033670839725443
29 683 0.0867486883086868
30 12 0.0238582731664123
30 13 0.15688227158209
30 15 0.00823887430679749
30 16 0.0694800319251944
30 19 0.160623729997151
30 21 0.0142451330135297
30 22 0.0255796784900458
30 23 0.114083959020944
30 24 0.0920349406428435
30 29 0.29335665453835
30 33 0.0207499653009653
30 34 0.0160108651892195
30 35 0.0321643887994677
30 38 0.235980566052432
30 42 0.0320044427829943
30 43 0.00886408719215732
30 46 0.350912342376013
30 47 0.00573357472164567
30 48 0.117978713525552
30 57 0.0590739984013038
30 82 0.00354055095002564
30 116 0.0397349988437126
30 136 0.0374659157560407
30 143 0.0233604922931908
30 165 0.208443180774129
30 193 0.103972184403826
30 324 0.0409004736826956
30 407 0.0342079144729076
30 530 0.0552332755413092
30 550 0.132735909246021
30 610 0.208175929405873
31 14 0.105661376764901
31 16 0.0460703252733626
31 20 0.0872020113962885
31 22 0.168220047915121
31 29 0.00128769430237613
31 32 0.0912058273850807
31 35 0.0924026180509467
31 37 0.0629839648192523
31 38 0.0409404797695287
31 40 0.00535638148396288
31 41 0.348528979483174
31 43 0.022385260843252
31 45 0.0221768438494569
31 48 0.0120809028039918
31 49 0.182900456624072
31 96 0.0105554400639658
31 144 0.0858343635149532
31 209 0.0245359580279379
31 280 0.120432386990027
31 427 0.0211176769732682
31 459 0.0539279324191001
31 466 0.162173580472902
31 467 0.0633308307649201
31 495 0.12610887155511
31 507 0.00953906023417779
31 527 0.246810920592109
31 554 0.16367115116308
31 584 0.38024054170225
31 672 0.214643044755357
32 14 0.12533476732623
32 15 0.157966079627212
32 17 0.0103907922868336
32 19 0.190204657386099
32 20 0.0180387491149926
32 25 0.071424229220246
32 26 0.0074184192467654
32 27 0.0135436014603311
32 29 0.012371240184875
32 31 0.0912058273850807
32 33 0.0275622508106882
32 35 0.0334181251130045
32 40 0.0403180651229573
32 41 0.0569260466545315
32 45 0.00361695080009836
32 49 0.00163385226569271
32 50 0.0363990214303182
32 61 0.0407260020414919
32 81 0.0481468282602297
32 115 0.17940379281926
32 125 0.237617076110911
32 169 0.168443097631568
32 188 0.118508174824802
32 200 0.12858247505514
32 219 0.0301025878071773
32 223 0.0433872450842125
32 315 0.0301654246386209
32 366 0.0769422521123087
32 497 0.231208461567303
32 518 0.0101640803957807
32 540 0.0352318835545644
32 543 0.087895929821007
32 574 0.0837610770233707
32 656 0.0803991275348058
32 668 0.30039285619526
32 695 0.0462852711320216
33 3 0.0507487296296543
33 19 0.155127380724538
33 21 0.0684191573458282
33 22 0.126625809766817
33 23 0.0295696928065502
33 24 0.0642601014774693
33 25 0.0218576074259454
33 27 0.282098198203625
33 28 0.0267733416016705
33 30 0.0207499653009653
33 32 0.0275622508106882
33 36 0.0504974393547658
33 37 0.015482234485581
33 40 0.0229139263594108
33 41 0.0493253988859143
33 43 0.0454283019653028
33 44 0.020362627249851
33 47 0.122217037744978
33 48 0.138386953151572
33 49 0.103773607813137
33 50 0.0439940575794485
33 169 0.105589322101168
33 333 0.147997011393394
33 427 0.0382741190498527
33 429 0.0248922963175432
33 446 0.0105138619312814
33 474 0.13665791415224
33 557 0.028579331383568
33 577 0.106657001047555
33 601 0.0159965608231163
33 613 0.101268093996071
33 632 0.00225621129487769
33 724 0.0376935347961696
33 736 0.0762312827131712
34 16 0.0245816157239736
34 18 0.208663305503764
34 21 0.0662774402122753
34 23 0.233684196699876
34 25 0.00558200145122239
34 26 0.0288409325138244
34 28 0.0583258557429273
34 29 0.0245128576534801
34 30 0.0160108651892195
34 37 0.10103015428219
34 39 0.0151679926800848
34 43 0.0424402221355416
34 48 0.0480890293505366
34 51 0.0236899949902098
34 153 0.0685493833667873
34 164 0.093126153517526
34 185 0.0250860831488596
34 229 0.0701185762103422
34 260 0.000547165242661808
34 312 0.0206559697409299
34 335 0.014458290525954
34 417 0.0068503897030216
34 433 0.102653818033555
34 506 0.0255194789922227
34 562 0.0498757127614201
34 570 0.0294221424600264
34 596 0.0146933562778794
34 681 0.0213423140751314
34 698 0.041618188501902
35 8 0.155883698432554
35 17 0.172976118123316
35 20 0.0787903506117043
35 21 0.166619999288267
35 22 0.0133887844500006
35 24 0.194999499180353
35 26 0.00153239836452293
35 29 0.145575671990748
35 30 0.0321643887994677
35 31 0.0924026180509467
35 32 0.0334181251130045
35 37 0.0469352660328241
35 39 0.113465476979744
35 43 0.024664549142782
35 45 0.305463812978712
35 46 0.392571347286755
35 48 0.0747078289244774
35 49 0.0602902824236047
35 50 0.0229568530685271
35 53 0.0628609382908472
35 64 0.10063855194358
35 156 0.00679299718480092
35 225 0.18942364842386
35 231 0.054382187404172
35 232 0.0137855202009415
35 404 0.0936001768951701
35 451 0.251172524328044
35 495 0.101025507975174
35 499 0.000713023669529693
35 622 0.0222676624411633
35 671 0.0255790850177569
35 725 0.22191651103586
35 729 0.0086454832026004
35 740 0.0436990077491131
35 747 0.127729599406227
36 18 0.0039678866160588
36 19 0.0986039423221862
36 21 0.0152188786579215
36 25 0.00265051257486834
36 27 0.260163957498309
36 28 0.0413747655521398
36 33 0.0504974393547658
36 38 0.00599172506301632
36 39 0.00824616208980138
36 40 0.0323570914356249
36 41 0.244098477006752
36 46 0.140937344581009
36 51 0.0494290878718505
36 54 0.030057958884609
36 69 0.0711493858804998
36 88 0.015735257068975
36 113 0.0548620748432127
36 118 0.0310254198499297
36 168 0.000630803933740035
36 261 0.0265334083065027
36 292 0.0460413641104977
36 316 0.034802726201521
36 415 0.190992478446334
36 419 0.0122841044011769
36 482 0.0365578685621355
36 487 0.249981275851426
36 512 0.284200143016331
36 514 0.0390186344299886
36 522 0.0479233123797684
36 526 0.0328899460306075
36 574 0.236533898159473
36 595 0.0187545959322512
36 599 0.357345246699299
36 640 0.106045287580153
36 645 0.0939755198982261
36 656 0.0183005591052608
36 661 0.156038106311909
37 5 0.108793721787444
37 21 0.195376432101703
37 24 0.0490291814400633
37 26 0.101467184190454
37 28 0.000436946123244207
37 29 0.0352396409855828
37 31 0.0629839648192523
37 33 0.015482234485581
37 34 0.10103015428219
37 35 0.0469352660328241
37 39 0.124959137720108
37 41 0.0626682088771451
37 43 0.273334947324975
37 44 0.0217929565177013
37 45 0.158030010031706
37 46 0.00963961348908297
37 51 0.0357388640665386
37 52 0.222618372943248
37 55 0.148159907688852
37 206 0.0390762345240797
37 274 0.122097273019519
37 295 0.103811950252354
37 439 0.0257907627434196
37 444 0.307526470352295
37 446 0.0444838456698472
37 494 0.0387467200929901
37 571 0.00276303741678181
37 665 0.00939317030799972
37 669 0.099313088957448
37 717 0.185920247265321
38 19 0.111985935054392
38 20 0.0145978621083694
38 21 0.00334190838792742
38 24 0.0515253997408404
38 25 0.0466763590075839
38 30 0.235980566052432
38 31 0.0409404797695287
38 36 0.00599172506301632
38 39 0.0313269141090005
38 42 0.0249428728006098
38 43 0.0535318247249402
38 47 0.194868230847285
38 51 0.154849086382685
38 52 0.0465357691162507
38 53 0.142171213380646
38 54 0.120659309506219
38 56 0.0725685587591298
38 71 0.0889735348761317
38 155 0.251812951591919
38 165 0.151021244595196
38 238 0.532779695283673
38 243 0.029295565463443
38 264 0.182254159891048
38 287 0.539331103251951
38 358 0.10199632921364
38 427 0.0269076123647139
38 433 0.0131806128073387
38 548 0.0168037808900796
38 588 0.0287293474384855
38 629 0.106980425359312
38 644 0.0172121098848438
39 23 0.0267509663233038
39 25 0.015741980749199
39 26 0.147347513945745
39 27 0.113879680356509
39 28 0.101007640264006
39 29 0.112496355974341
39 34 0.0151679926800848
39 35 0.113465476979744
39 36 0.00824616208980138
39 37 0.124959137720108
39 38 0.0313269141090005
39 43 0.0511783301062682
39 44 0.00857094810685875
39 45 0.00331680086757993
39 46 0.00903906996482766
39 47 0.0923951559250368
39 49 0.00105986692738121
39 50 0.178878063393427
39 52 0.0443926139755167
39 53 0.234935510198135
39 54 0.00889489859113855
39 56 0.112717086308673
39 57 0.0628796703269087
39 108 0.0577989086183595
39 163 0.0370340254529557
39 177 0.227759033997081
39 248 0.160422051863359
39 251 0.0401242092289849
39 276 0.0970627600460665
39 300 0.0542798584515231
39 332 0.0154663432391411
39 361 0.0991177015062876
39 367 0.000207920721567736
39 401 0.000124585181565347
39 524 0.0354787999736084
39 525 0.22090848463113
39 571 0.17932505085419
39 579 0.0806506198987472
39 604 0.182431548945955
39 612 0.033779380223364
39 697 0.0164280873308513
39 710 0.0558467775959757
40 3 0.139462397325952
40 22 0.0495685876784997
40 23 0.0220553662796634
40 24 0.1063237422942
40 25 0.04946832398707
40 26 0.00907579297666774
40 27 0.100941638806873
40 29 0.0112827188899183
40 31 0.00535638148396288
40 32 0.0403180651229573
40 33 0.0229139263594108
40 36 0.0323570914356249
40 42 0.196852775659122
40 46 0.0572328104782979
40 47 0.0161662303540097
40 49 0.0292719120783234
40 50 0.143678015238898
40 51 0.040715959654195
40 55 0.0697520700718665
40 78 0.0151250155032044
40 90 0.0337725151068952
40 97 0.00766506068319733
40 190 0.00572492380243009
40 215 0.107137441591648
40 218 0.0131125118195338
40 283 0.0966140034998676
40 310 0.124633452026411
40 391 0.0603443156891156
40 414 0.0598248311489171
40 415 0.36229165158146
40 434 0.0295157874990795
40 463 0.100704530584949
40 660 0.197351119087704
40 666 0.110761107976832
40 703 0.0358682203534016
40 725 0.119653642368871
41 11 0.0197653120614916
41 26 0.0445333626981687
41 27 0.0548191600578155
41 31 0.348528979483174
41 32 0.0569260466545315
41 33 0.0493253988859143
41 36 0.244098477006752
41 37 0.0626682088771451
41 42 0.0097764466883637
41 45 0.0536730976245103
41 46 0.0725521354599819
41 48 0.0142009108733397
41 51 0.0367158130996502
41 55 0.017908770721385
41 57 0.0108446339109149
41 58 0.0102859547941321
41 115 0.132164742702998
41 129 0.021115187271173
41 148 0.0412598841050952
41 167 0.152261188543884
41 178 0.118167650698572
41 216 0.0386141200635131
41 221 0.167477159526383
41 232 0.0969868784918017
41 242 0.112511822284235
41 292 0.0214480174118118
41 380 0.254407472486568
41 484 0.0794500543484507
41 534 0.0157967873893949
41 539 0.237128628414054
41 576 0.0474137462829137
41 621 0.0142754276721241
41 630 0.00630892406338888
41 663 0.002301616983785
41 681 0.0182800917340605
41 742 0.027409659253743
41 743 0.0417676059041886
42 24 0.0541102798116291
42 26 0.0663253678651717
42 28 0.00756638034713302
42 29 0.286897587728493
42 30 0.0320044427829943
42 38 0.0249428728006098
42 40 0.196852775659122
42 41 0.0097764466883637
42 43 0.010798224599676
42 44 0.1290772819172
42 47 0.010014582840488
42 48 0.0492595009186402
42 52 0.114959730543655
42 54 0.0724163751424907
42 60 0.236093729717163
42 70 0.199841548020831
42 84 0.0413979273072657
42 148 0.145296950944508
42 167 0.0280427366834767
42 294 0.00624774976884048
42 317 0.0591514622550296
42 341 0.0223154585390257
42 408 0.06632183248102
42 466 0.00234008611621728
42 488 0.0401900718561847
42 493 0.0603320118370658
42 521 0.0254838535941906
42 541 0.21906109135904
42 553 0.0616549975990934
42 561 0.0222863944049325
42 606 0.131847535588955
42 608 0.228847094501739
42 665 0.0963360814122423
42 693 0.00762215035659471
43 28 0.221883363097293
43 29 0.156259669087926
43 30 0.00886408719215732
43 31 0.022385260843252
43 33 0.0454283019653028
43 34 0.0424402221355416
43 35 0.024664549142782
43 37 0.273334947324975
43 38 0.0535318247249402
43 39 0.0511783301062682
43 42 0.010798224599676
43 46 0.140565976066048
43 52 0.180350709410379
43 53 0.0076104459037012
43 54 0.101185703359181
43 56 0.0333471270260651
43 58 0.12120574502692
43 59 0.00812881867353451
43 61 0.281861243219239
43 112 0.0265127355323414
43 172 0.029479472069436
43 282 0.0478751708577337
43 343 0.0743327877133377
43 429 0.127575726702583
43 554 0.00647185967873145
43 653 0.167336744061368
43 681 0.0519361924314499
43 723 0.167739602883579
