0 1 0.194455102145612
0 4 0.021980317210528
0 5 0.126636715180138
0 8 0.204205518121541
0 86 0.0430570276689758
0 238 0.0605429693775762
0 289 0.155038148905267
0 349 0.080224242946467
0 425 0.0283355494089195
0 448 0.0547875079883776
0 494 0.0464657075485009
0 646 0.155190130227894
0 732 0.0102236677935205
0 776 0.0463396300588807
0 940 0.0687866507085045
0 976 0.0872452169280319
0 991 0.0519032299303118
0 1002 0.262943726583244
0 1004 0.000774560708203157
0 1052 0.0404752684191839
0 1092 0.455630437741953
0 1194 0.0382527029750146
0 1208 0.190354656251492
0 1234 0.0830448736333201
0 1235 0.000394512226273396
0 1237 0.316013026023491
0 1238 0.344088760056112
0 1240 0.0422032236404837
0 1245 0.106842306671802
0 1247 0.128540249507293
0 1248 0.145351896067038
0 1249 0.0876218715768221
1 0 0.194455102145612
1 3 0.00578834633564589
1 6 0.510988102531554
1 9 0.0215675338134134
1 10 0.00243333871338575
1 11 0.0360645788074072
1 12 0.0727267797741315
1 17 0.158326555630875
1 98 0.0578317987529496
1 169 0.0139240830494268
1 230 0.117459470430076
1 266 0.122446225547744
1 309 0.0117956322906734
1 322 0.123870922090255
1 404 0.0444021874096009
1 424 0.0185352883695804
1 443 0.0217921390962124
1 482 0.0665227531496858
1 534 0.0340735332062424
1 695 0.0400299151943302
1 732 0.00723096541146558
1 784 0.00948935854358489
1 831 0.0121138722105089
1 910 0.139339957722621
1 948 0.00616182903759372
1 1005 0.12614899471905
1 1008 0.0227093448992637
1 1136 0.0662195237900529
1 1197 0.0301069088178771
1 1236 0.107530207338708
1 1238 0.059499031723892
1 1242 0.002943323465867
1 1243 0.118934985602196
1 1244 0.156859394870636
1 1245 0.0117489709214021
1 1248 0.0389130171979382
1 1249 0.0681674317326606
2 3 0.155874055891929
2 5 0.0639952785359365
2 6 0.0260413370629515
2 14 0.0769253657800356
2 32 0.0241952566740272
2 171 0.0352669618755397
2 300 0.00561270874664492
2 347 0.00390890855317489
2 352 0.126156056142387
2 421 0.00987999905352785
2 555 0.15629882591896
2 578 0.263623825585782
2 663 0.0392360331098014
2 671 0.0065982960816846
2 746 0.181677972685578
2 801 0.0159433817192691
2 848 0.219124267656296
2 851 0.0417869945772226
2 852 0.0267856509401517
2 856 0.262872352180336
2 901 0.0140724452910302
2 905 0.204009913334834
2 930 0.168928349289093
2 937 0.0890681357549653
2 1087 0.00850022395123546
2 1101 0.0309334234790302
2 1155 0.01933428796168
2 1209 0.332075042452984
2 1210 0.211663620407267
2 1237 0.0140795374102568
2 1238 0.0415794168460656
2 1241 0.0572051855135125
2 1243 0.0193992932574702
2 1245 0.327999119769331
2 1247 0.0435954529027067
2 1248 0.0957265018411747
2 1249 0.00807806557247889
3 1 0.00578834633564589
3 2 0.155874055891929
3 4 0.182397354901729
3 5 0.0681004773588239
3 7 0.038069799950595
3 12 0.0829810460312165
3 13 0.0283635047299788
3 14 0.0794472687534294
3 16 0.0371246257672322
3 17 0.0348246039118325
3 19 0.012032229375649
3 69 0.0130550279140648
3 136 0.066142749923302
3 261 0.0256455388304672
3 528 0.0295027475912306
3 577 0.00756826117741565
3 597 0.215900861325902
3 601 0.0661019778300156
3 602 0.0963098550828275
3 647 0.0967268654935532
3 659 0.0151732496645593
3 848 0.0226442434792608
3 905 0.0647974054336476
3 923 0.0468958312766513
3 935 0.142876874709335
3 1056 0.180846428204537
3 1204 0.132324329658729
3 1213 0.018151576204216
3 1235 0.0835985882463921
3 1237 0.0199130491936706
3 1238 0.033377296867982
3 1239 0.0477430483351119
3 1240 0.264188500919198
3 1241 0.05704699591688
3 1242 0.156464377521467
3 1243 0.0198305819919357
3 1244 0.0423129256253736
3 1245 0.0730671349924781
3 1249 0.015067920955704
4 0 0.021980317210528
4 3 0.182397354901729
4 6 0.112891604909381
4 8 0.0333710989957246
4 10 0.170862474758213
4 11 0.0242403729185898
4 12 0.0834473700117554
4 14 0.0297896840387117
4 15 0.0103074562805543
4 16 0.0570523502892023
4 19 0.00472561056531767
4 68 0.0056316226739535
4 114 0.133514590176368
4 317 0.0885632364673348
4 331 0.54600911005272
4 449 0.0317430498251558
4 513 0.0261519630182922
4 526 0.0625571785633788
4 625 0.0053028643079717
4 640 0.0217635198020189
4 770 0.0602741354198226
4 864 0.00840656097335875
4 1055 0.225054701748346
4 1238 0.00514262564923024
4 1239 0.366866271754987
4 1241 0.0637559786551463
4 1242 0.00708794630119811
4 1246 0.0951835381404047
4 1248 0.0222433963679366
4 1249 0.0476990405793485
5 0 0.126636715180138
5 2 0.0639952785359365
5 3 0.0681004773588239
5 8 0.187503223680872
5 11 0.0500346196960244
5 14 0.0768081077739834
5 15 0.00521637751612231
5 17 0.0363151117553673
5 19 0.0414921187884604
5 21 0.120022655430469
5 48 0.020771764649889
5 82 0.185830229057968
5 147 0.0170073333515013
5 212 0.042217718818668
5 318 0.178394790496103
5 320 0.0949497319000121
5 357 0.0124972083335254
5 378 0.0606198041704652
5 547 0.04641809190265
5 584 0.081417772737007
5 594 0.0905504503489353
5 602 0.0504619685806335
5 642 0.0419573797783638
5 740 0.00539984624378051
5 761 0.179452912195
5 828 0.0600255433740721
5 867 0.0116820990726067
5 903 0.553455291056253
5 917 0.0198307704121787
5 936 0.199748365460036
5 1215 0.0154672746000006
5 1224 0.0392899739795761
5 1240 0.0152479286644519
5 1241 0.091930705714744
5 1245 0.0240350492511847
5 1247 0.142193886526241
6 1 0.510988102531554
6 2 0.0260413370629515
6 4 0.112891604909381
6 7 0.00580359144659093
6 8 0.307330479689866
6 11 0.119006768490646
6 13 0.051172581317923
6 14 0.0895375883853804
6 15 0.0283336411471618
6 16 0.0415227007110546
6 17 0.0816818873963495
6 19 0.0395375511052575
6 20 0.0273199358826206
6 22 0.00523103954893528
6 141 0.00364088255043056
6 222 0.0756402682905599
6 462 0.00391990608581
6 468 0.00248103222283011
6 504 0.05585802753544
6 558 0.0242156526959946
6 580 0.259895360898799
6 642 0.0755277272774714
6 675 0.0615973564401056
6 679 0.0627505802247224
6 711 0.148176714927295
6 712 0.270215150796795
6 1065 0.0946982616104949
6 1240 0.267731233453251
6 1245 0.0547368399893275
6 1247 0.242843515869543
6 1248 0.0356995061500231
7 3 0.038069799950595
7 6 0.00580359144659093
7 9 0.0687096038503894
7 10 0.0637683077812126
7 11 0.0960088274265689
7 14 0.0392380886645741
7 15 0.0125075425381298
7 16 0.226378888769417
7 18 0.0410022751449956
7 19 0.196261529696893
7 22 0.0431825470283785
7 23 0.198815848115659
7 29 0.283323384358276
7 66 0.237991915965683
7 247 0.125796300962972
7 306 0.0143079057990465
7 352 0.175289512837221
7 356 0.0367964134190501
7 457 0.133939320174556
7 507 0.0141347663227131
7 517 0.00462374863640667
7 540 0.0233876980096664
7 585 0.195198156355891
7 625 0.0361659767931508
7 744 0.126526567400123
7 767 0.00246712871070812
7 811 0.00789281260498476
7 870 0.0613794749452489
7 908 0.117781330662217
7 962 0.00260639246210351
7 1028 0.183841463596206
7 1242 0.164916831876352
7 1245 0.00298933055181035
7 1246 0.00853381394711148
7 1249 0.15193433930398
8 0 0.204205518121541
8 4 0.0333710989957246
8 5 0.187503223680872
8 6 0.307330479689866
8 10 0.0316492109064962
8 11 0.0951646767109649
8 12 0.0257903936286521
8 15 0.126458089200408
8 17 0.0895541407965871
8 19 0.00406468081963379
8 20 0.0596086962220263
8 22 0.115804211213022
8 23 0.337145504972723
8 118 0.259303003889157
8 133 0.00952171039028205
8 138 0.0977691414061089
8 193 0.190963514549258
8 201 0.230391300437448
8 467 0.0618777051747837
8 530 0.0842647146865287
8 703 0.0491764934336197
8 726 0.0292349661365322
8 798 0.40584196611123
8 828 0.00309141228258234
8 931 0.0310771240808207
8 948 0.0694861062508791
8 989 0.00951687021462602
8 1021 0.0263813791144102
8 1022 0.0467325968933002
8 1050 0.0546689905477426
8 1120 0.0382230334810442
8 1170 0.0289302491617865
8 1224 0.159163842534927
8 1243 0.023083588459161
8 1244 0.00686851253247439
8 1246 0.189259403633961
8 1248 0.0328064037851875
9 1 0.0215675338134134
9 7 0.0687096038503894
9 10 0.0557343305139309
9 11 0.0913271014115156
9 12 0.162516169002739
9 16 0.0122244974860404
9 18 0.079313619251688
9 19 0.0244113329384546
9 24 0.00940049483441594
9 25 0.0618654302670842
9 81 0.0434406820445071
9 112 0.0941006908027701
9 156 0.00293118340000209
9 255 0.431310301116297
9 260 0.00643645381852308
9 289 0.0272270707495971
9 341 0.0586120153381648
9 381 0.0589969023096277
9 470 0.10994149340157
9 758 0.0797284997188584
9 769 0.219781448617721
9 853 0.0098570317867107
9 881 0.112007909239615
9 967 0.0603461855638762
9 1006 0.0838406669366647
9 1021 0.0525091608665465
9 1068 0.0127663419740606
9 1084 0.0695938606521053
9 1136 0.2417317979368
9 1169 0.216959311945267
9 1175 0.130666402613128
9 1243 0.138919476896903
9 1244 0.0511791137411585
9 1245 0.0325377854838703
9 1246 0.0625116586696728
9 1247 0.0573977670944095
9 1248 0.108721761305015
10 1 0.00243333871338575
10 4 0.170862474758213
10 7 0.0637683077812126
10 8 0.0316492109064962
10 9 0.0557343305139309
10 11 0.122082698305544
10 14 0.079493246191782
10 17 0.103772837961935
10 19 0.122129503599364
10 23 0.0506901027895389
10 24 0.206624889723606
10 32 0.123929368983523
10 76 0.286629687926631
10 95 0.0964617499493075
10 130 0.198842763880669
10 131 0.0267025841216746
10 136 0.040107515006099
10 238 0.00949019026643411
10 391 0.0351797114452906
10 462 0.0232144141728665
10 472 0.113698092053098
10 474 0.0612435199465115
10 491 0.0138059206146046
10 501 0.0775315031641325
10 805 0.234647359818428
10 1113 0.129136359042528
10 1178 0.00748416997666586
10 1184 0.139628388350111
10 1246 0.0543199578581216
10 1247 0.00117450815162294
10 1248 0.081523762075603
11 1 0.0360645788074072
11 4 0.0242403729185898
11 5 0.0500346196960244
11 6 0.119006768490646
11 7 0.0960088274265689
11 8 0.0951646767109649
11 9 0.0913271014115156
11 10 0.122082698305544
11 13 0.166098946692418
11 14 0.081925042720371
11 15 0.0510106112488468
11 17 0.230864125487002
11 19 0.0552795512047423
11 20 0.166382019981772
11 23 0.101324250246016
11 25 0.16666088749861
11 26 0.0380636748517099
11 30 0.0246447600926448
11 35 0.131649073577153
11 91 0.0725967116602965
11 235 0.0495546082790859
11 342 0.117252478170238
11 401 0.00125414316694794
11 402 0.0146995331477705
11 429 0.00791064892145264
11 433 0.0153615844702352
11 472 0.22117451583356
11 842 0.00247209926970263
11 900 0.0676587806178336
11 980 0.206707189472166
11 1048 0.0452271375037845
11 1091 0.0179289986034897
11 1105 0.2680885419384
11 1126 0.0179295486348157
11 1156 0.0858331536932101
11 1245 0.0690711270439158
11 1246 0.0866669778680324
11 1247 0.0301815789059709
12 1 0.0727267797741315
12 3 0.0829810460312165
12 4 0.0834473700117554
12 8 0.0257903936286521
12 9 0.162516169002739
12 16 0.0535431774414697
12 17 0.191319288704654
12 18 0.00122969273379806
12 19 0.106252197220534
12 21 0.0158169064733257
12 181 0.00404373140175015
12 241 0.0613598901602097
12 329 0.162020681868712
12 566 0.0171951987946196
12 570 0.0287824328765394
12 647 0.0322659873133401
12 710 0.0973154765119553
12 763 0.0502978998625208
12 877 0.0531781694303482
12 926 0.130201004341212
12 979 0.028983936698054
12 1006 0.115112550025438
12 1013 0.130082708019432
12 1028 0.106087872234759
12 1066 0.187131036788586
12 1070 0.123792634367253
12 1090 0.0979773933097538
13 3 0.0283635047299788
13 6 0.051172581317923
13 11 0.166098946692418
13 14 0.0104901678204914
13 15 0.123433563421412
13 18 0.132187659974402
13 20 0.206458717448017
13 21 0.222879586582323
13 22 0.0157068685693544
13 24 0.117039498878302
13 27 0.142551359070241
13 28 0.0397648870217058
13 29 0.0209174168624766
13 161 0.0269258500016304
13 208 0.069595950874456
13 332 0.0512248971407989
13 383 0.0272521336295772
13 492 0.095485855215705
13 502 0.169192867479008
13 583 0.0162962033639128
13 650 0.000691363400146302
13 793 0.0177922095277994
13 861 0.0947179394613772
13 892 0.0117204519459992
13 911 0.0526682596970875
13 1027 0.00750573721260266
13 1095 0.00182343490768614
13 1133 0.15364454579932
13 1248 0.0682644961280412
13 1249 0.232467181016222
14 2 0.0769253657800356
14 3 0.0794472687534294
14 4 0.0297896840387117
14 5 0.0768081077739834
14 6 0.0895375883853804
14 7 0.0392380886645741
14 10 0.079493246191782
14 11 0.081925042720371
14 13 0.0104901678204914
14 15 0.141274302366663
14 19 0.0506985002733741
14 21 0.0861675070252425
14 22 0.0120263674638763
14 23 0.224619314451421
14 24 0.209856950729463
14 25 0.183005390708577
14 26 0.108433573034124
14 28 0.00424008451960167
14 29 0.0326911931833446
14 30 0.00510509557065635
14 53 0.0690577534306359
14 226 0.0569049851000536
14 451 0.101825603663548
14 480 0.143140586832871
14 503 0.104000725448829
14 514 0.370868347308932
14 721 0.0286789498084449
14 840 0.00743919667060528
14 855 0.0466879757385237
14 896 0.0768914730261338
14 949 0.0623790344399644
14 1045 0.0552380167802433
14 1248 0.00763696038220121
14 1249 0.000308042411367402
15 4 0.0103074562805543
15 5 0.00521637751612231
15 6 0.0283336411471618
15 7 0.0125075425381298
15 8 0.126458089200408
15 11 0.0510106112488468
15 13 0.123433563421412
15 14 0.141274302366663
15 16 0.273215849883609
15 19 0.0625909718671711
15 22 0.227339222614683
15 28 0.16963226147157
15 31 0.101945532748267
15 83 0.0440558366661068
15 161 0.245351496425277
15 205 0.0652625452524956
15 240 0.00901695081652965
15 530 0.251293129248554
15 585 0.0391436124028296
15 618 0.0233158320366779
15 624 0.354701597938587
15 725 0.0417533144075581
15 1010 0.0273977829393282
15 1058 0.169289029224708
15 1088 0.00117915258221974
15 1160 0.0366392515432431
16 3 0.0371246257672322
16 4 0.0570523502892023
16 6 0.0415227007110546
16 7 0.226378888769417
16 9 0.0122244974860404
16 12 0.0535431774414697
16 15 0.273215849883609
16 18 0.0522174643865782
16 19 0.0115912425533404
16 20 0.15230321624682
16 23 0.0290408103566061
16 25 0.0189285691559797
16 31 0.102131435996937
16 32 0.276966849858738
16 352 0.106026681879463
16 493 0.0673599623741029
16 616 0.0103917778528146
16 637 0.0573137899783309
16 710 0.0673373386819337
16 743 0.0544373382458638
16 754 0.0479680626405765
16 924 0.198452325259522
16 932 0.119435769849302
16 979 0.0308194688007816
16 1081 0.0199075740217604
16 1161 0.155300737309799
16 1168 0.0234390488763576
16 1190 0.0553683733382095
16 1215 0.0934526108253298
16 1239 0.0205476743757531
17 1 0.158326555630875
17 3 0.0348246039118325
17 5 0.0363151117553673
17 6 0.0816818873963495
17 8 0.0895541407965871
17 10 0.103772837961935
17 11 0.230864125487002
17 12 0.191319288704654
17 18 0.26793592100111
17 19 0.0828162670684741
17 21 0.0479350538274714
17 24 0.21910650804964
17 32 0.0770146054566484
17 59 0.167153667039625
17 78 0.146551618458624
17 174 0.0624954535814792
17 179 0.0527040850593307
17 235 0.0412102669939284
17 404 0.0786673744060281
17 407 0.0741014561588533
17 539 0.0415518440310299
17 542 0.0272393916107601
17 572 0.0195063988926681
17 580 0.250522628241028
17 683 0.12781281325823
17 708 0.024306088522493
17 780 0.157837795544464
17 854 0.0303370269369709
17 873 0.108965136771598
17 909 0.0231069597392318
17 1157 0.0390326308430662
17 1164 0.0727483453360876
17 1170 0.0324051092504941
17 1219 0.0876365798364611
17 1249 0.0641524904961668
18 7 0.0410022751449956
18 9 0.079313619251688
18 12 0.00122969273379806
18 13 0.132187659974402
18 16 0.0522174643865782
18 17 0.26793592100111
18 19 0.288289151087495
18 20 0.0697680166035292
18 23 0.0917057710828114
18 27 0.109866663682135
18 28 0.0214584666193699
18 29 0.0902970127687521
18 31 0.200979616193149
18 84 0.16058382278202
18 130 0.0343153063695711
18 159 0.0929533700511692
18 269 0.130631886699087
18 318 0.0560770137753576
18 328 0.170858864993379
18 336 0.00819322535959847
18 382 0.0342958461985216
18 423 0.0565484603629978
18 424 0.284263363997987
18 560 0.0946468282305701
18 648 0.256255022876607
18 820 0.109144362869727
18 826 0.304307687894779
18 1033 0.207737276538252
18 1045 0.00523773630366371
18 1101 0.126899305012321
18 1211 0.0872928648547121
18 1249 0.0635510485627097
19 3 0.012032229375649
19 4 0.00472561056531767
19 5 0.0414921187884604
19 6 0.0395375511052575
19 7 0.196261529696893
19 8 0.00406468081963379
19 9 0.0244113329384546
19 10 0.122129503599364
19 11 0.0552795512047423
19 12 0.106252197220534
19 14 0.0506985002733741
19 15 0.0625909718671711
19 16 0.0115912425533404
19 17 0.0828162670684741
19 18 0.288289151087495
19 22 0.0106375524155994
19 23 0.0059047447822231
19 25 0.0851629445976926
19 26 0.311839196878637
19 28 0.0842968759307045
19 30 0.059055808906135
19 33 0.034157509960325
19 105 0.129358362239106
19 304 0.150665887663489
19 394 0.147150292599594
19 452 0.0949713666637833
19 496 0.094726582288853
19 664 0.188464567052919
19 682 0.0149651711248438
19 754 0.0486631446965962
19 880 0.19506894159807
19 983 0.0480099319016525
19 1097 0.0782400270424818
19 1155 0.0662636261302311
20 6 0.0273199358826206
20 8 0.0596086962220263
20 11 0.166382019981772
20 13 0.206458717448017
20 16 0.15230321624682
20 18 0.0697680166035292
20 22 0.0617765042815429
20 23 0.0682363078735721
20 24 0.0628916041943779
20 28 0.317480524540233
20 30 0.0729204777824146
20 31 0.0123823812833202
20 32 0.115467422565845
20 33 0.140749317155341
20 35 0.00566257394421154
20 89 0.0552745148601809
20 150 0.0322757131622346
20 181 0.0457123762688576
20 255 0.0230949991626984
20 830 0.208094614731375
20 940 0.00356924992464391
20 1012 0.0544060719095162
20 1016 0.22894779322318
20 1056 0.12462874164731
20 1246 0.0436182943862557
21 5 0.120022655430469
21 12 0.0158169064733257
21 13 0.222879586582323
21 14 0.0861675070252425
21 17 0.0479350538274714
21 22 0.154300789250556
21 23 0.0223603189031012
21 26 0.120283243377195
21 28 0.0584944932082674
21 29 0.00456107533567157
21 30 0.246351866986734
21 33 0.0311383400018573
21 36 0.191941542135948
21 37 0.107879759365877
21 111 0.144209459458336
21 215 0.151970634757741
21 228 0.0334327238020807
21 230 0.047521200423984
21 444 0.0700682886641406
21 503 0.0942322095223805
21 521 0.414803215675387
21 583 0.0165938165874502
21 678 0.110153737320046
21 736 0.0440097937322924
21 862 0.0466132159915534
21 940 0.0228292789299416
21 942 0.589673582416192
21 958 0.0333033691902746
21 959 0.101241763602801
21 979 0.149978094965062
21 1024 0.0131960861075391
21 1085 0.14840222054047
21 1136 0.058637068173129
21 1147 0.0713565282554085
21 1219 0.25310576709952
22 6 0.00523103954893528
22 7 0.0431825470283785
22 8 0.115804211213022
22 13 0.0157068685693544
22 14 0.0120263674638763
22 15 0.227339222614683
22 19 0.0106375524155994
22 20 0.0617765042815429
22 21 0.154300789250556
22 23 0.00162575728475215
22 24 0.0953118288662115
22 25 0.0808476352982169
22 27 0.204285537016666
22 28 0.0408121989756167
22 30 0.0656363576210063
22 33 0.151912943819351
22 69 0.0230349066200374
22 172 0.362046302315164
22 265 0.0223956274071158
22 283 0.0176775840223991
22 313 0.30215916716956
22 594 0.227183667499197
22 827 0.113626843758462
22 872 0.165305528925536
22 932 0.0404608790557442
22 1096 0.115623278001027
22 1106 0.220753044121606
22 1236 0.197748891840352
23 7 0.198815848115659
23 8 0.337145504972723
23 10 0.0506901027895389
23 11 0.101324250246016
23 14 0.224619314451421
23 16 0.0290408103566061
23 18 0.0917057710828114
23 19 0.0059047447822231
23 20 0.0682363078735721
23 21 0.0223603189031012
23 22 0.00162575728475215
23 29 0.00465916101071736
23 31 0.0936820040815385
23 32 0.20180800999075
23 36 0.152047069393157
23 39 0.0519944838782532
23 109 0.165760483533158
23 138 0.244786949664322
23 289 0.102482385683357
23 295 0.00514125528578309
23 360 0.150017919209563
23 462 0.0495844585851812
23 501 0.0485394078083657
23 514 0.0266386152880756
23 956 0.0428927868897713
23 975 0.221437784887214
23 1012 0.0222936181042658
23 1074 0.00244103571430297
23 1157 0.062779733768271
23 1239 0.148079456683054
24 9 0.00940049483441594
24 10 0.206624889723606
24 13 0.117039498878302
24 14 0.209856950729463
24 17 0.21910650804964
24 20 0.0628916041943779
24 22 0.0953118288662115
24 25 0.0269569772504337
24 26 0.0215799179830413
24 28 0.0327416324364573
24 30 0.04775804714422
24 31 0.066596590144898
24 32 0.109904371816417
24 33 0.354313468069272
24 34 0.32582705977168
24 35 0.0178319954259635
24 37 0.0938149415579074
24 38 0.0241459447448414
24 39 0.0487911760384032
24 40 0.051958296922455
24 96 0.0934732079662944
24 108 0.112055846923678
24 448 0.00356713943732327
24 536 0.236746504115924
24 731 0.0291505966658187
24 809 0.0859204869500888
24 962 0.0235787683024574
24 992 0.308918433832116
24 1067 0.0929418667852284
24 1149 0.162601961103227
25 9 0.0618654302670842
25 11 0.16666088749861
25 14 0.183005390708577
25 16 0.0189285691559797
25 19 0.0851629445976926
25 22 0.0808476352982169
25 24 0.0269569772504337
25 28 0.0737133691648781
25 30 0.0803816293470937
25 31 0.120718673912492
25 34 0.0412110570217769
25 36 0.357987332058001
25 38 0.0910347295244126
25 40 0.345067452229846
25 87 0.0868268813784029
25 131 0.0371286840309261
25 454 0.0031487158711365
25 477 0.00201350289090697
25 527 0.044724056180333
25 610 0.0102405935882286
25 614 0.0806109018317691
25 872 0.435465268269652
25 902 0.00593871060158454
25 914 0.0291518484700113
25 1104 0.308181656520318
25 1202 0.254207740484264
26 11 0.0380636748517099
26 14 0.108433573034124
26 19 0.311839196878637
26 21 0.120283243377195
26 24 0.0215799179830413
26 27 0.0155859035872344
26 28 0.323560758902605
26 32 0.135630327179397
26 34 0.0206892948360646
26 35 0.135427174494125
26 37 0.0661615687720658
26 39 0.27516506085032
26 40 0.0163660607078775
26 42 0.0679320921356794
26 107 0.101645034645109
26 149 0.0641936666356257
26 163 0.0664233835357013
26 178 0.0296318456531191
26 200 0.0357228719435995
26 444 0.160137787372366
26 538 0.342279958622198
26 691 0.0747491757591375
26 694 0.0821193458912292
26 879 0.0417832138763441
26 1009 0.028753877574814
26 1018 0.101187274349578
26 1066 0.0526799285763238
26 1100 0.0404145673685622
26 1148 0.059783750315783
26 1236 0.0727921181623418
26 1245 0.00281945819842087
27 13 0.142551359070241
27 18 0.109866663682135
27 22 0.204285537016666
27 26 0.0155859035872344
27 29 0.0301406444148497
27 32 0.00944410915207483
27 33 0.177010466954686
27 35 0.0308301616933421
27 37 0.0260168484814651
27 40 0.0564248783193792
27 41 0.228236636315859
27 42 0.237418397484956
27 86 0.0216544399770457
27 194 0.0461460211155865
27 253 0.0337516108101861
27 276 0.235795024049335
27 371 0.0510033677067164
27 406 0.00466983333835123
27 644 0.122557385570065
27 711 0.0878095058135968
27 786 0.166394204003428
27 807 0.0442379195575043
27 962 0.157924497912807
27 1003 0.00765847775445566
27 1015 0.0122760478809476
27 1095 1.12316641568913e-05
27 1105 0.0292196927774043
27 1125 0.0514764119597016
27 1149 0.237175652700309
27 1191 0.13585960394399
28 13 0.0397648870217058
28 14 0.00424008451960167
28 15 0.16963226147157
28 18 0.0214584666193699
28 19 0.0842968759307045
28 20 0.317480524540233
28 21 0.0584944932082674
28 22 0.0408121989756167
28 24 0.0327416324364573
28 25 0.0737133691648781
28 26 0.323560758902605
28 32 0.0365561178697243
28 33 0.107273446927046
28 39 0.266251280247159
28 40 0.154717055311612
28 41 0.0101439322873101
28 44 0.0189023156474201
28 65 0.266480359405943
28 188 0.013207994816531
28 258 0.0136052530883146
28 312 0.0112546739116427
28 332 0.256095081339855
28 524 0.108963974483277
28 530 0.0226395103142514
28 589 0.114108260182771
28 669 0.0139725518992445
28 751 0.0509289088144106
28 846 0.469154306096167
28 854 0.375142740577709
28 934 0.219968999188637
28 1103 0.151522139085501
28 1193 0.129714179852865
28 1224 0.494427012286282
29 7 0.283323384358276
29 13 0.0209174168624766
29 14 0.0326911931833446
29 18 0.0902970127687521
29 21 0.00456107533567157
29 23 0.00465916101071736
29 27 0.0301406444148497
29 30 0.0141486749884316
29 32 0.0931845442556723
29 33 0.0527984837405453
29 34 0.00700451638008741
29 42 0.0491899591372125
29 44 0.0336227546992362
29 45 0.0107116591236713
29 111 0.205621200867174
29 120 0.0422189992946266
29 297 0.104417344850439
29 314 0.18885601133559
29 401 0.117134868953398
29 499 0.00497699523378001
29 515 0.0252773556535735
29 628 0.041652497263234
29 677 6.05476679668041e-05
29 935 0.00905612996175308
29 949 0.0234596513440018
29 956 0.112555291200184
29 1239 0.0813664547638728
30 11 0.0246447600926448
30 14 0.00510509557065635
30 19 0.059055808906135
30 20 0.0729204777824146
30 21 0.246351866986734
30 22 0.0656363576210063
30 24 0.04775804714422
30 25 0.0803816293470937
30 29 0.0141486749884316
30 31 0.142624555109814
30 33 0.0841884369617418
30 34 0.0451258481121629
30 42 0.0759535678823263
30 45 0.276557995468915
30 46 0.0858654992731531
30 64 0.21130608088992
30 160 0.116264093683457
30 179 0.413083218067605
30 185 0.00751274037112935
30 296 0.00904439655568056
30 311 0.095194567282233
30 364 0.0313021959766879
30 434 0.250753577497259
30 567 0.131459623617309
30 785 0.0536948149308194
30 894 0.0151443485529439
30 925 0.0508210682423498
30 1072 0.00443932814119403
30 1093 0.38911988712001
30 1119 0.0214485373374264
30 1204 0.0071463957717171
31 15 0.101945532748267
31 16 0.102131435996937
31 18 0.200979616193149
31 20 0.0123823812833202
31 23 0.0936820040815385
31 24 0.066596590144898
31 25 0.120718673912492
31 30 0.142624555109814
31 33 0.463572569237025
31 34 0.0311375720209646
31 38 0.0509852129765735
31 40 0.191299012008944
31 41 0.0589125830029536
31 44 0.152525815229544
31 47 0.0406794498171401
31 87 0.0790539918848869
31 119 0.0912964166745429
31 141 0.0134252788323078
31 161 0.00396137824782561
31 284 0.112544976843828
31 295 0.110884019384998
31 527 0.0645761253662933
31 593 0.228000240364781
31 709 0.0612562350654653
31 745 0.0989704151838924
31 771 0.242094411504172
31 899 0.0293344137781304
31 993 0.0211708277714219
31 1064 0.175169825741401
31 1081 0.28301576504143
31 1175 0.0910600902894967
31 1247 0.00539441620948264
32 2 0.0241952566740272
32 10 0.123929368983523
32 16 0.276966849858738
32 17 0.0770146054566484
32 20 0.115467422565845
32 23 0.20180800999075
32 24 0.109904371816417
32 26 0.135630327179397
32 27 0.00944410915207483
32 28 0.0365561178697243
32 29 0.0931845442556723
32 38 0.00841316251417954
32 39 0.019556332711022
32 40 0.111692135524332
32 45 0.254488464494469
32 47 0.100535407211695
32 73 0.0119772156154438
32 95 0.102563437905106
32 102 0.0660863158576271
32 166 0.0649884261339836
32 210 0.197921424002714
32 225 0.114090689986
32 228 0.257675925873072
32 255 0.00845714641514225
32 289 0.0235436830026486
32 325 0.00165071108060778
32 338 0.0260776633931458
32 415 0.0187267502964729
32 533 0.0154341020970887
32 610 0.160805014172145
32 617 0.0899156686475802
32 624 0.0269804540807725
32 670 0.034495744227693
32 809 0.0630159034404673
32 866 0.117688725013084
32 917 0.346007351155994
32 922 0.0852296173246231
32 989 0.109074139539048
32 1045 0.169609077515296
32 1079 0.0742748451416499
33 19 0.034157509960325
33 20 0.140749317155341
33 21 0.0311383400018573
33 22 0.151912943819351
33 24 0.354313468069272
33 27 0.177010466954686
33 28 0.107273446927046
33 29 0.0527984837405453
33 30 0.0841884369617418
33 31 0.463572569237025
33 34 0.000617316892961331
33 36 0.049842326508543
33 37 0.0695610684308459
33 38 0.0839862782123499
33 42 0.112959072186925
33 43 0.126600026541701
33 44 0.0154397604664895
33 45 0.0824795239714938
33 48 0.0494230382096896
33 49 0.0929127947266272
33 150 0.277963944952783
33 174 0.00163827640011669
33 204 0.107012695926433
33 407 0.116193051284416
33 568 0.061182630593827
33 673 0.299660100824281
33 893 0.422572567635566
33 1028 0.00803313601097431
34 24 0.32582705977168
34 25 0.0412110570217769
34 26 0.0206892948360646
34 29 0.00700451638008741
34 30 0.0451258481121629
34 31 0.0311375720209646
34 33 0.000617316892961331
34 35 0.122345933647707
34 37 0.0335461881087972
34 40 0.0509677436644325
34 41 0.0314027965421577
34 42 0.089817708483243
34 45 0.0567649177667924
34 49 0.0129933966629402
34 90 0.0281879868116591
34 119 0.0488505035739564
34 276 0.538080318445172
34 308 0.0386697841268603
34 374 0.0288350452657999
34 448 0.0181333005390721
34 495 0.0217927481011937
34 583 0.0592470696201122
34 644 0.0169227010306715
34 698 0.009885566162189
34 707 0.219054044171915
34 724 0.121878682028377
34 751 0.0118253254827771
34 756 0.0609963053544542
34 798 0.120776978885834
34 816 0.0866883708152855
34 833 0.138471815708256
34 856 0.0560949023451513
34 866 0.0756143904155093
34 987 0.323494530895814
34 1057 0.00945157599347773
35 11 0.131649073577153
35 20 0.00566257394421154
35 24 0.0178319954259635
35 26 0.135427174494125
35 27 0.0308301616933421
35 34 0.122345933647707
35 37 0.00136419392432796
35 39 0.0686594608484908
35 41 0.135621737151943
35 46 0.00062381550956894
35 47 0.0748379961763996
35 48 0.0994934947175178
35 95 0.0259610100922138
35 100 0.00792423724261503
35 186 0.0834401065941373
35 213 0.504881674663629
35 219 0.241896168955907
35 234 0.184057390265959
35 292 0.0375150348767036
35 456 0.0335274889368823
35 484 0.00233941546746847
35 503 0.0523987008123615
35 527 0.0407401444570763
35 608 0.23469678907078
35 781 0.181740399945595
35 816 0.0723909229347096
35 844 0.0967721099771732
35 886 0.0425983049893448
35 909 0.0510554685486599
35 963 0.0142349731217232
35 992 0.37452525320351
35 1039 0.042233950018454
35 1051 0.0566224873963829
35 1063 0.151974017609577
35 1083 0.10942464149893
35 1100 0.0845296372637501
35 1168 0.25219904276415
36 21 0.191941542135948
36 23 0.152047069393157
36 25 0.357987332058001
36 33 0.049842326508543
36 37 0.00774330538431851
36 42 0.194641711214993
36 43 0.0997280805516384
36 45 1.80733727091989e-06
36 46 0.0831323012427056
36 47 0.131406571601349
36 48 0.0631527987103985
36 49 0.176184789835023
36 51 0.0838468727902038
36 55 0.109073442593112
36 82 0.0758953814656698
36 250 0.0637084784948292
36 444 0.0657894103449191
36 534 0.0991747704086473
36 842 0.144133883205657
36 850 0.163735278422805
36 905 0.0136478524192066
36 923 0.000128128926627291
36 1004 0.0379153413404032
36 1208 0.153636801781212
36 1223 0.15935506500678
37 21 0.107879759365877
37 24 0.0938149415579074
37 26 0.0661615687720658
37 27 0.0260168484814651
37 33 0.0695610684308459
37 34 0.0335461881087972
37 35 0.00136419392432796
37 36 0.00774330538431851
37 38 0.103841236540859
37 39 0.264818521851244
37 40 0.0596498177165465
37 41 0.0181502052606638
37 43 0.12892602803353
37 49 0.00820058399854134
37 52 0.0105347284171088
37 217 0.0102297789576672
37 224 0.0217709787680298
37 268 0.0310862591430781
37 320 0.0752648040455281
37 569 0.00487355312567997
37 624 0.0444671230485374
37 637 0.164515199609506
37 697 0.0821512714847324
37 1034 0.294376942344859
37 1095 0.178423085210352
37 1107 0.373439980140809
38 24 0.0241459447448414
38 25 0.0910347295244126
38 31 0.0509852129765735
38 32 0.00841316251417954
38 33 0.0839862782123499
38 37 0.103841236540859
38 39 0.196126270270422
38 41 0.0663109644213854
38 44 0.367960569449854
38 49 0.0729203266973796
38 50 0.0104831205836271
38 53 0.0206728459357017
38 54 0.0441981071617694
38 99 0.0212971836632342
38 120 0.0494686856182242
38 146 0.0714446659974723
38 179 0.0288740255131007
38 216 0.076056503275067
38 311 0.0367405530122172
38 430 0.00567089091021419
38 470 0.159515996683045
38 499 0.0601415501056924
38 613 0.0745395301433711
38 668 0.0581477451018683
38 704 0.0961126951015415
38 729 0.142273408738413
38 879 0.299142981625877
39 23 0.0519944838782532
39 24 0.0487911760384032
39 26 0.27516506085032
39 28 0.266251280247159
39 32 0.019556332711022
39 35 0.0686594608484908
39 37 0.264818521851244
39 38 0.196126270270422
39 41 0.00347246484848104
39 42 0.0462122698400061
39 45 0.0070030594387587
39 46 0.251095386741031
39 47 0.0924278894004336
39 51 0.163169511653588
39 55 0.183662893295456
39 175 0.01036228523373
39 185 0.0167885530953944
39 190 0.111605598367602
39 204 0.0683306252153611
39 381 0.0797459794867273
39 604 0.011549406586091
39 663 0.100122687099596
39 683 0.0160665189774221
39 812 0.0565499072270138
39 947 0.201208460870198
39 1006 0.0561570230827427
39 1015 0.0125446895367509
39 1107 0.0250587124174586
39 1131 0.0444357679741239
39 1154 0.00256856653888211
39 1195 0.151579125595953
39 1244 0.398065129530198
40 24 0.051958296922455
40 25 0.345067452229846
40 26 0.0163660607078775
40 27 0.0564248783193792
40 28 0.154717055311612
40 31 0.191299012008944
40 32 0.111692135524332
40 34 0.0509677436644325
40 37 0.0596498177165465
40 41 0.211678915551216
40 43 0.0114284902040574
40 45 0.207206800065092
40 47 0.0394637983309377
40 48 0.00990928767912565
40 49 0.0160316701612855
40 50 0.039273389599788
40 51 0.0576843602847064
40 52 0.0276613558660241
40 54 0.020318379280729
40 84 0.0324938704881225
40 167 0.0366739303436927
40 189 0.0108688112637272
40 323 0.000478060923252173
40 635 0.086767553869811
40 715 0.0562418840271092
40 732 0.0163546928078076
40 856 0.0646390221531159
40 1017 0.229178938088807
40 1102 0.37134627222956
40 1133 0.311442033926614
40 1180 0.0521094550413369
40 1249 0.125437569609184
41 27 0.228236636315859
41 28 0.0101439322873101
41 31 0.0589125830029536
41 34 0.0314027965421577
41 35 0.135621737151943
41 37 0.0181502052606638
41 38 0.0663109644213854
41 39 0.00347246484848104
41 40 0.211678915551216
41 42 0.0134683716060502
41 44 0.138124876470031
41 45 0.093381527272912
41 46 0.067606227788291
41 48 0.0789100377583533
41 51 0.0192319606751111
41 52 0.0986541081306943
41 55 0.143855656756669
41 57 0.52826135559958
41 62 0.225195730093559
41 79 0.0149542924580108
41 297 0.0491265656473014
41 303 0.00344165343407774
41 340 0.0207697973228004
41 423 0.214652331154152
41 446 0.253571167024083
41 605 0.0080649490731175
41 624 0.0546133793582943
41 700 0.0533029461401281
42 26 0.0679320921356794
42 27 0.237418397484956
42 29 0.0491899591372125
42 30 0.0759535678823263
42 33 0.112959072186925
42 34 0.089817708483243
42 36 0.194641711214993
42 39 0.0462122698400061
42 41 0.0134683716060502
42 43 0.102574541369853
42 44 0.189044966110366
42 45 0.0513685426373547
42 46 0.290014039526155
42 47 0.00718706035950159
42 48 0.258097136616613
42 49 0.0411157493065333
42 52 0.114542574627365
42 53 0.00286405394448623
42 54 0.152247262785111
42 55 0.0205312403341255
42 56 0.0384700473329065
42 57 0.00210705614441195
42 142 0.0139079136237104
42 149 0.0929953388756993
42 381 0.203202057450637
42 396 0.082247374749581
42 420 0.162495550337131
42 452 0.00269803996510999
42 482 0.274675123989294
42 581 0.0453360098664173
42 632 0.0966584011015644
42 646 0.0476509557730652
42 669 0.0731939695611909
42 709 0.0777389805531315
42 798 0.0398538961518668
42 973 0.119027719761877
42 1123 0.0449559307983133
43 33 0.126600026541701
43 36 0.0997280805516384
43 37 0.12892602803353
43 40 0.0114284902040574
43 42 0.102574541369853
43 45 0.305453211042884
43 48 0.0487956509992326
43 49 0.0224969281794176
43 50 0.112138669132804
43 57 0.0183326903234316
43 58 0.117921942985105
43 59 0.157657759265353
43 178 0.0214293974884993
43 320 0.261126469812568
43 378 0.0793064517775565
43 383 0.000676453613204113
43 445 0.0273214594837005
43 524 0.11086091166431
43 629 0.0340027335076582
43 665 0.022375685846396
43 734 0.015809632726778
43 771 0.0606705464737881
43 823 0.103088845981553
43 886 0.186433738512846
43 889 0.0256757750028466
43 971 0.361065144327232
43 1088 0.127397005118128
43 1212 0.123739828393419
43 1231 0.14701124459436
43 1240 0.189342460592381
44 28 0.0189023156474201
44 29 0.0336227546992362
44 31 0.152525815229544
44 33 0.0154397604664895
44 38 0.367960569449854
44 41 0.138124876470031
44 42 0.189044966110366
44 49 0.00402199605990522
44 51 0.126703910194439
44 54 0.0604546915592171
44 55 0.0961925574682722
44 71 0.00388794495672127
44 114 0.0789913778587568
44 213 0.0459655915700359
44 333 0.135825880352038
44 455 0.0797874179326717
44 472 0.136951034894901
44 476 0.287336171244847
44 522 0.025956320948123
44 525 0.201326054105396
44 542 0.0115657579424524
44 622 0.06597904633415
44 705 0.0384136101544988
44 744 0.0509118471259642
44 809 0.0352016908226089
44 1006 0.00938006714073048
44 1022 0.0827256449657327
44 1111 0.0136330823669652
44 1196 0.0762781049229557
45 29 0.0107116591236713
45 30 0.276557995468915
45 32 0.254488464494469
45 33 0.0824795239714938
45 34 0.0567649177667924
45 36 1.80733727091989e-06
45 39 0.0070030594387587
45 40 0.207206800065092
45 41 0.093381527272912
45 42 0.0513685426373547
45 43 0.305453211042884
45 47 0.146613264933527
45 48 0.0320780759320665
45 55 0.144249377348643
45 59 0.00658114532774149
45 60 0.141638163804817
45 61 0.0895983208535314
45 76 0.0351531419016401
45 130 0.017276263963744
45 180 0.158313706540741
45 243 0.035015556045797
45 267 0.0262917785536446
45 324 0.0121112017929086
45 483 0.0359024367671532
45 517 0.323986140908131
45 565 0.12576115023512
45 635 0.0203311123695843
45 675 0.068513700832957
45 699 0.0374003070904289
45 754 0.0297207825638218
45 783 0.167251616917533
45 911 0.012868074362114
45 1003 0.00335176090370843
45 1228 0.00857890155861026
46 30 0.0858654992731531
46 35 0.00062381550956894
46 36 0.0831323012427056
46 39 0.251095386741031
46 41 0.067606227788291
46 42 0.290014039526155
46 47 0.161826001520248
46 48 0.0284440963018461
46 49 0.0526304009455334
46 54 0.00195552996885253
46 55 0.11700412837933
46 56 0.0659140514871148
46 57 0.0368403845320529
46 58 0.0980211004480713
46 59 0.0947705995206512
46 60 0.0124767796279956
46 61 0.14153232021275
46 146 0.0345091865164287
46 175 0.0196511447098188
46 212 0.259223157953104
46 320 0.0156805607198143
46 323 0.326122985823236
46 342 0.014982178843943
46 345 0.125089497045591
46 570 0.0145141513399878
46 594 0.0909149240780314
46 767 0.0177917222354893
46 770 0.152338134760288
46 801 0.0214106507497546
46 847 0.205333506071455
46 1006 0.198379950884102
46 1146 0.0252356549265553
46 1182 0.0245398619782883
47 31 0.0406794498171401
47 32 0.100535407211695
47 35 0.0748379961763996
47 36 0.131406571601349
47 39 0.0924278894004336
47 40 0.0394637983309377
47 42 0.00718706035950159
47 45 0.146613264933527
47 46 0.161826001520248
47 49 0.0406014165699729
47 50 0.0752958512613683
47 51 0.0293857128388448
47 52 0.233886727533229
47 53 0.0304413240864929
47 54 0.162672023458044
47 60 0.00552669276268062
47 61 0.133990960855168
47 62 0.00540943783476444
47 63 0.0180499226906447
47 68 0.148679630324902
47 76 0.00240168609845056
47 176 0.0112860291359131
47 182 0.00943846077764358
47 243 0.0480265059650444
47 490 0.138878800330421
47 544 0.0254039328117783
47 672 0.0941647532010583
47 910 0.131306293482492
47 924 0.0496101956904381
47 956 0.0293741360562889
47 974 0.0413788231947274
47 1204 0.0295231759493334
48 5 0.020771764649889
48 33 0.0494230382096896
48 35 0.0994934947175178
48 36 0.0631527987103985
