0 2 0.408506821199824
0 7 0.462547187472957
0 10 0.0169985864194423
0 13 0.155553625432418
0 56 0.0231824964666561
0 63 0.0824377280933291
0 102 0.115272278429359
0 117 0.00688925085458257
0 145 0.0150919735043459
0 165 0.128461618685928
0 172 0.0529430302325726
0 193 0.0218683397397042
0 197 0.0330191657448067
0 217 0.094665028521244
0 241 0.0456239280717466
0 246 0.216848315986061
0 366 0.127069821095591
0 380 0.140516136634674
0 386 0.0264851175819801
0 404 0.0867498475300918
0 405 0.00623785718896965
0 473 0.247396954869187
0 491 0.142903209646768
0 591 0.0352525941233625
0 592 0.142978106154674
0 658 0.170085501949722
0 676 0.136445131309709
0 699 0.1156058793982
0 738 0.0404491097602681
0 747 0.0310068409376029
0 748 0.372052634681346
1 5 0.0590875238224722
1 7 0.160503605512597
1 8 0.0947138488909144
1 14 0.00942395334340672
1 39 0.0076679590531904
1 46 0.0896646873618638
1 89 0.0446067481684294
1 121 0.0802617804215861
1 157 0.022053176585977
1 174 0.054126555080231
1 219 0.0348858157273947
1 389 0.0842683920909734
1 392 0.0277998083701914
1 399 0.06037430131206
1 440 0.0126285079007135
1 508 0.0312430331425539
1 515 0.0172549265798591
1 645 0.0737743061661772
1 648 0.100665961468966
1 685 0.0169344681130589
1 691 0.0544485619354134
1 729 0.0414676320251826
1 737 0.0307390013627351
1 740 0.11977597352919
1 745 0.159461816111766
1 748 0.0549230725822575
1 749 0.115183553805214
2 0 0.408506821199824
2 6 0.169056296196116
2 7 0.286370388490969
2 10 0.266613219516801
2 64 0.124036178705277
2 85 0.193202657405497
2 168 0.324964533762753
2 186 0.12522015774741
2 228 0.187100326618253
2 302 0.0037301608932524
2 309 0.113440162228679
2 348 0.251094254568911
2 409 0.467775412142814
2 419 0.0886147167796468
2 439 0.00761720574623712
2 528 0.0167681858669778
2 530 0.0135552882900139
2 577 0.213784026157653
2 582 0.0192573209733813
2 609 0.0998794018936043
2 621 0.204821163348835
2 628 0.056306400661887
2 651 0.0331130604519271
2 654 0.0225708721089162
2 665 0.0708862863675921
2 746 0.060538132603639
2 748 0.0403697667076982
3 5 0.0718611428533534
3 9 0.0216623916002415
3 11 0.248324059039378
3 34 0.0584535170007175
3 148 0.0731335562409875
3 170 0.0389476757508564
3 175 0.0182321368776579
3 207 0.144492374757512
3 238 0.0359856143026176
3 275 0.15895973626497
3 278 0.399306503058494
3 295 0.0536504137789139
3 296 0.0740127129593854
3 302 0.0467248255428891
3 431 0.10891604659819
3 474 0.18173907576503
3 512 0.0392736446143692
3 574 0.0997030158083309
3 583 0.0514374706964211
3 589 0.0786762425078782
3 650 0.127811680715247
3 700 0.0452493091503874
3 717 0.0957737700559235
3 739 0.0745313491707102
3 741 0.0298580536663977
3 742 0.0848549482763328
3 747 0.0632035950511684
3 749 0.289227439913078
4 5 0.0311861365398195
4 9 0.0464307920093941
4 11 0.0859995026794192
4 18 0.0449947512193604
4 97 0.176798131847655
4 167 0.0647399340157474
4 218 0.0700134940019495
4 264 0.0693682462578517
4 312 0.0762209976812945
4 337 0.145992504906202
4 339 0.0404378441791692
4 410 0.0193066920027385
4 449 0.152513079112792
4 461 0.0115599571055386
4 559 0.0456647267022092
4 560 0.0769474167534533
4 588 0.322470778233689
4 605 0.0381724167343882
4 606 0.138295187022713
4 617 0.0130167387023581
4 682 0.0043422875563043
4 743 0.00809545397972631
4 744 0.0801593488809342
4 746 0.201989368865062
5 1 0.0590875238224722
5 3 0.0718611428533534
5 4 0.0311861365398195
5 13 0.00848543991473798
5 16 0.00624809998186473
5 93 0.320420069805243
5 107 0.0202942624861513
5 110 0.00541034714434411
5 113 0.00624406772727901
5 128 0.0137324841392051
5 187 0.0251546009949716
5 228 0.0251488817044038
5 251 0.0977837432207782
5 298 0.182982402028635
5 314 0.0137334630182456
5 362 0.839396845708289
5 425 0.0883412239621396
5 446 0.165252780496413
5 452 0.138993153939463
5 462 0.00948814905302669
5 513 0.119255406030865
5 589 0.0216445828837247
5 635 0.373886662700619
5 654 0.0717403647630773
5 721 0.174929756207735
5 736 0.0281912520664251
5 743 0.0314236268764218
5 745 0.0497076727537076
5 746 0.0208526005012886
6 2 0.169056296196116
6 11 0.0138816225536997
6 17 0.0902186473513402
6 18 0.118097430559007
6 136 0.010497630826476
6 143 0.0549445970117153
6 144 0.0714967024659055
6 148 0.0746237060102832
6 187 0.216945661375694
6 205 0.118451551722692
6 296 0.0534636199002841
6 314 0.0131909812160286
6 354 0.0494867656063891
6 390 0.102017455772046
6 616 0.151608599048824
6 623 0.148641313099061
6 625 0.232558572949396
6 670 0.0137157372568712
7 0 0.462547187472957
7 1 0.160503605512597
7 2 0.286370388490969
7 19 0.33106682202598
7 44 0.275806923691502
7 51 0.313413301954506
7 55 0.0464681044233033
7 123 0.0062217942714066
7 154 0.0669696307178081
7 187 0.0886754104897048
7 239 0.0480791630867068
7 427 0.38147404905582
7 478 0.0465476665591882
7 488 0.0756374931997727
7 501 0.107107553115062
7 575 0.0762705271334381
7 672 0.109550446138686
7 722 0.0130355435106267
8 1 0.0947138488909144
8 11 0.0645416939586881
8 15 0.187412230192622
8 19 0.0350854395689329
8 52 0.0116524484841914
8 128 0.170347918680171
8 132 0.147528714933378
8 189 0.00588278825634535
8 203 0.0439592309866866
8 211 0.0819730578809983
8 218 0.0435284694683055
8 257 0.0143193061563597
8 261 0.0812962688693387
8 323 0.072817740186725
8 349 0.166724384800997
8 417 0.0189503014498728
8 428 0.113524712239003
8 491 0.123484011698701
8 506 0.0597916356494156
8 508 0.0477498490712121
8 526 0.0601688796095083
8 534 0.0546341602048877
8 566 0.033437647556733
8 584 0.118935305170331
8 641 0.0853791853367286
8 643 0.225516536909616
8 666 0.00127930567615194
8 739 0.176694993537195
8 747 0.00226315879689467
8 748 0.00080466619075893
9 3 0.0216623916002415
9 4 0.0464307920093941
9 12 0.216630024859774
9 16 0.0481781329798528
9 22 0.0487333791560343
9 130 0.00172652486527335
9 176 0.0697108752347001
9 177 0.0696094302353462
9 178 0.153262206532454
9 211 0.0521320802177718
9 220 0.0587931646455057
9 237 0.168530223558053
9 256 0.029005602607175
9 301 0.0212154003860659
9 316 0.0434232531049166
9 323 0.0116631849280148
9 364 0.00315752111096021
9 390 0.0115122404274404
9 409 0.0797695426719994
9 418 0.0516125926172702
9 421 0.0866032329525149
9 569 0.125951340586403
9 578 0.133313493136167
9 616 0.058067435081128
9 632 0.00230415632646151
9 655 0.183907669519704
9 698 0.0827088905139363
9 722 0.0275189626778016
9 736 0.00385379752709817
9 746 0.0373031984983097
9 748 0.0365623158188839
10 0 0.0169985864194423
10 2 0.266613219516801
10 11 0.000150738847811162
10 17 0.0248752262796408
10 21 0.212441381038517
10 68 0.0876737021298728
10 93 0.233440030297737
10 143 0.439346187693568
10 145 0.0575521384452228
10 147 0.150592543167065
10 183 0.0311866912501211
10 196 0.107325407571162
10 202 0.161282199954688
10 206 0.183556914165029
10 255 0.0281912473049817
10 275 0.0565471770228939
10 398 0.0753974852643049
10 399 0.0431323263612371
10 405 0.166836029528133
10 428 0.0061562534555453
10 461 0.0110820170381279
10 538 0.227965890787022
10 579 0.463915452976378
10 658 0.00308115495224115
10 706 0.00389695594418431
10 715 0.0277226198389615
10 738 0.0542789529007938
10 748 0.0934449583993865
11 3 0.248324059039378
11 4 0.0859995026794192
11 6 0.0138816225536997
11 8 0.0645416939586881
11 10 0.000150738847811162
11 13 0.1020060103367
11 20 0.0883252925150768
11 21 0.145663516261352
11 49 0.218328205135851
11 71 0.0857277013635729
11 105 0.0195384166956022
11 112 0.127134027701212
11 119 0.0334389323669349
11 127 0.277314198023452
11 154 0.0573069739970785
11 237 0.17311434622549
11 281 0.075782549220644
11 310 0.268058766227881
11 370 0.040844950262752
11 588 0.00131299909655942
11 592 0.0696359824408972
11 595 0.327530452191068
11 597 0.0107059368603523
11 630 0.0571713418916092
11 640 0.160310945962903
11 669 0.172511354582845
11 685 0.0157339156157417
11 702 0.0028781970872434
11 709 0.301128610277867
11 739 0.172054322934287
12 9 0.216630024859774
12 14 0.0329024770399123
12 15 0.116406799649617
12 21 0.176597759177488
12 35 0.010344897247347
12 52 0.074728202636366
12 55 0.231001325644254
12 62 0.0254824956234554
12 125 0.0190441342473549
12 201 0.0311170650251869
12 213 0.00440956439245717
12 224 0.00686742415771367
12 278 0.0987965186407291
12 313 0.250785515072559
12 324 0.0128402533341988
12 356 0.0602901980923311
12 364 0.226389883790181
12 425 0.18489264938315
12 452 0.0415588436710824
12 516 0.0478261617061767
12 548 0.00136014766824467
12 583 0.0160968906173932
12 586 0.00391026466813828
12 587 0.0686943830165748
12 651 0.0760128674652803
12 667 0.0342062210273997
12 740 0.0826137042368031
13 0 0.155553625432418
13 5 0.00848543991473798
13 11 0.1020060103367
13 19 0.0495522472931412
13 118 0.0378045525913023
13 156 0.0245726231028102
13 182 0.00324741162400062
13 185 0.212583721039426
13 199 0.0536520804139266
13 213 0.113890727956958
13 333 0.0572513254730141
13 373 0.0464671759362511
13 385 0.0968691213495391
13 408 0.0150338719405544
13 420 0.00168697925262352
13 428 0.212601758532177
13 467 0.0323535311293144
13 480 0.0145985492179963
13 505 0.0480964153869557
13 514 0.0470730251880074
13 573 0.0138887448298776
13 626 0.0701144372505741
13 644 0.0088483647254844
13 672 0.119305032930946
13 704 0.0657853082638202
14 1 0.00942395334340672
14 12 0.0329024770399123
14 16 0.485220705855612
14 18 0.0114223467537769
14 21 0.125211977941468
14 23 0.0841564041211303
14 25 0.0332553301586938
14 68 0.0463062139747954
14 95 0.0177531686366466
14 171 0.00655193516370392
14 272 0.0489507340000735
14 316 0.0355410856671656
14 335 0.0219423044150977
14 352 0.018879189558418
14 440 0.175077585577376
14 445 0.197454065373786
14 477 0.0339940161656348
14 493 0.0325651421593095
14 526 0.0438522695865698
14 540 0.214334701156525
14 578 0.21846506528966
14 585 0.057399601456444
14 703 0.11128312570496
15 8 0.187412230192622
15 12 0.116406799649617
15 16 0.213507028999853
15 24 0.127179614001449
15 25 0.0928106311661678
15 26 0.173334931838877
15 28 0.0194496566434685
15 40 0.0338963388244552
15 60 0.219253352170931
15 69 0.0164696944439271
15 75 0.102991661799484
15 149 0.0866806632853095
15 165 0.0867629087493833
15 206 0.100521813653552
15 308 0.122601012707026
15 372 0.0669910515063127
15 466 0.374815929045436
15 470 0.0690343719890298
15 484 0.189739400955699
15 490 0.0158141684777355
15 580 0.0979981701142406
15 615 0.0603892179888216
15 658 0.0509167114662707
16 5 0.00624809998186473
16 9 0.0481781329798528
16 14 0.485220705855612
16 15 0.213507028999853
16 21 0.0895207515136085
16 27 0.0956972124568765
16 30 0.0340526886483317
16 81 0.0620612970850206
16 171 0.0934105923747922
16 206 0.025120265071293
16 265 0.0436875561442688
16 274 0.0317946745258078
16 308 0.0969143060426364
16 335 0.0283514246049814
16 342 0.00629003262112058
16 356 0.0300377883014553
16 396 0.121198916511123
16 437 0.0235785605050343
16 478 0.153675056636509
16 501 0.025111227573979
16 560 0.205490862539564
16 562 0.0703682585494688
16 588 0.00790573443856038
16 619 0.00948152025920778
16 626 0.0133405222850492
16 657 0.0762884043420083
16 702 0.0434489475174768
16 710 0.0912609434810353
17 6 0.0902186473513402
17 10 0.0248752262796408
17 21 0.0266884207519565
17 23 0.000731474886259827
17 30 0.0623936761744226
17 139 0.0140253097995914
17 175 0.0953595162635834
17 192 0.013043074392134
17 222 0.0927223127332906
17 226 0.0408020253839549
17 244 0.0005932457756517
17 256 0.145316890979558
17 274 0.0831471709384458
17 300 0.0200081142366504
17 314 0.144708628345823
17 341 0.106704899793942
17 345 0.0296284365822347
17 357 0.057775256047168
17 446 0.0196213132300322
17 454 0.0510273874995315
17 506 0.0738167912264235
17 517 0.0473840849105968
17 545 0.23329117076331
17 592 0.125561243504938
17 596 0.0343518655397075
17 617 0.0228601997504789
17 628 0.101727105642489
18 4 0.0449947512193604
18 6 0.118097430559007
18 14 0.0114223467537769
18 20 0.119473581480744
18 25 0.0759038421903865
18 29 0.00636002257357116
18 30 0.126296845831431
18 34 0.0855731755957945
18 60 0.0146109561343658
18 75 0.0710824805062784
18 131 0.00587991836935326
18 138 0.0591151897524679
18 181 0.28416986449716
18 230 0.105203186489759
18 239 0.479648988957974
18 266 0.125835517332674
18 282 0.0598789640264504
18 290 0.0428390070197018
18 294 0.220816735817286
18 324 0.00832212072670233
18 362 0.103182195880965
18 373 0.0174245157733398
18 394 0.0715783381967366
18 482 0.0563945409195677
18 510 0.000347582308742261
18 543 0.114981780909036
18 571 0.00437890406861663
18 607 0.0687049618980635
18 709 0.0573249657202184
18 722 0.147451472353096
19 7 0.33106682202598
19 8 0.0350854395689329
19 13 0.0495522472931412
19 21 0.0882305345141624
19 22 0.193333142920726
19 23 0.0850607015659971
19 25 0.0924286889056491
19 27 0.129366022136946
19 30 0.460091818685622
19 79 0.404584764603589
19 99 0.0757497319543068
19 144 0.0759428531447124
19 161 0.1838333278166
19 182 0.0823891682822385
19 190 0.0687232005884628
19 208 0.0124644508935149
19 218 0.0417441017326642
19 221 0.0637458597213096
19 283 0.0720373556451522
19 371 0.161024078661498
19 373 0.126775081862994
19 428 0.00262269975802394
19 452 0.108129475793053
19 455 0.0396156487072165
19 513 0.286586440322335
19 579 0.136077424975157
19 659 0.0694866543520735
19 676 0.0431729247652376
19 694 0.127110989669442
20 11 0.0883252925150768
20 18 0.119473581480744
20 24 0.199649460427459
20 31 0.32234248001399
20 34 0.0328882685358952
20 50 0.0322819137327006
20 71 0.0729913107648692
20 134 0.0129892821013423
20 146 0.00455858133837595
20 148 0.0847161146746004
20 191 0.135145221755738
20 234 0.190556660556612
20 240 0.0217039675304665
20 250 0.119910630732345
20 252 0.205147334078985
20 326 0.0457433158839022
20 369 0.0576443510401273
20 415 0.0432048224168281
20 442 0.213490482369463
20 468 0.0276158297089029
20 481 0.0505734200552611
20 514 0.114699133195396
20 543 0.039146811008173
20 546 0.038786410569616
20 573 0.113110278293982
20 581 0.10073442519662
20 583 0.0454959126362224
20 620 0.0762258339892789
20 709 0.113466204022852
20 713 0.0546689257706376
20 720 0.268431375084285
21 10 0.212441381038517
21 11 0.145663516261352
21 12 0.176597759177488
21 14 0.125211977941468
21 16 0.0895207515136085
21 17 0.0266884207519565
21 19 0.0882305345141624
21 24 0.233352244423955
21 31 0.438042460274344
21 34 0.0272464462661352
21 37 0.0721444660047691
21 41 0.0984419463373119
21 96 0.136571955561377
21 115 0.00677985380572265
21 148 0.132707045984357
21 149 0.0413872238128141
21 160 0.0538354554205702
21 169 0.242692994429065
21 225 0.070682293649746
21 255 0.107205718124089
21 289 0.0509384445642066
21 293 0.20177598257559
21 323 0.134161602001006
21 326 0.0648354221578317
21 336 0.0112490211095408
21 353 0.0972423323151031
21 354 0.10349450598243
21 366 0.00866506193050685
21 388 0.0500709692701834
21 450 0.0547476760284859
21 587 0.0332714945121696
21 601 0.129005485703547
21 603 0.237507186667186
21 610 0.0235569623470627
21 668 0.0915471386808715
21 678 0.0549670548265358
21 680 0.164085856762759
21 695 0.0149829849639462
21 701 0.106939186343314
21 749 0.086464150258376
22 9 0.0487333791560343
22 19 0.193333142920726
22 36 0.0725564338548342
22 43 0.080191953732721
22 64 0.087445618334199
22 101 0.165155446063432
22 122 0.121249617673331
22 154 0.145925956468945
22 290 0.0170916889019768
22 291 0.0553826790084212
22 302 0.125073698819698
22 343 0.508552405576341
22 361 0.0695742894272637
22 416 0.107128507200743
22 423 0.0434296789384878
22 433 0.0239349263333552
22 460 0.0227255849713386
22 494 0.0536965438553914
22 552 0.0644922723771639
22 569 0.0662082559737695
22 595 0.0036798958861414
22 655 0.0260291479199218
22 668 0.27927494411237
22 675 0.0823962310527898
22 686 0.214158942301253
22 747 0.0418820950890978
23 14 0.0841564041211303
23 17 0.000731474886259827
23 19 0.0850607015659971
23 25 0.0131584478290576
23 26 0.0438146025682911
23 30 0.000276205576478716
23 31 0.0941665786401855
23 36 0.0384163716174692
23 89 0.0503290470681384
23 114 0.158381750384801
23 122 0.151382497446083
23 129 0.218159563738294
23 137 0.0140384256357792
23 204 0.0232912341282727
23 213 0.0325046390422771
23 335 0.0347027842395699
23 336 0.0444776772542772
23 466 0.0473716195352793
23 489 0.0574395622183601
23 506 0.154928550691682
23 527 0.124010006804571
23 640 0.0645847076373038
23 720 0.278201801376613
24 15 0.127179614001449
24 20 0.199649460427459
24 21 0.233352244423955
24 29 0.14078624961762
24 33 0.178835697730224
24 38 0.162922080287796
24 146 0.0387094624418312
24 148 0.0194169311987269
24 192 0.382393122146187
24 230 0.0486214084536246
24 231 0.129058241099851
24 241 0.0213583059108035
24 270 0.0499162487389695
24 283 0.0370499913587707
24 286 0.455247785435917
24 287 0.065526643505303
24 289 0.06198220478448
24 298 0.158870012902408
24 327 0.0850635314037231
24 337 0.132703617133428
24 367 0.0167498447232792
24 423 0.0197844719559507
24 438 0.239650991483875
24 440 0.0198892020327581
24 458 0.124776337652691
24 469 0.0225057646401997
24 494 0.0317297680457096
24 533 0.172698695048363
24 546 0.282685677214895
24 550 0.0659166121571854
24 556 0.18042761952641
24 575 0.0236001755724592
24 589 0.189941735240621
24 600 0.0751964792485445
24 615 0.150106476251526
24 662 0.0745235354477271
24 706 0.0934613640447339
24 707 0.0741139560853655
24 715 0.0801240732163294
25 14 0.0332553301586938
25 15 0.0928106311661678
25 18 0.0759038421903865
25 19 0.0924286889056491
25 23 0.0131584478290576
25 27 0.026286534439195
25 35 0.0608779636498951
25 162 0.252297224410185
25 163 0.0820072708573417
25 205 0.0127431621372443
25 221 0.000389084824682329
25 290 0.00988628051006118
25 403 0.0929152853290665
25 422 0.15640752501499
25 557 0.0728221405935926
25 668 0.102843920385639
25 689 0.0167543360449257
25 723 0.310616021563468
26 15 0.173334931838877
26 23 0.0438146025682911
26 38 0.213383387063929
26 40 0.178332542894761
26 93 0.207891475098768
26 95 0.195020169953842
26 121 0.220563001408387
26 149 0.136343553153902
26 186 0.0341951231437551
26 258 0.0650095909434003
26 259 0.154178124234785
26 321 0.124753685709689
26 345 0.0579212920327213
26 351 0.0500933889902115
26 410 0.311486219716571
26 470 0.161222681122794
26 474 0.179783800262407
26 498 0.027604165159701
26 561 0.042489121145538
26 565 0.0335179681364224
26 608 0.036997544997819
26 609 0.135225263418269
26 624 0.0197987750410747
26 659 0.504806905616917
26 691 0.027242880773787
26 693 0.0185199404522921
26 699 0.0181012021903396
27 16 0.0956972124568765
27 19 0.129366022136946
27 25 0.026286534439195
27 34 0.106304368651928
27 119 0.0533879235472958
27 125 0.0553397413188935
27 137 0.0313938014738977
27 141 0.285472103141975
27 157 0.649558154887587
27 194 0.0834014446435611
27 204 0.00253152856139044
27 255 0.0627191565965556
27 275 0.0191431542385081
27 303 0.0669900164344313
27 332 0.0668900258741075
27 334 0.0211181917180189
27 354 0.00590061086844498
27 378 0.151030812257365
27 403 0.0584769134726598
27 423 0.343628853635468
27 471 0.00392730693834676
27 478 0.151184502979016
27 566 0.0553046681996892
27 603 0.24012398042347
27 608 0.31001242565937
28 15 0.0194496566434685
28 30 0.121046214984088
28 35 0.0856816281826384
28 36 0.00495744507147556
28 38 0.182553595381355
28 39 0.0164550995874162
28 42 0.0849067989711147
28 116 0.0480851349220285
28 152 0.0678459267663198
28 156 0.104622935663567
28 201 0.0739695753527243
28 354 0.0192536350595982
28 380 0.113420824275757
28 420 0.0193897926603041
28 428 0.0118400222184047
28 477 0.00471217337150934
28 478 0.000987860977083541
28 528 0.0241141784865186
28 534 0.0388882344581939
28 557 0.0615319681903036
28 569 0.162204033592582
28 591 0.0158560061508379
28 650 0.116333885091512
28 688 0.0305057276882322
28 717 0.0564166245072463
29 18 0.00636002257357116
29 24 0.14078624961762
29 31 0.238282097401233
29 36 0.142625101099851
29 37 0.0948435917994693
29 38 0.119001320177346
29 39 0.00069762657622068
29 40 0.0424680230158115
29 54 0.0906788124434752
29 68 0.0376470370233186
29 111 0.0127491066142383
29 181 0.0116446349377793
29 191 0.0160105352488657
29 219 0.0289655625823166
29 350 0.0972800687997966
29 375 0.0603417648711938
29 435 0.0105081452185767
29 476 0.258640799571822
29 508 0.171388737763595
29 530 0.0733742388944217
29 570 0.0466982008925212
29 600 0.454157276517295
29 619 0.316031526836889
29 627 0.0277060580053371
29 661 0.0124599457729001
29 677 0.147985172563188
29 690 0.115101210394181
30 16 0.0340526886483317
30 17 0.0623936761744226
30 18 0.126296845831431
30 19 0.460091818685622
30 23 0.000276205576478716
30 28 0.121046214984088
30 33 0.0380598262620491
30 37 0.223161415506375
30 38 0.168548960487444
30 39 0.0273556725385386
30 40 0.157532460005426
30 43 0.0320721498667672
30 90 0.099650378912657
30 174 0.0111386330206197
30 189 0.0306720888740465
30 237 0.0173640857043222
30 256 0.0028629568134501
30 283 0.0228528453462881
30 368 0.0072001547041542
30 457 0.118865390865182
30 466 0.420084033693696
30 490 0.126921141314334
30 505 0.359021797809398
30 511 0.150173995658795
30 536 0.279274785371763
30 604 0.228002823236608
30 644 0.013134796675848
30 645 0.133599340939892
30 661 0.0109613348740082
30 700 0.147286472407669
30 730 0.160844070969496
31 20 0.32234248001399
31 21 0.438042460274344
31 23 0.0941665786401855
31 29 0.238282097401233
31 38 0.0753160389794245
31 40 0.149860235532312
31 42 0.0310930574627044
31 46 0.00588959482095376
31 53 0.243888323393685
31 87 0.213464938753965
31 117 0.119437573985264
31 251 0.0350783808939359
31 291 0.0339817951645585
31 301 0.183409486031562
31 325 0.20644861540029
31 528 0.222155994942184
31 567 0.2640576477795
31 570 0.170914781440894
31 576 0.0100330820529133
31 581 0.0612321653671542
31 582 0.292022935022126
31 598 0.0169776783194561
31 633 0.212522274578058
31 667 0.258577973087819
31 684 0.135403671531856
32 40 0.123942848344407
32 44 0.192180502839139
32 46 0.140092381951046
32 65 0.0988533707220298
32 71 0.00786532069557169
32 73 0.260284855726776
32 103 0.0286540856835403
32 134 0.111740989128372
32 152 0.133210089235847
32 163 0.326368374805957
32 177 0.0127092495061478
32 183 0.071503588448949
32 189 0.00522532940907158
32 225 0.000365636208138951
32 273 0.0536085074511246
32 310 0.0887455444005184
32 473 0.00696969048282057
32 475 0.0115789107148372
32 478 0.0133663631637904
32 519 0.0931267296910113
32 520 0.0344970463352141
32 525 0.305128285424325
32 686 0.015136382589507
32 742 0.0507402788412804
33 24 0.178835697730224
33 30 0.0380598262620491
33 43 0.0731987317455022
33 44 0.0403452158473792
33 45 0.0251373146634483
33 47 0.240901198703581
33 88 0.033931064118507
33 138 0.0744101466441119
33 157 0.0578677393949501
33 305 0.0604585407508396
33 329 0.152574597028577
33 343 0.0787133396682527
33 366 0.0484672553049913
33 368 0.0852239044389897
33 438 0.204765704194282
33 441 0.0090135121214547
33 468 0.380323493834576
33 475 0.0958132315602189
33 502 0.162503627356085
33 554 0.0680863697569507
33 565 0.161905928428815
33 624 0.0257225333187578
33 639 0.0145765580794942
33 647 0.0444144741508548
33 655 0.203358338473699
33 674 0.180851312327675
33 685 0.143118745222182
33 686 0.0106869160140718
33 723 0.12529938419499
34 3 0.0584535170007175
34 18 0.0855731755957945
34 20 0.0328882685358952
34 21 0.0272464462661352
34 27 0.106304368651928
34 37 0.00932350031405847
34 38 0.124169574214376
34 41 0.00599169854879825
34 43 0.101866218479414
34 45 0.0927463129829081
34 48 0.220320403001437
34 91 0.300916758836079
34 149 0.0627024046398817
34 316 0.0900917637893804
34 391 0.0876310439962261
34 422 0.0563615960795989
34 440 0.0381917655289848
34 456 0.0790303204460639
34 469 0.24305809635428
34 483 0.0400606831893167
34 490 0.0977020809824302
34 520 0.0649491320513107
34 549 0.0426065033976456
34 565 0.0142271368145622
34 568 0.0339865796597008
34 609 0.0225565057711781
34 615 0.0199871226080335
34 617 0.229809313194772
34 742 0.0074103066222071
35 12 0.010344897247347
35 25 0.0608779636498951
35 28 0.0856816281826384
35 37 0.0201925209961515
35 38 0.066530687345483
35 39 0.0816162528782461
35 40 0.0531409682832241
35 41 0.127177318187925
35 43 0.00588005680542977
35 44 0.296297235014014
35 45 0.0625408180019371
35 47 0.403805813894845
35 65 0.0107587861527659
35 77 0.281703414448367
35 119 0.0478066869276077
35 133 0.0497977388685366
35 153 0.212754725627312
35 154 0.107534763112356
35 360 0.0148978414700429
35 361 0.189928325508389
35 397 0.0439008208571397
35 430 0.0318278409739294
35 580 0.00373271543879762
35 612 0.0452287153640805
35 632 0.00587286316127504
35 646 0.0496929933683457
35 649 0.0450196743650323
35 665 0.0773939719584833
35 674 0.0759990272074396
35 675 0.0535425307548124
35 684 0.0270159339673697
35 708 0.0800667930175196
35 736 0.0656008154367591
35 746 0.0953704996588973
36 22 0.0725564338548342
36 23 0.0384163716174692
36 28 0.00495744507147556
36 29 0.142625101099851
36 37 0.00732117866214407
36 38 0.0456840449512609
36 43 0.0457562016506608
36 151 0.035813686322603
36 187 0.00602563422591284
36 251 0.163486876272111
36 264 0.0212120972661691
36 294 0.158254395184025
36 308 0.0135658212187916
36 395 0.00489474574136764
36 397 0.0187962338873683
36 398 0.151282515995017
36 458 0.0149786433202822
36 535 0.0556066532130597
36 559 0.116793466660209
36 716 0.163099584240791
36 733 0.030479738591507
37 21 0.0721444660047691
37 29 0.0948435917994693
37 30 0.223161415506375
37 34 0.00932350031405847
37 35 0.0201925209961515
37 36 0.00732117866214407
37 46 0.27651699460671
37 49 0.0455760337602019
37 51 0.138427954381634
37 88 0.0946035621645032
37 119 0.0281201578750945
37 242 0.398412608847805
37 247 0.0375960202758928
37 256 0.0135448873074316
37 325 0.173928987600448
37 330 0.0279078014714805
37 371 0.110038286625232
37 376 0.0177937228564599
37 399 0.0322935622047185
37 425 0.00882348397877493
37 462 0.00738605561446114
37 464 0.134965243644554
37 472 0.183279702816893
37 529 0.00211295232696855
37 581 0.182290053684694
37 597 0.135029310205958
37 601 0.0884777497051489
37 730 0.053487800506084
37 732 0.243603852047631
37 733 0.0572619088557166
38 24 0.162922080287796
38 26 0.213383387063929
38 28 0.182553595381355
38 29 0.119001320177346
38 30 0.168548960487444
38 31 0.0753160389794245
38 34 0.124169574214376
38 35 0.066530687345483
38 36 0.0456840449512609
38 43 0.151453050127891
38 46 0.0855185736960721
38 50 0.228872328194296
38 51 0.0477921541854636
38 115 0.113110888822899
38 266 0.00489762112387001
38 294 0.0397071239290616
38 350 0.226730327647487
38 396 0.0387687153259063
38 439 0.0276747579008077
38 512 0.0372087784216556
38 531 0.0480339300876734
38 548 0.160004138518708
38 573 0.150732842829615
38 618 0.0647271389406753
38 632 0.0813947366747418
38 660 0.0501746549815676
38 661 0.170919408953642
38 710 0.149166016689747
38 721 0.118422708611521
39 1 0.0076679590531904
39 28 0.0164550995874162
39 29 0.00069762657622068
39 30 0.0273556725385386
39 35 0.0816162528782461
39 40 0.23050216417136
39 41 0.0340187926565526
39 48 0.103009944584233
39 49 0.333250716419232
39 53 0.0229613669963588
39 213 0.234408765557466
39 259 0.196591600448685
39 274 0.29987713617281
39 328 0.175956704006813
39 349 0.11531377375804
39 358 0.0575951749349819
39 389 0.170864749704573
39 396 0.0322369564863918
39 417 0.0118621701791099
39 425 0.465227973918634
39 533 0.167118891223858
39 544 0.102572838920844
39 591 0.158659205740619
39 594 0.0657236761039166
39 684 0.0220699151274603
39 737 0.459888147456904
39 738 0.218653890185395
40 15 0.0338963388244552
40 26 0.178332542894761
40 29 0.0424680230158115
40 30 0.157532460005426
40 31 0.149860235532312
40 32 0.123942848344407
40 35 0.0531409682832241
40 39 0.23050216417136
40 46 0.140091822403284
40 47 0.136735628102634
40 49 0.100615787462709
40 50 0.00335562637435896
40 53 0.141015671369503
40 89 0.285758123945635
40 94 0.0307705032821111
40 95 8.4095121327704e-05
40 133 0.0256603469744548
40 139 0.0460769460180179
40 189 0.0342564132478662
40 207 0.0421058190358849
40 261 0.0820406186273856
40 299 0.247453907671073
40 302 0.0419829135722097
40 330 0.241962467589756
40 418 0.017998537488093
40 419 0.0481398465858862
40 451 0.0149320522872105
40 585 0.0359616114330067
40 660 0.0755042210176703
40 672 0.0155009186781486
41 21 0.0984419463373119
41 34 0.00599169854879825
41 35 0.127177318187925
41 39 0.0340187926565526
41 45 0.032668483090232
41 47 0.0598481701557893
41 48 0.0183766259861223
41 52 0.0592630211816792
41 53 0.0689236727362852
41 54 0.114779226718939
41 77 0.163788617492215
41 175 0.242643603813422
41 229 0.0870243584620895
41 277 0.0072566279394089
41 343 0.110066665356824
41 393 0.00392706825959774
41 413 0.00984555572905453
41 422 0.0527772492795565
41 477 0.0249761402901504
41 482 0.15905209156569
41 602 0.169158479914713
41 649 0.0461239445395353
41 694 0.087349950041082
41 716 0.123046298640993
42 28 0.0849067989711147
42 31 0.0310930574627044
42 46 0.0509036116085451
42 48 0.108080060216089
42 50 0.0310760756222939
42 52 0.0587921362316666
42 53 6.22810041475619e-05
42 161 0.160004717976542
42 195 0.0357425832940736
42 202 0.0156246074891493
42 225 0.0918455807288121
42 230 0.157876549252602
42 238 0.097383397204659
42 275 0.0420791212622473
42 285 0.0123846554777643
42 287 0.110909913380151
42 341 0.197443902335031
42 362 0.0493034525739375
42 406 0.0128410528750224
42 430 0.399566286757152
42 467 0.100645557654102
42 471 0.0218663215997939
42 474 0.050664414092199
42 508 0.0903346907415556
42 685 0.0871705386809381
42 702 0.164557643962239
42 705 0.156388220101687
42 711 0.0162582678056974
42 718 0.205478901622553
43 22 0.080191953732721
43 30 0.0320721498667672
43 33 0.0731987317455022
43 34 0.101866218479414
43 35 0.00588005680542977
43 36 0.0457562016506608
43 38 0.151453050127891
43 46 0.148957452348272
43 52 0.00933051482208836
43 57 0.0291821083569082
43 95 0.0397121720180582
43 140 0.000480113262235652
43 184 0.0113595101947026
43 279 0.159590441090349
43 308 0.667732354589266
43 409 0.078669544625552
43 465 0.237311272677159
43 466 0.07959135723923
43 476 0.0994935773118988
43 508 0.0303814930666728
43 604 0.159055864961439
43 609 0.149973754054683
43 629 0.219175678446156
43 639 0.0587737203479056
43 670 0.0579271066255364
43 706 0.0117781434847113
43 709 0.103496467438886
44 7 0.275806923691502
44 32 0.192180502839139
44 33 0.0403452158473792
44 35 0.296297235014014
44 47 0.0318948653889324
44 52 0.00952561444287458
44 53 0.0906448118013998
44 55 0.00231151920253447
44 56 0.0784293750310176
44 57 0.188228749093531
44 60 0.154118285922758
44 62 0.0307753006839798
44 85 0.188884656958763
44 110 0.0320025913693025
44 118 0.0456881217615748
44 142 0.038544668372281
44 151 0.038716717259779
44 191 0.128104066925371
44 218 0.121047613892042
44 226 0.00372948203200403
44 230 0.0357713784945213
44 239 0.0163125095910434
44 336 0.0878488356391082
44 354 0.0610870504873564
44 418 0.0155729230366686
44 470 0.028970628669663
44 598 0.0353149749721156
44 625 0.0533410056662871
44 631 0.158002961150061
44 687 0.0144373409795462
44 693 0.00251572100409343
44 721 0.0729362625466024
45 33 0.0251373146634483
45 34 0.0927463129829081
45 35 0.0625408180019371
45 41 0.032668483090232
45 50 0.187323564312932
45 51 0.109418303997284
45 54 0.0359104471135634
45 57 0.0312782401931666
45 58 0.00984727841581738
45 61 0.209074263357769
45 86 0.00105673417729074
45 124 0.0975696821420701
45 178 0.0157227133100443
45 234 0.00600195986970698
45 237 0.048775461836853
45 303 0.194415363988025
45 332 0.013158681604966
45 343 0.223566835653167
45 351 0.21740033160082
45 503 0.180993223513186
45 572 0.0641324944185283
45 598 0.0492456981212041
45 601 0.00970994458138161
45 634 0.074426914627002
45 710 0.14802607581316
45 717 0.0167225518861643
45 739 0.186227706250411
45 745 0.215602555285474
46 1 0.0896646873618638
46 31 0.00588959482095376
46 32 0.140092381951046
46 37 0.27651699460671
46 38 0.0855185736960721
46 40 0.140091822403284
46 42 0.0509036116085451
46 43 0.148957452348272
46 47 0.0450937628824845
46 51 0.103436440051029
46 53 0.185021019919027
46 58 0.0128907930633672
46 85 0.0080257730598711
46 87 0.0642039215109224
46 92 0.0232168957413353
46 141 0.111871655421047
46 203 0.00893754231759596
46 207 0.262831244435035
46 214 0.0689906046840259
46 286 0.0582382662056976
46 294 0.165377721245966
46 297 0.101776705451569
46 318 0.259083307757367
46 337 0.027347040815652
46 373 0.106659470531874
46 377 0.3044115939038
46 396 0.0988279883770007
46 399 0.407518760010356
46 420 0.104779981450428
46 492 0.0250109013185765
46 532 0.00536360919163131
46 538 0.0783171682636216
46 571 0.0115658374094944
46 577 0.0193695693136513
46 668 0.0913032109933921
46 680 0.0290782702843303
46 735 0.030168172093454
47 33 0.240901198703581
47 35 0.403805813894845
47 40 0.136735628102634
47 41 0.0598481701557893
47 44 0.0318948653889324
47 46 0.0450937628824845
47 60 0.00390719191391884
47 138 0.0470265954162055
47 155 0.00689294956233568
47 166 0.058490256172885
47 215 0.676559095408165
47 219 0.124888109836215
47 273 0.0818162123660917
47 324 0.197776046625733
47 342 0.033968298075491
47 375 0.170231587351815
47 385 0.0608935857404846
47 396 0.0282910867265327
47 397 0.18473583053714
47 412 0.05165253524823
47 519 0.101185575925454
47 600 0.0739748617111905
47 622 0.0435847805276161
47 641 0.00377299519757258
47 674 0.0180936415165454
47 683 0.0450149935532824
47 724 0.215725874975295
47 740 0.0221615396624109
48 34 0.220320403001437
48 39 0.103009944584233
48 41 0.0183766259861223
48 42 0.108080060216089
48 54 0.0637509225835091
48 56 0.109757260963743
48 60 0.183068935162084
48 76 0.0336389052005774
48 180 0.128959882194912
48 219 0.149712304726165
48 248 0.112468244951837
48 263 0.0301988658391869
48 291 0.0311950676582543
48 323 0.111550635279958
48 342 0.192320964116844
48 359 0.0104151236510253
48 381 0.0493429032920359
48 382 0.035629593576641
48 403 0.128631204700723
48 404 0.0279187722123218
48 407 0.0444598877209559
48 423 0.0995185549015135
48 450 0.0845403574212707
48 480 0.026753138772341
48 491 0.231065722074902
48 496 0.162193165741079
48 512 0.0796794596387097
48 549 0.226773344850839
48 601 0.0829625970612207
48 673 0.103575572488994
48 736 0.0366639423121744
49 11 0.218328205135851
49 37 0.0455760337602019
49 39 0.333250716419232
49 40 0.100615787462709
49 55 0.092549783517739
49 61 0.0997607623200301
49 63 0.000394700035187918
49 78 0.0170722850426824
49 127 0.150035817376229
49 193 0.291583258524091
49 244 0.0422306062451737
49 246 0.0919210973090753
49 287 0.0508112634934431
49 339 0.0209801504508246
49 344 0.331572448710822
49 349 0.0876802453676829
49 398 0.0948137484722829
49 448 0.010276559485932
49 467 0.013323437672709
49 612 0.00274768317776856
49 614 0.0687738039054372
49 627 0.185321622106395
49 667 0.0956415288732572
49 695 0.154577953085494
49 698 0.102532529614839
49 712 0.27230442011522
49 713 0.175455020769457
49 716 0.0705165794345365
50 20 0.0322819137327006
50 38 0.228872328194296
50 40 0.00335562637435896
50 42 0.0310760756222939
50 45 0.187323564312932
50 52 0.125669631323962
50 55 0.0354604678647253
50 64 0.0340078738787946
50 143 0.0078878662558867
50 162 0.0294028508732228
50 185 0.408429226223534
50 256 0.0639852918211177
50 259 0.174624795412256
50 279 0.0455647467928214
50 323 0.0934716489368371
50 371 0.0871140350529518
50 403 0.00199289815202506
50 452 0.0253531661730006
50 538 0.017502501976451
50 551 0.26976946326786
50 642 0.0124588618540905
50 674 0.0431320810773158
50 734 0.144683193789108
51 7 0.313413301954506
51 37 0.138427954381634
51 38 0.0477921541854636
51 45 0.109418303997284
51 46 0.103436440051029
51 52 0.0226176890231272
51 54 0.588593588287306
51 56 0.130016140888174
51 58 0.165096879655754
51 59 0.142705060060016
51 61 0.022483397806937
51 62 0.00696933494082193
51 65 0.0357202612273783
51 106 0.0285728530008256
51 158 0.0864693370889069
51 174 0.24151839926071
51 236 0.0407351062142822
51 239 0.0104136256904781
51 269 0.046198060947849
51 339 0.134898139219065
51 354 0.0237318756790594
51 379 0.310523346340142
51 449 0.0901836533762024
51 475 0.050370182073433
51 552 0.0980676244727353
51 572 0.0883346963774617
51 588 0.0922797811596408
51 592 0.189155017331569
51 637 0.302750687649842
51 660 0.0459152156214451
51 671 0.00591140773246024
51 676 0.0537346615795876
51 692 0.0150970616078184
52 8 0.0116524484841914
52 12 0.074728202636366
52 41 0.0592630211816792
52 42 0.0587921362316666
52 43 0.00933051482208836
52 44 0.00952561444287458
52 50 0.125669631323962
52 51 0.0226176890231272
52 53 0.153525500700439
52 54 0.0985142062247487
52 58 0.0448044745608906
52 63 0.0560215566854502
52 64 0.0410753995872297
52 66 0.019641273633882
52 125 0.0819398585610693
52 157 0.0636657478792922
52 197 0.00772846945930752
52 259 0.0472137152347696
52 262 0.162080800665536
52 266 0.00559544438508872
52 310 0.013906381186773
52 380 0.0537296706235447
52 400 0.0647818073454386
52 433 0.382416216843246
52 449 0.0615065701600931
52 450 0.320934981268143
52 507 0.0440756067157447
52 565 0.0748175168208173
52 628 0.217432154399996
52 726 0.101685603988751
52 731 0.0087342050926811
52 743 0.0298236919775942
53 31 0.243888323393685
53 39 0.0229613669963588
53 40 0.141015671369503
53 41 0.0689236727362852
53 42 6.22810041475619e-05
53 44 0.0906448118013998
53 46 0.185021019919027
53 52 0.153525500700439
53 62 0.336205497805774
53 66 0.0695145230929449
53 85 0.130807378747348
53 120 0.0122855362876666
53 139 0.125238455762439
53 208 0.125616368236961
53 211 0.232702351794933
53 244 0.071005265403052
53 257 0.0714512404654844
53 280 0.0733460835541044
53 328 0.152434419789665
53 384 0.0907920088250627
53 401 0.0985217503801538
53 446 0.0211670104771973
53 460 0.00435827980938709
53 471 0.0440445906662072
53 555 0.150701499258121
53 740 0.0172268846951323
54 29 0.0906788124434752
54 41 0.114779226718939
54 45 0.0359104471135634
54 48 0.0637509225835091
54 51 0.588593588287306
54 52 0.0985142062247487
54 57 0.189063870723721
54 62 0.0267436332363564
54 63 0.26571994485757
54 64 0.275174457181539
54 67 0.0194691078468082
54 98 0.316627730307114
54 145 0.00382549246872836
54 214 0.126621227082688
54 230 0.329722280153465
54 281 0.0325484786903955
54 338 0.06084255981619
54 388 0.0428518777339682
54 412 0.0736228914445641
54 414 0.159925300598248
54 415 0.161848435000386
54 447 0.00452193468152411
54 452 0.0662409582874376
54 455 0.190775987701113
54 522 0.0411842240713659
54 534 0.189617374017281
54 538 0.0831926145848385
54 608 0.0252056739532721
54 635 0.0478375690127425
54 649 0.110095268970588
