0 1 0.0815694625904071
0 2 0.0800922786546857
0 6 0.0495855697233542
0 7 0.194204960393535
0 13 0.0192458830130407
0 123 0.094655196467638
0 194 0.0459754075890664
0 325 0.215604014848517
0 367 0.0432886548287821
0 373 0.0611859896998575
0 384 0.00168591103187901
0 581 0.0281585948735591
0 610 0.0848176002105266
0 656 0.00620462825834051
0 677 0.0313403531913037
0 690 0.0504257588859044
0 733 0.00738421583665577
0 740 0.141480596383108
0 785 0.040461278549113
0 789 0.0101973564530919
0 870 0.0294772689142577
0 886 0.135279339194333
0 889 0.233211870323402
0 985 0.140739671545342
0 986 0.0670266180004928
0 987 0.370824144617349
0 989 0.162659679956848
0 995 0.0983714627453612
0 996 0.0883058954915866
0 997 0.0082056332760286
0 999 0.0203194302838212
1 0 0.0815694625904071
1 8 0.132159957703368
1 10 0.0360055807756917
1 11 0.0834965054332558
1 17 0.0182077143844199
1 100 0.0674829830062681
1 221 0.067672095392424
1 233 0.109733903314621
1 308 0.237877260589109
1 316 0.126505930761151
1 344 0.0863669937197646
1 389 0.375320485771503
1 425 0.0400411413811904
1 426 0.0624384709361668
1 447 0.19557227718788
1 499 0.0123877585662943
1 511 0.225453048241381
1 536 0.0495583074677401
1 546 0.0121319615149859
1 568 0.118617937319263
1 842 0.0250620835352157
1 986 0.00797667184160893
1 988 0.198582649735776
1 989 0.000477300946022484
1 990 0.00540986461309018
1 991 0.0464899606370855
1 995 0.0964358453086519
1 997 0.0883097542610334
1 998 0.00830988163717557
2 0 0.0800922786546857
2 3 0.140744504529492
2 7 0.0732146281896562
2 13 0.159159493449352
2 15 0.059102020419698
2 16 0.104944092860024
2 18 0.00964266542035246
2 462 0.0376492174944639
2 583 0.0319510527911529
2 630 0.104083974942808
2 767 0.03301068966207
2 796 0.0510701886575182
2 892 0.0791300039706671
2 913 0.036910709234872
2 975 0.0930878617474909
2 986 0.0651242224472021
2 987 0.0658433637693575
2 990 0.0158544129276359
2 991 0.0822407321919335
2 992 0.17208387330554
2 993 0.00995315376769457
2 995 0.00186203983337006
2 997 0.0906727619628588
2 998 0.188659747108849
2 999 0.121823592478474
3 2 0.140744504529492
3 4 0.0689608462763913
3 5 0.254485370415675
3 6 0.0564766341756644
3 7 0.012435033719471
3 8 0.0172520431054206
3 9 0.0988654366267637
3 11 0.0143560235588849
3 12 0.020520332076353
3 14 0.360934905282898
3 15 0.219659536479068
3 16 0.250304047224401
3 17 0.068384052452288
3 18 0.10025258298013
3 19 0.0266092984737178
3 84 0.0248161686475729
3 218 0.0979345537521092
3 308 0.0259160200262415
3 375 0.0531253725886087
3 379 0.258570593291117
3 444 0.00726574870066797
3 533 0.177661770873299
3 539 0.0236716877803027
3 643 0.27495246226982
3 687 0.0444186085234224
3 712 0.213965523329729
3 803 0.13516597379548
3 950 0.151053702145693
3 987 0.159155713591177
3 988 0.0026953752756973
3 993 0.121004067213907
3 994 0.200010954886858
3 995 0.100834860655282
3 999 0.0562384703050718
4 3 0.0689608462763913
4 6 0.0103591774251295
4 8 0.0371780953008248
4 11 0.226051749794977
4 12 0.0409409442293888
4 14 0.0208512876147206
4 17 0.0746599159597647
4 18 0.262516277081466
4 19 0.12636322892506
4 20 0.0989507478411149
4 72 0.00799661937377344
4 150 0.330143213964621
4 169 6.78114505592121e-05
4 270 0.249082595245828
4 285 0.0914255895412116
4 315 0.14636601435581
4 333 0.129163503144789
4 343 0.140808414234524
4 533 0.00484080071517749
4 576 0.2353271636965
4 593 0.00206698904748052
4 607 0.123397775038995
4 742 0.151203994005964
4 793 0.335901678755532
4 852 0.00025700836555771
4 948 0.00360471671850996
4 982 0.0548889237045782
4 988 0.104010937534446
4 989 0.0610871412112184
4 994 0.23586409181766
4 996 0.0451780697825212
4 999 0.123857052944555
5 3 0.254485370415675
5 6 0.0147450310708599
5 7 0.0881715375370408
5 8 0.204632289435545
5 11 0.0387339097837026
5 12 0.0398803128151462
5 13 0.18904741750396
5 16 0.137266309025628
5 17 0.12993138543182
5 18 0.0523617193561992
5 19 0.0180584749281504
5 21 0.0316883652342225
5 212 0.0143667158100993
5 347 0.103690244166329
5 575 0.205081854939151
5 605 0.0207554986746296
5 710 0.0154352300038399
5 713 0.139668946414078
5 847 0.00224402998451681
5 868 0.0377786327727356
5 898 0.010188692716812
5 992 0.0878582792280009
5 994 0.127024748506832
5 995 0.141889906143692
5 996 0.135597771458472
6 0 0.0495855697233542
6 3 0.0564766341756644
6 4 0.0103591774251295
6 5 0.0147450310708599
6 7 0.02152595038925
6 10 0.257940273757168
6 12 0.0443594244641526
6 16 0.0234600138545741
6 17 0.155660361868388
6 18 0.0282585625286157
6 19 0.132270050415359
6 21 0.331639900310788
6 33 0.021713439236881
6 59 0.105879950252384
6 153 0.0882642806418607
6 254 0.0455909541196686
6 385 0.0639989656831899
6 403 0.00643702895106127
6 466 0.0158056323031291
6 530 0.0963236032906262
6 563 0.0357530075571482
6 574 0.0561031937826077
6 575 0.172090791960538
6 624 0.055888160595387
6 648 0.0297197251797739
6 815 0.128857744391224
6 845 0.0685264676183374
6 873 0.180442450853308
6 898 0.0281102565196808
6 948 0.0385010750570557
6 990 0.0124606372072516
6 991 0.0677643542302126
6 994 0.0572060005768806
6 997 0.183243724071564
6 999 0.0212351956060926
7 0 0.194204960393535
7 2 0.0732146281896562
7 3 0.012435033719471
7 5 0.0881715375370408
7 6 0.02152595038925
7 12 0.013755086954204
7 14 0.0581866866222241
7 17 0.0318905732911996
7 18 0.0225322514555616
7 20 0.117961645011881
7 22 0.129304490974101
7 23 0.22673647216678
7 34 0.0152013050636326
7 47 0.207795260282548
7 134 0.0123183909073794
7 166 0.0832880488757771
7 224 0.138353317449694
7 236 0.0454788613127941
7 304 0.0642527410154633
7 342 0.0497916048013333
7 521 0.310974773498001
7 565 0.0621326945931928
7 602 0.085837356910423
7 616 0.0133351252004803
7 736 0.0833423062210503
7 792 0.0744166874601906
7 847 0.109149170723643
7 878 0.036833551797407
7 929 0.191429764929637
7 943 0.213690517271626
7 984 0.0369133600689805
7 991 0.0903950003773964
7 992 0.267063614717572
7 994 0.0142095891981646
7 999 0.156115542273219
8 1 0.132159957703368
8 3 0.0172520431054206
8 4 0.0371780953008248
8 5 0.204632289435545
8 9 0.0164050200664774
8 11 0.00583296784579414
8 13 0.00618790847282069
8 15 0.202027337397156
8 16 0.0571143212432006
8 17 0.120700960185637
8 19 0.148566143809859
8 24 0.0107611021952888
8 59 0.0240943333744137
8 187 0.00753013364105027
8 204 0.0189680819845327
8 277 0.0495852655753771
8 443 0.0518503343480479
8 548 0.0724666801288818
8 662 0.226705862917035
8 697 0.169164312341194
8 707 0.018168805928266
8 714 0.00153562097333332
8 762 0.0906769015099318
8 864 0.00246773660197028
8 903 0.0582484538783575
8 917 0.110455521274844
8 980 0.0582971820375736
8 993 0.0878575772230953
8 994 0.00190145788382966
8 995 0.0231129002444986
8 996 0.112059926679833
8 997 0.116426198117531
8 999 0.0667293097354824
9 3 0.0988654366267637
9 8 0.0164050200664774
9 10 0.0496195078112459
9 11 0.0642412173916279
9 14 0.03468752172455
9 15 0.114732347710488
9 16 0.144546277116004
9 18 0.06549009077003
9 20 0.0085505883552808
9 23 0.0920743986465361
9 25 0.0188243499742994
9 35 0.0402092748632609
9 113 0.0893750609447004
9 123 0.153923141910372
9 229 0.0794657933109241
9 232 0.0531839173194454
9 287 0.0105813874611688
9 344 0.273036099050448
9 392 0.324489519818716
9 446 0.0888514424875422
9 496 0.279445318162439
9 683 0.0186074974401371
9 734 0.0760077073543601
9 882 0.104922602030411
9 993 0.220653349595434
9 994 0.126417104776463
9 995 0.431061964406672
9 996 0.0303584406818656
9 997 0.111611926642095
9 998 0.32488747023595
9 999 0.0227118605660161
10 1 0.0360055807756917
10 6 0.257940273757168
10 9 0.0496195078112459
10 11 0.0372625883180185
10 16 0.0411118364908327
10 17 0.523828409918224
10 19 0.0881736479626269
10 20 0.0715169397641584
10 119 0.0320323311042787
10 150 0.0517850236348806
10 170 0.0922648964579578
10 250 0.130942504203262
10 323 0.189190698313109
10 413 0.0426327484962442
10 424 0.0323329318253792
10 450 0.0734429758979029
10 456 0.243440722700564
10 538 0.0971199581887511
10 634 0.0212292391359193
10 657 0.0262286079827039
10 801 0.00292480365240968
10 957 0.0839559043346422
10 995 0.0318263525543643
10 996 0.0418763267740569
10 998 0.130858120068712
10 999 0.142903152884115
11 1 0.0834965054332558
11 3 0.0143560235588849
11 4 0.226051749794977
11 5 0.0387339097837026
11 8 0.00583296784579414
11 9 0.0642412173916279
11 10 0.0372625883180185
11 12 0.0359014547669056
11 13 0.0592470469097309
11 17 0.0154763452526022
11 18 0.194196833522613
11 21 0.12286978168478
11 22 0.0591663106482077
11 23 0.030446657478868
11 24 0.00978851757525105
11 26 0.0133694228272649
11 35 0.0343859073305596
11 89 0.00619953027275478
11 92 0.00720544445636268
11 160 0.0829751183354139
11 170 0.0107740984852683
11 176 0.514932170741724
11 188 0.133021562376378
11 198 0.00280427209607321
11 241 0.0177474815405254
11 438 0.0490908222116173
11 582 0.0112086778564536
11 658 0.167946815496324
11 674 0.0965877334828651
11 739 0.0468140834381067
11 767 0.0331448851217485
11 815 0.069248400851217
11 849 0.156457544573606
11 881 0.157717982495256
11 884 0.0483745378538971
11 999 0.218730860422503
12 3 0.020520332076353
12 4 0.0409409442293888
12 5 0.0398803128151462
12 6 0.0443594244641526
12 7 0.013755086954204
12 11 0.0359014547669056
12 16 0.203367369396707
12 17 7.12643868974233e-05
12 18 0.0174832783446712
12 19 0.294844460251488
12 24 0.147563038072362
12 26 0.0661818126258538
12 27 0.027479158314132
12 302 0.0239306868975304
12 332 0.022534712887424
12 402 0.0453418054584011
12 433 0.239013593668122
12 462 0.0352832482591424
12 533 0.0478392984049167
12 628 0.308794957232675
12 664 0.821402691071853
12 748 0.219647484399022
12 755 0.0782690535671591
12 888 0.0245686264837871
12 996 0.00195272935359527
12 998 0.00142768536389432
12 999 0.00360664945715127
13 0 0.0192458830130407
13 2 0.159159493449352
13 5 0.18904741750396
13 8 0.00618790847282069
13 11 0.0592470469097309
13 14 0.395641263077515
13 17 0.0242201091809715
13 18 0.0543753686255683
13 20 0.152487119280801
13 22 0.02136901238098
13 23 0.0576758070187906
13 25 0.107399142131735
13 145 0.0290740647479966
13 163 0.00925320264928455
13 172 0.0717171456646631
13 218 0.0286632831251461
13 228 0.0124273841435986
13 351 0.114191110865957
13 410 0.229660590462605
13 447 0.0336480700845513
13 471 0.105246822743858
13 473 0.293000652789337
13 480 0.060166885686657
13 502 0.0498452488873622
13 633 0.0251920734353587
13 676 0.0554871587366099
13 703 0.0714932924938991
13 941 0.120789192703509
13 997 0.0280210426964506
13 998 0.0915785980897041
13 999 0.0140008385991488
14 3 0.360934905282898
14 4 0.0208512876147206
14 7 0.0581866866222241
14 9 0.03468752172455
14 13 0.395641263077515
14 16 0.146692624388245
14 17 0.0448906945292764
14 19 0.0524419813830423
14 21 0.0493076982907885
14 24 0.0272385930005862
14 25 0.0160449094025927
14 26 0.0181333287332509
14 29 0.0388979224928469
14 30 0.0648251089010055
14 130 0.0226822681051721
14 149 0.073891777229985
14 221 0.012782506443262
14 266 0.0628761054041939
14 315 0.575653851635603
14 392 0.218214238963155
14 505 0.0148578310388196
14 547 0.00649164718786278
14 560 0.0214216389788638
14 576 0.0759120414972613
14 751 0.0289156391416212
14 790 0.0287005093522267
14 812 0.0344458522220671
14 959 0.054329276934697
14 999 0.0230037330952118
15 2 0.059102020419698
15 3 0.219659536479068
15 8 0.202027337397156
15 9 0.114732347710488
15 16 0.0582343455955382
15 18 0.0881732828642905
15 20 0.172420166416408
15 23 0.0522678669881546
15 24 0.226833618672443
15 27 0.00180884081114672
15 29 0.0604541996761995
15 30 0.00828921278153236
15 82 0.0325240705031233
15 202 0.0832278141824639
15 276 0.0621417017623204
15 407 0.0129068795753579
15 423 0.0350358099904768
15 528 0.273563678877593
15 586 0.053614650813435
15 619 0.396099780561533
15 868 0.241361932914109
15 923 0.0217307833604598
16 2 0.104944092860024
16 3 0.250304047224401
16 5 0.137266309025628
16 6 0.0234600138545741
16 8 0.0571143212432006
16 9 0.144546277116004
16 10 0.0411118364908327
16 12 0.203367369396707
16 14 0.146692624388245
16 15 0.0582343455955382
16 17 0.0361513202041155
16 21 0.0622119019663575
16 22 0.00437039357434198
16 25 0.00849750873270299
16 27 0.198531070920149
16 28 0.00548744010443428
16 60 0.0705184662505074
16 61 0.0408113850593911
16 134 0.128009467020487
16 221 0.156558797418849
16 226 0.18821557441042
16 255 0.131736492668159
16 416 0.0501315076262756
16 477 0.00802852620824955
16 488 0.00687603650000437
16 543 0.0402131934861522
16 779 0.0957097318918292
16 799 0.0644119200109998
16 815 0.0489475317121272
16 824 0.0611387306086727
16 871 0.0852139099191486
16 880 0.00079978523108844
16 914 0.0327570242292765
16 930 0.112635012045697
17 1 0.0182077143844199
17 3 0.068384052452288
17 4 0.0746599159597647
17 5 0.12993138543182
17 6 0.155660361868388
17 7 0.0318905732911996
17 8 0.120700960185637
17 10 0.523828409918224
17 11 0.0154763452526022
17 12 7.12643868974233e-05
17 13 0.0242201091809715
17 14 0.0448906945292764
17 16 0.0361513202041155
17 19 0.101075844674793
17 21 0.0976602522180749
17 22 0.164813640198293
17 25 0.142641416973867
17 26 0.0107665373775273
17 27 0.220162524009988
17 30 0.0268896608150817
17 32 0.134835357354104
17 33 0.310523177661934
17 75 0.0744246667225671
17 210 0.0180374904817902
17 218 0.0735419634556831
17 277 0.0470370390977746
17 402 0.0333935447922208
17 430 0.171564932824605
17 580 0.0914686774930961
17 628 0.368982150064189
17 647 0.261590904426078
17 761 0.122576034375998
17 782 0.0275474949811617
17 864 0.278373615416081
17 886 0.00816253449130911
17 941 0.0452518718308128
17 970 0.149553294516753
18 2 0.00964266542035246
18 3 0.10025258298013
18 4 0.262516277081466
18 5 0.0523617193561992
18 6 0.0282585625286157
18 7 0.0225322514555616
18 9 0.06549009077003
18 11 0.194196833522613
18 12 0.0174832783446712
18 13 0.0543753686255683
18 15 0.0881732828642905
18 19 0.0729077410078448
18 20 0.0710290202444203
18 23 0.0255965364270149
18 25 0.0448816360207077
18 27 0.0653475862262304
18 29 0.0526981525662758
18 31 0.116960593301895
18 32 0.165237756296608
18 71 0.242142950992808
18 132 0.00668939144983768
18 275 0.152460771637556
18 293 0.0355665726462311
18 315 0.0930674142630034
18 351 0.0341205779396748
18 469 0.00304011729456872
18 494 0.00572616349348388
18 509 0.036085146430989
18 517 0.0471961314139376
18 670 0.0529633369370617
18 673 0.00648243095264144
18 708 0.0345554053863566
18 728 0.134862755303305
18 754 0.0448983817941708
18 788 0.121360120759259
18 925 0.413836210918392
18 987 0.0140117993475147
19 3 0.0266092984737178
19 4 0.12636322892506
19 5 0.0180584749281504
19 6 0.132270050415359
19 8 0.148566143809859
19 10 0.0881736479626269
19 12 0.294844460251488
19 14 0.0524419813830423
19 17 0.101075844674793
19 18 0.0729077410078448
19 20 0.107972065966343
19 22 0.0558436727700594
19 23 0.0779224885497378
19 25 0.00875611198914437
19 26 0.0210123241178068
19 28 0.126611922852076
19 31 0.026787101357757
19 32 0.0203441031254181
19 33 0.0222037645259404
19 34 0.170905090553205
19 54 0.025136165739578
19 360 0.148063894565855
19 372 0.190956011805817
19 473 0.119575016909641
19 617 0.00276318740778562
19 842 0.146096049118384
20 4 0.0989507478411149
20 7 0.117961645011881
20 9 0.0085505883552808
20 10 0.0715169397641584
20 13 0.152487119280801
20 15 0.172420166416408
20 18 0.0710290202444203
20 19 0.107972065966343
20 22 0.0790356480122704
20 25 0.140506404873744
20 28 0.0699130853310464
20 30 0.00272189919642077
20 31 0.0373904777027001
20 36 0.0321215437946351
20 49 0.014925254485669
20 75 0.0704792904982413
20 146 0.0543913287448034
20 170 0.19224783232896
20 242 0.100856974598267
20 308 0.080931674365416
20 421 0.055105170204275
20 427 0.00520480773922025
20 436 0.0608124413340504
20 522 0.282757088194827
20 556 0.0318494275810675
20 601 0.0512911359016279
20 725 0.00353698528174807
20 731 0.0719635604884748
20 815 0.0333308227683686
20 827 0.00379650921894818
20 876 0.0208189369241189
21 5 0.0316883652342225
21 6 0.331639900310788
21 11 0.12286978168478
21 14 0.0493076982907885
21 16 0.0622119019663575
21 17 0.0976602522180749
21 22 0.197273425708512
21 23 0.0334496938881108
21 25 0.142527833804701
21 26 0.0947397081754245
21 28 0.0210779029125081
21 29 0.0975819661343852
21 30 0.0713633818766141
21 32 0.431605014168887
21 36 0.089321477263378
21 37 0.0972856555523559
21 57 0.0199327343742215
21 129 0.180382834888304
21 156 0.136771449019457
21 177 0.200044790585741
21 212 0.0368332677554486
21 251 0.091469007041559
21 298 0.0758171372495655
21 315 0.0125324567145025
21 521 0.0940653837620077
21 522 0.0404721002490239
21 549 0.306712288533487
21 720 0.162996954583809
21 737 0.139511431904978
21 913 0.0138876769264327
22 7 0.129304490974101
22 11 0.0591663106482077
22 13 0.02136901238098
22 16 0.00437039357434198
22 17 0.164813640198293
22 19 0.0558436727700594
22 20 0.0790356480122704
22 21 0.197273425708512
22 27 0.0410459303724364
22 29 0.152172387845141
22 33 0.0926444274651251
22 81 0.0203926185963193
22 291 0.222263815957385
22 360 0.0360705875958864
22 446 0.0115598429451356
22 487 0.0198329134922849
22 491 0.243640916531549
22 508 0.139296871967036
22 714 0.00435322116303071
22 778 0.135084131342564
22 798 0.00954054005927046
22 911 0.0276678367036216
22 982 0.00679613884495873
23 7 0.22673647216678
23 9 0.0920743986465361
23 11 0.030446657478868
23 13 0.0576758070187906
23 15 0.0522678669881546
23 18 0.0255965364270149
23 19 0.0779224885497378
23 21 0.0334496938881108
23 24 0.0288720199444805
23 25 0.0188026634833272
23 26 0.0436045326494403
23 29 0.134294944227069
23 30 0.0373760638276996
23 34 0.08930435629496
23 35 0.0920881342895681
23 37 0.141815913247994
23 38 0.0618435143662629
23 39 0.085189950992804
23 91 0.0530082991127225
23 114 0.0242892036125502
23 213 0.0700885146026414
23 298 0.0130830265163011
23 334 0.0146063365983432
23 335 0.00928879797678423
23 379 0.251037499365543
23 395 0.0166020945269991
23 407 0.0386613433263797
23 408 0.189084283441206
23 423 0.025462341208525
23 470 0.473072996345943
23 729 0.0761441207773168
23 791 0.0778787407065638
23 847 0.132120415019246
24 8 0.0107611021952888
24 11 0.00978851757525105
24 12 0.147563038072362
24 14 0.0272385930005862
24 15 0.226833618672443
24 23 0.0288720199444805
24 27 0.0527617318943645
24 28 0.0423144203157175
24 29 0.00489673270649339
24 31 0.524686366751737
24 40 0.2443581395523
24 69 0.0226948739305756
24 93 0.00189056964332257
24 148 0.228164784687762
24 158 0.00721343041947558
24 163 0.0281007191808375
24 212 0.0971184176491101
24 497 0.0532283707853115
24 530 0.117494811427319
24 548 0.00528519737692356
24 727 0.0518925622812531
24 753 0.00335797123631333
24 857 0.0785081821703733
24 859 0.0231971257736407
24 877 0.101255580727128
24 944 0.205826157565878
25 9 0.0188243499742994
25 13 0.107399142131735
25 14 0.0160449094025927
25 16 0.00849750873270299
25 17 0.142641416973867
25 18 0.0448816360207077
25 19 0.00875611198914437
25 20 0.140506404873744
25 21 0.142527833804701
25 23 0.0188026634833272
25 27 0.0167687877010517
25 28 0.0579005004425655
25 30 0.161454093927281
25 32 0.117590145982299
25 33 0.0186697750341145
25 36 0.359700825921413
25 40 0.201943199953888
25 173 0.109034187443968
25 192 0.140247957284298
25 293 0.0420250073012912
25 309 0.110127400672368
25 354 0.313889884848447
25 377 0.0366742172604899
25 443 0.0228226039093489
25 464 0.209768939140927
25 499 0.130314830328007
25 544 0.199879224551013
25 556 0.00473170159435433
25 623 0.0292420132513074
25 677 0.0173209456568844
25 697 0.023918106762511
25 700 0.0494887061920886
25 901 0.0113095039626428
25 929 0.0329376161209335
25 945 0.0960147252409309
25 950 0.216822451405897
25 955 0.0135490579763646
26 11 0.0133694228272649
26 12 0.0661818126258538
26 14 0.0181333287332509
26 17 0.0107665373775273
26 19 0.0210123241178068
26 21 0.0947397081754245
26 23 0.0436045326494403
26 27 0.156771740958987
26 28 0.0516805303949339
26 32 0.0977655227122646
26 33 0.0130868850261823
26 34 0.102846809219926
26 35 0.222318341724242
26 36 0.0307815600397084
26 37 0.0614854183727931
26 38 0.0352047983524065
26 44 0.206257342658137
26 122 0.31079866251579
26 125 0.174604889895531
26 277 0.0182321682246976
26 415 0.119744257018638
26 420 0.0538626930769038
26 453 0.0614006170145819
26 487 0.0208084707509891
26 603 0.0527987252682273
26 633 0.115935505978066
26 677 0.131043927474423
26 683 0.133504573882157
26 783 0.340987411737241
26 816 0.152727511389219
26 854 0.180132682442107
27 12 0.027479158314132
27 15 0.00180884081114672
27 16 0.198531070920149
27 17 0.220162524009988
27 18 0.0653475862262304
27 22 0.0410459303724364
27 24 0.0527617318943645
27 25 0.0167687877010517
27 26 0.156771740958987
27 29 0.0246415339469148
27 30 0.316127224636435
27 32 0.0359451848821751
27 33 0.00280994786034313
27 37 0.0764866443179033
27 38 0.0113920513290476
27 39 0.0662189910115749
27 49 0.163300746638969
27 55 0.0522918204357155
27 73 0.0355879994635925
27 277 0.144186504830213
27 283 0.0713072078256294
27 332 0.128432029771033
27 440 0.0301168568621516
27 616 0.145752667526494
27 742 0.0814126276377001
27 814 0.0640424001948754
27 845 0.092587013298029
27 852 0.119591125264775
27 871 0.0390665115097016
27 901 0.0715278403475834
27 909 0.0122254114734672
27 961 0.180611759813069
27 962 0.0916986480521051
27 992 0.0444670622016342
28 16 0.00548744010443428
28 19 0.126611922852076
28 20 0.0699130853310464
28 21 0.0210779029125081
28 24 0.0423144203157175
28 25 0.0579005004425655
28 26 0.0516805303949339
28 30 0.0672461735397998
28 31 0.0996398994034817
28 32 0.0492278545399319
28 33 0.185828744761527
28 34 0.0455987830057307
28 35 0.112727173085618
28 36 0.0818272540851734
28 38 0.116334907051271
28 40 0.0586242061308013
28 41 0.082319035285764
28 127 0.0177609044996579
28 152 0.0970204362730554
28 158 0.245784243747862
28 226 0.0973597292886044
28 349 0.166912512093342
28 391 0.140067916980825
28 409 0.00853002984209977
28 443 0.0906921159842246
28 584 0.165027292874311
28 598 0.0236805357180617
28 639 0.0382462383355578
28 761 0.0700886681099157
28 857 0.12070192025796
28 859 0.0571382500847849
29 14 0.0388979224928469
29 15 0.0604541996761995
29 18 0.0526981525662758
29 21 0.0975819661343852
29 22 0.152172387845141
29 23 0.134294944227069
29 24 0.00489673270649339
29 27 0.0246415339469148
29 37 0.0676078524884171
29 38 0.243538586209623
29 40 0.259626890103591
29 41 0.0383642156616795
29 43 0.00771650459677778
29 44 0.00793673965986414
29 261 0.33026988029639
29 302 0.0234309113914482
29 315 0.169077515496276
29 524 0.0510741270758834
29 526 0.0864382018428112
29 578 0.0735875809695975
29 582 0.113746135764842
29 708 0.00962482301430973
29 709 0.0321273156852112
29 717 0.00718063161106036
29 723 0.0237336841042083
29 736 0.256705757736804
29 837 0.00564300445439623
29 917 0.185877554259471
29 926 0.117036276956641
29 929 0.0549794817504208
29 974 0.0359739173654771
30 14 0.0648251089010055
30 15 0.00828921278153236
30 17 0.0268896608150817
30 20 0.00272189919642077
30 21 0.0713633818766141
30 23 0.0373760638276996
30 25 0.161454093927281
30 27 0.316127224636435
30 28 0.0672461735397998
30 32 0.00909536435881249
30 35 0.188662762675924
30 42 0.00561335718467595
30 44 0.0138721756583425
30 46 0.0951674031559969
30 57 0.34892711278058
30 87 0.14100262686763
30 102 0.0858432570509601
30 119 0.0778408089508583
30 211 0.286635545764735
30 234 0.168194387747397
30 239 0.0202933423684791
30 253 0.0350281558117771
30 413 0.0154528389045538
30 608 0.0983594600577598
30 634 0.0398399832245683
30 652 0.103015576587134
30 687 0.00462040083495534
30 707 0.0415851060770817
30 739 0.00366422860306682
30 758 0.0133881795537494
30 768 0.0363034905720489
30 810 0.0075349032391091
30 869 0.0147231621184842
31 18 0.116960593301895
31 19 0.026787101357757
31 20 0.0373904777027001
31 24 0.524686366751737
31 28 0.0996398994034817
31 32 0.167848954173166
31 33 0.000954436749469815
31 35 0.0633846810477232
31 36 0.0231310980561111
31 39 0.0236635567767031
31 42 0.0638563862028581
31 45 0.021076733417699
31 47 0.016804811899088
31 133 0.0125688916469116
31 253 0.0136162928955255
31 269 0.0332641205220174
31 343 0.0722225749138078
31 420 0.0525470141254182
31 461 0.167481910436741
31 527 0.482389325860746
31 720 0.218158605525781
31 815 0.0128769085644346
31 847 0.119798207270406
31 875 0.355191439379489
31 914 0.0788662859148204
32 17 0.134835357354104
32 18 0.165237756296608
32 19 0.0203441031254181
32 21 0.431605014168887
32 25 0.117590145982299
32 26 0.0977655227122646
32 27 0.0359451848821751
32 28 0.0492278545399319
32 30 0.00909536435881249
32 31 0.167848954173166
32 35 0.00528729678850583
32 39 0.0451577857468173
32 41 0.00647036814028278
32 42 0.0327683002194936
32 43 0.0124350890797474
32 44 0.247131447230869
32 45 0.0140207742200989
32 46 0.0923548400950281
32 122 0.0796213842473504
32 297 0.0120793548987612
32 319 0.049165681161434
32 321 0.0034476752211071
32 328 0.0443959626961384
32 337 0.0377471125114034
32 378 0.0718565908166883
32 514 0.00268867048461109
32 566 0.045664268295462
32 609 0.0883496510396665
32 692 0.0142014057114116
32 965 0.00451052697150441
33 6 0.021713439236881
33 17 0.310523177661934
33 19 0.0222037645259404
33 22 0.0926444274651251
33 25 0.0186697750341145
33 26 0.0130868850261823
33 27 0.00280994786034313
33 28 0.185828744761527
33 31 0.000954436749469815
33 34 0.0379986273609167
33 35 0.0818436087066388
33 39 0.228240507412606
33 43 0.0384227399272617
33 45 0.00698241312752266
33 47 0.0244020476681877
33 49 0.391331499356179
33 148 0.103001463124395
33 169 0.174191470033469
33 190 0.0475590487955255
33 226 0.0509019990221318
33 285 0.00700945811674901
33 289 0.0454814707563457
33 418 0.098292842801515
33 446 0.0424764336872103
33 472 0.0221449953078845
33 633 0.168589962004752
33 902 0.107389368134853
33 922 0.197480591050382
33 978 0.0330981689859629
34 7 0.0152013050636326
34 19 0.170905090553205
34 23 0.08930435629496
34 26 0.102846809219926
34 28 0.0455987830057307
34 33 0.0379986273609167
34 35 0.233698533304618
34 36 0.121731357719135
34 38 0.204437024292616
34 39 0.142864526548958
34 40 0.0917594714645283
34 45 0.56034548621002
34 48 0.0184541119460106
34 49 0.101985258899865
34 96 0.0437465279299573
34 215 0.0481746063166643
34 222 0.11606694877349
34 337 0.0289470970718938
34 413 0.114312333533456
34 415 0.0160733258736813
34 426 0.0404759886312114
34 467 0.0682062860582054
34 589 0.0244540480861952
34 650 0.00732219449152433
34 670 0.151454949130232
34 716 0.0208752580540385
34 796 0.253672065456124
34 887 0.0266779240124359
34 940 0.00245404117292578
34 979 0.0230612802232441
35 9 0.0402092748632609
35 11 0.0343859073305596
35 23 0.0920881342895681
35 26 0.222318341724242
35 28 0.112727173085618
35 30 0.188662762675924
35 31 0.0633846810477232
35 32 0.00528729678850583
35 33 0.0818436087066388
35 34 0.233698533304618
35 36 0.0574806706400503
35 40 0.130147708163013
35 48 0.0877461577643422
35 49 0.0265911330529831
35 92 0.00842593243410881
35 208 0.0612964593461609
35 214 0.0272058861170396
35 254 0.0615652433035756
35 304 0.0679550916285727
35 398 0.00444620520726464
35 444 0.224573471661324
35 475 0.0570118822705897
35 497 0.0501272795406794
35 551 0.404645025440056
35 582 0.0909044070439428
35 614 0.0785386964022258
35 709 0.0172841677262017
35 752 0.135970750976517
35 769 0.142731152541456
35 799 0.148494985361926
35 841 0.045433872455133
35 961 0.0932523829604592
35 975 0.0409052926980214
35 984 0.0221012811135056
36 20 0.0321215437946351
36 21 0.089321477263378
36 25 0.359700825921413
36 26 0.0307815600397084
36 28 0.0818272540851734
36 31 0.0231310980561111
36 34 0.121731357719135
36 35 0.0574806706400503
36 38 0.0898581048302895
36 39 0.0541452819180255
36 40 0.00991383278475644
36 41 0.321903198921989
36 42 0.0698227384380356
36 45 0.00148535250014398
36 52 0.188215976583827
36 75 0.115041655124174
36 96 0.0813182982747227
36 160 0.0874410251071877
36 307 0.03095187663421
36 329 0.0418785816416154
36 405 0.227281585205211
36 561 0.0491766991391753
36 618 0.0214045245751449
36 658 0.285475924058357
36 705 0.284291060370373
36 747 0.633969541047469
36 758 0.386060643071938
36 789 0.116298582454137
36 935 0.0165869427980762
36 951 0.0330397358737348
37 21 0.0972856555523559
37 23 0.141815913247994
37 26 0.0614854183727931
37 27 0.0764866443179033
37 29 0.0676078524884171
37 39 0.0125019735995929
37 40 0.0988520030246151
37 45 0.0500049333746859
37 46 0.0119682634551327
37 47 0.0460340275474771
37 50 0.339551584281808
37 52 0.0150922005457469
37 53 0.184303906370036
37 122 0.0223057916674573
37 135 0.139185364664799
37 177 0.271705897694593
37 228 0.107479724760108
37 265 0.035026138268304
37 284 0.0899493428848405
37 385 0.100675353683548
37 394 0.225859112400656
37 428 0.00281131714283135
37 524 0.028839589694037
37 532 0.105236221681273
37 543 0.0643556270890985
37 705 0.0117847204280452
37 799 0.133530212426064
37 812 0.0649731371488056
37 816 0.0576720434826532
37 831 0.031401094605955
37 871 0.124927096669048
37 894 0.0125573838099637
37 958 0.00486552566928179
37 959 0.0325152564868153
37 986 0.155214846278212
38 23 0.0618435143662629
38 26 0.0352047983524065
38 27 0.0113920513290476
38 28 0.116334907051271
38 29 0.243538586209623
38 34 0.204437024292616
38 36 0.0898581048302895
38 41 0.0286230637286109
38 42 0.00253309512651029
38 43 0.276428869112809
38 44 0.172681251292606
38 46 0.00110957389045578
38 50 0.00835960687123123
38 51 0.180309471503496
38 52 0.240178427132046
38 53 0.0433789505035777
38 66 0.123551689146263
38 152 0.0297598918003706
38 283 0.0747320664102453
38 298 0.0157864555402438
38 433 0.0014321150026831
38 469 0.202974692833707
38 532 0.130259386071028
38 814 0.0687779341964276
38 959 0.149469627576603
38 994 0.00887294070707378
39 23 0.085189950992804
39 27 0.0662189910115749
39 31 0.0236635567767031
39 32 0.0451577857468173
39 33 0.228240507412606
39 34 0.142864526548958
39 36 0.0541452819180255
39 37 0.0125019735995929
39 40 0.023648004761438
39 41 0.06384669574804
39 42 0.0342836998546378
39 45 0.0748457288467847
39 46 0.0180278790385507
39 47 0.0442673921875773
39 49 0.0680064030519662
39 51 0.170343631675869
39 53 0.0259392465402405
39 64 0.0412844145942272
39 98 0.0874741821747203
39 170 0.142650376483391
39 259 0.0982577693791982
39 354 0.477526715113845
39 363 0.0385621831027923
39 380 0.286015972263756
39 386 0.0889436955862089
39 515 0.0293203714332679
39 706 0.363472179227234
39 710 0.0351577098191233
39 759 0.0453655902974728
39 862 0.000954725512782285
39 890 0.0234945938431933
40 24 0.2443581395523
40 25 0.201943199953888
40 28 0.0586242061308013
40 29 0.259626890103591
40 34 0.0917594714645283
40 35 0.130147708163013
40 36 0.00991383278475644
40 37 0.0988520030246151
40 39 0.023648004761438
40 43 0.064451415699644
40 46 0.0447306614834284
40 47 0.0117291899867029
40 51 0.0215151542904961
40 54 0.417176911969045
40 56 0.00694636145385842
40 147 0.289804422510253
40 155 0.0640890386407378
40 194 0.0112877678309722
40 228 0.238613827511491
40 357 0.00535669061002891
40 494 0.324317307507818
40 624 0.113573336076943
40 632 0.0995030224255811
40 687 0.0185181625887183
40 704 0.0126522190576052
40 767 0.0126770731851667
40 792 0.177946348783553
40 885 0.349368205914875
40 898 0.259796833268289
40 904 0.0166788368155768
40 933 0.122991855276152
40 973 0.0872911948541477
41 28 0.082319035285764
41 29 0.0383642156616795
41 32 0.00647036814028278
41 36 0.321903198921989
41 38 0.0286230637286109
41 39 0.06384669574804
41 42 0.0321326059975069
41 43 0.267414062098
41 44 0.286825785158964
41 45 0.0147554634680248
41 46 0.177320325653407
41 47 0.068009555993718
41 48 0.0539175645000017
41 52 0.0685056657869302
41 54 0.0101550264484298
41 55 0.0190179409816747
41 56 0.223334524945943
41 57 0.231433397540696
41 235 0.182411833456124
41 251 0.028572128815646
41 272 0.0982128482806034
41 310 0.125090702585474
41 312 0.103017766960208
41 343 0.00269754383067272
41 427 0.186474927155992
41 502 0.0771547057180333
41 552 0.451157804405672
41 624 0.0616743815452263
41 661 0.0996206835744188
41 751 0.0371313476242941
41 753 0.0114460533655161
41 789 0.352550458453933
41 874 0.100574779537472
42 30 0.00561335718467595
42 31 0.0638563862028581
42 32 0.0327683002194936
42 36 0.0698227384380356
42 38 0.00253309512651029
42 39 0.0342836998546378
42 41 0.0321326059975069
42 43 0.13469978243144
42 45 0.0280469364937556
42 46 0.233375033217623
42 49 0.164189705872753
42 51 0.134862518557183
42 53 0.0789355774525359
42 54 0.143524301902826
42 55 0.0100551563711339
42 56 0.0249656496988855
42 136 0.0103158356337113
42 137 0.0345489568352554
42 157 0.120446956740712
42 184 0.0508283824541283
42 189 0.226238749639078
42 200 0.0262887827091568
42 201 0.00230592358193884
42 223 0.0436657599593083
42 396 0.129191869106796
42 421 0.0282282562021177
42 437 0.110277729482004
42 439 0.232411993937395
42 480 0.0691689607005546
42 482 0.105827232289977
42 512 0.0716758853494871
42 556 0.203775921324192
42 577 0.0976281255448514
42 604 0.0161938684597949
42 664 0.0631809693514092
42 692 0.0971820000881172
42 694 0.00665562095896991
42 746 0.0310243756776976
42 802 0.154051765973341
42 983 0.10230521190673
43 29 0.00771650459677778
43 32 0.0124350890797474
43 33 0.0384227399272617
43 38 0.276428869112809
43 40 0.064451415699644
43 41 0.267414062098
43 42 0.13469978243144
43 45 0.0197672762507376
43 48 0.224064784440855
43 49 0.00846166310569236
43 50 0.0862301951352884
43 52 0.00886158307190719
43 53 0.0106254575456095
43 54 0.0459941253798156
43 55 0.0798206666384485
43 56 0.0351608769357085
43 59 0.0028866833764277
43 208 0.0224903581661883
43 210 0.082928879331959
43 268 0.119906606387323
43 310 0.0928014412069371
43 406 0.0423892001530823
43 426 0.0198387916738208
43 518 0.0289546971374038
43 612 0.0456480005592203
43 822 0.0401052072267986
43 867 0.0172305346612967
44 26 0.206257342658137
44 29 0.00793673965986414
44 30 0.0138721756583425
44 32 0.247131447230869
44 38 0.172681251292606
44 41 0.286825785158964
44 52 0.0544895763169353
44 55 0.0213880868012737
44 57 0.0770540001281821
44 58 0.0616743051153954
44 59 0.0643835596897173
44 60 0.0113647543691401
44 71 0.051035557598935
44 112 0.316338242130065
44 205 0.0235319585982982
44 277 0.0266650420880863
44 287 0.0149879291038306
44 302 0.0420653739575808
44 416 0.491794309732459
44 435 0.000784317566897593
44 439 0.177321361370467
44 609 0.229384053363479
44 661 0.097031365058325
44 679 0.0508801507367873
44 702 0.0387637565599204
44 746 0.228634584218617
44 928 0.120867095067171
44 941 0.210796026171303
44 947 0.0290060724294315
45 31 0.021076733417699
45 32 0.0140207742200989
45 33 0.00698241312752266
45 34 0.56034548621002
45 36 0.00148535250014398
45 37 0.0500049333746859
45 39 0.0748457288467847
45 41 0.0147554634680248
45 42 0.0280469364937556
45 43 0.0197672762507376
45 46 0.107630818226171
45 47 0.0191364491398568
45 48 0.0489988835529235
45 50 0.0385964904564778
45 52 0.0327239746855054
45 55 0.0609744328389195
45 56 0.0332798427132096
45 58 0.00812240257389091
45 59 0.0280341652753654
45 60 0.19653869725748
45 87 0.0491797005132322
45 103 0.0375916219613932
45 174 0.00486332947316394
45 241 0.168570247911869
45 347 0.0157627334837903
45 411 0.0364417866153781
45 451 0.113197708343508
45 604 0.237018304352803
45 613 0.182889888975976
45 654 0.138694534501614
45 702 0.00227725772522595
45 756 0.0507859167994985
45 859 0.175275245001377
45 917 0.00279853031685236
45 980 0.0388793148960003
46 30 0.0951674031559969
46 32 0.0923548400950281
46 37 0.0119682634551327
46 38 0.00110957389045578
46 39 0.0180278790385507
46 40 0.0447306614834284
46 41 0.177320325653407
46 42 0.233375033217623
46 45 0.107630818226171
46 47 0.198923994305937
46 48 0.0389708323198618
46 49 0.0206307171102489
46 53 0.108289714538046
46 55 0.0188185856714899
46 57 0.0907294823553313
46 58 0.400952260703619
46 59 0.244125485084918
46 62 0.0729358126224163
46 124 0.0812513495848412
46 149 0.0723452567048586
46 279 0.177185803358245
46 382 0.162383781807426
46 402 0.0548152947646421
46 406 0.0850747580082437
46 468 0.0204298296289423
46 491 0.00622171937704831
46 541 0.0773854618082043
46 581 0.187343537022422
46 683 0.0290424423736153
46 685 0.0237330325287186
46 729 0.0694521329985737
46 736 0.0222339725118179
46 765 0.0145054082406613
46 842 0.275531579986472
46 989 0.0161640346969025
47 7 0.207795260282548
47 31 0.016804811899088
47 33 0.0244020476681877
47 37 0.0460340275474771
47 39 0.0442673921875773
47 40 0.0117291899867029
47 41 0.068009555993718
47 45 0.0191364491398568
47 46 0.198923994305937
47 50 0.0553996551534486
47 51 0.00413166867231428
47 52 0.0223772833848903
47 53 0.153121128478914
47 54 0.0409137618262493
47 55 0.254900078606447
47 57 0.138222670050032
47 58 0.0765457812449909
47 59 0.0237752172818698
47 61 0.0113407970501625
47 63 0.00539411621797144
47 162 0.0822537742360758
47 362 0.11388363186564
47 474 0.04156625271885
47 535 0.268216842509176
47 583 0.00382174518687738
47 671 0.495371763574821
47 711 0.199010266646151
47 797 0.0399912816280236
47 810 0.00379561190167189
47 855 0.0111541652089182
47 882 0.0963433197758024
48 34 0.0184541119460106
48 35 0.0877461577643422
48 41 0.0539175645000017
48 43 0.224064784440855
48 45 0.0489988835529235
48 46 0.0389708323198618
48 50 0.0163807879491617
48 51 0.404369954932022
48 53 0.242884062570537
48 57 0.0344521037080605
48 58 0.087248616934602
48 62 0.0703281665347137
48 122 0.010594148648547
48 145 0.0248500182892896
48 243 0.0852548558300487
48 266 0.167023196082917
48 817 0.126182495861148
48 880 0.0492210537120701
48 988 0.0210496049510353
49 20 0.014925254485669
49 27 0.163300746638969
49 33 0.391331499356179
49 34 0.101985258899865
49 35 0.0265911330529831
49 39 0.0680064030519662
49 42 0.164189705872753
49 43 0.00846166310569236
49 46 0.0206307171102489
49 51 0.0544584902386854
49 52 0.189965387989204
49 54 0.0431156875474706
49 56 0.0353074572244308
49 60 0.0189519790914311
49 61 0.0140255370406408
49 62 0.0709390245860096
49 64 0.0073092125151055
49 137 0.149988682204284
49 139 0.0205995529860743
49 186 0.0941776646128874
49 203 0.0331800645216256
49 208 0.0212079061339452
49 212 0.00317236889213125
49 219 0.0745313025985046
49 221 0.0972141375451223
49 245 0.0803976562262735
49 285 0.229218169462713
49 312 0.040051896134654
49 315 0.00213941130279161
49 533 0.0764566234596289
49 610 0.061506102963028
49 625 0.00461083895595073
49 633 0.0416080456535702
49 742 0.109180345582114
49 751 0.0997230476298377
49 819 0.16987587735247
49 836 0.136593313939857
