0 2 0.0354172965054258
0 6 0.00127268505068155
0 8 0.082466306196575
0 9 0.0573210971797138
0 13 0.0107773163799518
0 14 0.00914255403168188
0 42 0.126233789956813
0 183 0.217395836449359
0 220 0.105878309818166
0 281 0.186003836939245
0 303 0.252366150562102
0 340 0.0133371706034128
0 613 0.126277125401958
0 625 0.10832621340439
0 726 0.0937899248938279
0 732 0.0638047943666741
0 736 0.00468598020710099
0 738 0.00499553348747142
0 742 0.101160064729808
0 744 0.104796418448465
0 745 0.0102218090993687
0 747 0.0502054870238022
0 748 0.00115203145336353
0 749 0.618930736784129
1 2 0.0185210372178554
1 5 0.0384511434475563
1 7 0.306464125307872
1 12 0.0682270103635681
1 102 0.116950075943136
1 217 0.0588232976199212
1 236 0.045191589537486
1 249 0.146357413835329
1 316 0.0278960046764593
1 356 0.131821943083657
1 389 0.00421421682338979
1 414 0.112825032927984
1 427 0.0946736671614416
1 443 8.45691016751406e-05
1 521 0.12315281075893
1 579 0.056534317118853
1 616 0.148584225810434
1 700 0.0921853759470787
1 716 0.13514960397148
1 739 0.00914643255870149
1 740 0.124073468615941
1 741 0.0315953562411211
1 742 0.265950659202319
1 744 0.0875956805373433
1 747 0.103955848833229
1 749 0.177054496457855
2 0 0.0354172965054258
2 1 0.0185210372178554
2 6 0.0212006139837516
2 7 0.0109601856557689
2 9 0.0166443256926461
2 11 0.0127336548437923
2 15 0.416898574840506
2 16 0.131116206057145
2 36 0.0670864738680098
2 77 0.00442142148955307
2 87 0.0240686997652606
2 174 0.0316785189420629
2 200 0.124931309924587
2 327 0.0548636295133098
2 429 0.0603984244835654
2 456 0.152669639825963
2 638 0.0221510251989242
2 659 0.0165026139577507
2 739 0.0426788843634621
2 740 0.410569761819189
2 741 0.264579933331146
2 743 0.0932705147820142
2 744 0.115848401336141
2 745 0.0510081491458845
2 746 0.0787874390388316
2 748 0.316223216610856
2 749 0.0095241920240394
3 4 0.0954940213758724
3 5 0.00510782176881938
3 7 0.0618411369591806
3 9 0.0370676171603914
3 12 0.0247995765098374
3 16 0.0138127064539411
3 17 0.157283007942185
3 180 0.169805097416511
3 188 0.0212100833180128
3 223 0.540358781056181
3 244 0.0285416644256256
3 293 0.194026577976981
3 348 0.0211836005201897
3 390 0.297517937511346
3 438 0.0923847347321962
3 443 0.0346851817154504
3 484 0.0263538734399994
3 521 0.198872010193912
3 553 0.318941038273118
3 658 0.0150901201868706
3 678 0.122637933913762
3 693 0.00960311721020307
3 695 0.000402253320462768
3 741 0.0235333148640074
3 743 0.0155168014091753
3 747 0.0582150465949499
3 748 0.00821700730299346
3 749 0.111811190158479
4 3 0.0954940213758724
4 5 0.0497106523664996
4 6 0.0237943452029571
4 8 0.0112272368652076
4 12 0.0111086731035552
4 14 0.0747856279661043
4 17 0.0612992751359215
4 18 0.0952487420984557
4 38 0.312837925288766
4 69 0.0811921330467896
4 83 0.0352598287746452
4 291 0.00717806115649829
4 416 0.00678803592248931
4 485 0.337319614162085
4 493 0.0698492919180987
4 549 0.667911039126366
4 623 0.126576586176016
4 642 0.156869533345967
4 713 0.0139768486433536
4 733 0.0553088269750517
4 741 0.136692279074888
4 742 0.021325739574848
4 743 0.031566557805049
4 744 0.00490376502358472
4 746 0.0967404747103669
4 748 0.587266366050059
4 749 0.087542806133079
5 1 0.0384511434475563
5 3 0.00510782176881938
5 4 0.0497106523664996
5 6 0.324708625123677
5 9 0.322257908382354
5 10 0.274690479487527
5 12 0.256758778191932
5 13 0.652984445812131
5 14 0.0824663659485147
5 18 0.0442921454008963
5 19 0.233027861414249
5 42 0.0557083924163387
5 46 0.18970199025037
5 59 0.164516407240858
5 135 0.0386274259288676
5 166 0.264052421980337
5 269 0.0760689159862353
5 326 0.21324658713245
5 367 0.026514674529216
5 513 0.0760965442025077
5 522 0.0775222815002268
5 534 0.196708492102027
5 577 0.243424196545022
5 689 0.202957052996596
5 742 0.130599245724185
5 743 0.107261172338413
5 744 0.079349438875663
5 745 0.16214051660033
5 747 0.101717168806769
5 748 0.110833522535709
5 749 0.278942374445588
6 0 0.00127268505068155
6 2 0.0212006139837516
6 4 0.0237943452029571
6 5 0.324708625123677
6 8 0.0142804011256628
6 9 0.161217061396536
6 10 0.274993338101174
6 16 0.122641257502298
6 17 0.0234881424236697
6 18 0.174728688694821
6 19 0.0457430933401492
6 44 0.0244406516818411
6 54 0.189803047170893
6 188 0.0612307536289366
6 196 0.0477509136408231
6 303 0.227641399744585
6 356 0.235119442748399
6 408 0.0894729804444614
6 504 0.206132066017578
6 535 0.0210064575049946
6 554 0.0227968784162757
6 678 0.070605176398825
6 720 0.0741817985121931
6 721 0.105151857927889
6 743 0.0284944039325272
6 748 0.0964650791625035
7 1 0.306464125307872
7 2 0.0109601856557689
7 3 0.0618411369591806
7 8 0.0117870861614221
7 10 0.0725180612840652
7 12 0.038912327534628
7 14 0.169365159710196
7 15 0.051817375966113
7 19 0.033310847368847
7 20 0.133963218165112
7 48 0.0172918468405532
7 170 0.243663288788587
7 171 0.00486120308717206
7 179 0.209589136157893
7 255 0.00519611626269408
7 260 0.00390783532763391
7 343 0.0529744285258968
7 355 0.110148975209103
7 372 0.00216198306822773
7 400 0.00185499169866377
7 403 0.026590828082255
7 483 0.0265415474166572
7 518 0.0369471706853241
7 615 0.138076903897114
7 649 0.0984717616974475
7 653 0.0221746633662651
7 657 0.0492520019996264
7 673 0.0885730275556154
7 693 0.0242092564414042
7 746 0.076226763803253
7 748 0.00789538403157813
7 749 0.151667404625865
8 0 0.082466306196575
8 4 0.0112272368652076
8 6 0.0142804011256628
8 7 0.0117870861614221
8 9 0.284757224190257
8 12 0.0381060969690475
8 15 0.80295492570031
8 19 0.0808533503000158
8 20 0.230970224864116
8 21 0.0269031042642132
8 22 0.0805936867104352
8 33 0.0383733445578539
8 96 0.0212390603711721
8 113 0.0635245689899739
8 124 0.054421747674529
8 185 0.00404198605533787
8 203 0.0906303075612411
8 324 0.0832898171515869
8 412 0.113153120334721
8 445 0.110000775788497
8 591 0.0334977567274629
8 707 0.00719262796921885
8 728 0.0315981028352737
8 745 0.0703887781512767
8 746 0.169662738450392
8 747 0.320294502343407
9 0 0.0573210971797138
9 2 0.0166443256926461
9 3 0.0370676171603914
9 5 0.322257908382354
9 6 0.161217061396536
9 8 0.284757224190257
9 11 0.10734807637275
9 13 0.191069548179907
9 17 0.15255895697223
9 19 0.278326022815552
9 39 0.20134972857719
9 54 0.336229865172053
9 89 0.226732273649866
9 236 0.0351420531468888
9 279 0.070295181523127
9 323 0.00091032852172796
9 343 0.0748656898683598
9 414 0.0425647146537499
9 550 0.0931123234458799
9 601 0.0328808794103555
9 602 0.0443886697563839
9 654 0.0324810834691336
9 730 0.198928010650658
9 746 0.00462625459471267
9 748 0.0507885126654884
9 749 0.074951251863881
10 5 0.274690479487527
10 6 0.274993338101174
10 7 0.0725180612840652
10 12 0.0974988795610588
10 13 0.00937343593970781
10 14 0.126932995356311
10 15 0.190859467477698
10 17 0.0321109231775587
10 19 0.193963850583485
10 21 0.0534046178072041
10 23 0.0269518333357728
10 83 0.0314819862214756
10 90 0.105541416794326
10 92 0.325285918743012
10 130 0.0135523019538449
10 142 0.545420342897642
10 187 0.134305453214626
10 258 0.101994797657102
10 386 0.16412837136573
10 402 0.0561833701578397
10 407 0.144856468619567
10 466 0.124286571279228
10 606 0.424985052878354
10 640 0.251503143106529
10 715 0.0488762565470547
11 2 0.0127336548437923
11 9 0.10734807637275
11 12 0.0262514917961744
11 15 0.000800160040884576
11 16 0.0232609633697392
11 17 0.0502884473362281
11 20 0.304973546280826
11 24 0.000506319507023809
11 89 0.027263052582977
11 95 0.0301166821383025
11 107 0.0330299026667865
11 110 0.318986057944263
11 214 0.01482486541401
11 258 0.0424695814435628
11 283 0.00364568727964852
11 290 0.145701191921827
11 334 0.0898754899948023
11 397 0.00841514833804015
11 469 0.194165082334688
11 478 0.0539929969204011
11 510 0.0329744095554459
11 529 0.108917430054399
11 532 0.0461045418944402
11 556 0.00430952301398807
11 562 0.0523751078884316
11 603 0.0321899434864754
11 699 0.121821565107003
11 705 0.00426053022050967
11 748 0.0666132065169111
11 749 0.2113690100714
12 1 0.0682270103635681
12 3 0.0247995765098374
12 4 0.0111086731035552
12 5 0.256758778191932
12 7 0.038912327534628
12 8 0.0381060969690475
12 10 0.0974988795610588
12 11 0.0262514917961744
12 13 0.0485629017493689
12 16 0.00402813488222698
12 18 0.0498777199626907
12 19 0.0158373155107454
12 23 0.139873452185693
12 24 0.095852077032749
12 57 0.0330730047173906
12 105 0.0459294189779944
12 221 0.1148317992328
12 224 0.198363379171237
12 324 0.103925321274475
12 417 0.00117885487810294
12 490 0.321758819345679
12 609 0.030648152512692
12 624 0.0176696408172105
12 648 0.115143036608278
12 678 0.177359520791409
12 687 0.173334852273023
12 748 0.254267690584609
13 0 0.0107773163799518
13 5 0.652984445812131
13 9 0.191069548179907
13 10 0.00937343593970781
13 12 0.0485629017493689
13 14 0.196698522999383
13 15 0.112544551565475
13 16 0.0352632073039411
13 18 0.0120423821552762
13 20 0.34627398245419
13 21 0.246114316027945
13 75 0.122888028501905
13 163 0.692963619143339
13 169 0.0605614122326729
13 176 0.00403134746301788
13 177 0.112869264927757
13 213 0.0257586774757103
13 214 0.152938889385145
13 344 0.110194291388937
13 460 0.169471550654649
13 462 0.0982472563727496
13 473 0.0549484566523276
13 499 0.00479251464893498
13 577 0.526447571788536
13 607 0.020016439267355
13 627 0.102221526499251
13 641 0.197295674474381
13 706 0.105449982480225
13 708 0.0217316120541789
13 710 0.00190922253818188
13 718 0.116167155320884
13 740 0.0324048130595979
13 749 0.139625380048528
14 0 0.00914255403168188
14 4 0.0747856279661043
14 5 0.0824663659485147
14 7 0.169365159710196
14 10 0.126932995356311
14 13 0.196698522999383
14 16 0.067883542177179
14 19 0.077234279459543
14 20 0.120859095397363
14 22 0.215036285092842
14 24 0.220161280807778
14 25 0.13112477740483
14 27 0.0584620876379412
14 45 0.00519505580041134
14 50 0.0945488480693652
14 68 0.0853593387544675
14 75 0.236181006847257
14 118 0.140887797590508
14 247 0.0724707371539993
14 256 0.0504801946115499
14 274 0.554139774375486
14 302 0.0433068695398821
14 345 0.0150522496828284
14 425 0.309752953280638
14 461 0.0858811901787493
14 540 0.179363053178494
14 560 0.136808495399999
14 678 0.147686655722948
14 701 0.0595430855364901
14 717 0.150000370009876
14 737 0.366605982452299
15 2 0.416898574840506
15 7 0.051817375966113
15 8 0.80295492570031
15 10 0.190859467477698
15 11 0.000800160040884576
15 13 0.112544551565475
15 16 0.139755596213133
15 17 0.0288179407098765
15 20 0.0213674466539651
15 22 0.0590193882119558
15 24 0.00688303622083844
15 25 0.000638372351436821
15 27 0.00278952205907955
15 29 0.193145745377978
15 34 0.0134682821493321
15 69 0.0154299754161908
15 92 0.0445671980738915
15 159 0.0232657416710676
15 167 0.10024610815856
15 168 0.238367048355254
15 182 0.0504930208198416
15 254 0.0166819131095936
15 259 0.255113270666287
15 261 0.000960047868302894
15 290 0.138579504886489
15 360 0.00397360433485547
15 366 0.0950386142512253
15 402 0.10596933267299
15 433 0.0949009136160914
15 445 0.0134766509861604
15 529 0.00665886966676
15 586 0.0808905744601738
15 670 0.149483281386221
15 689 0.0444910145025937
15 740 0.219705606567383
16 2 0.131116206057145
16 3 0.0138127064539411
16 6 0.122641257502298
16 11 0.0232609633697392
16 12 0.00402813488222698
16 13 0.0352632073039411
16 14 0.067883542177179
16 15 0.139755596213133
16 17 0.28547008498136
16 18 0.128153032453601
16 20 0.182642366574249
16 21 0.104353218327919
16 23 0.0101042692356233
16 29 0.0636257917056623
16 30 0.0902515451806374
16 103 0.1959061210162
16 109 0.378993494040771
16 154 0.181318234500331
16 193 0.00431606023535783
16 230 0.116980182207143
16 352 0.134999658470851
16 369 0.196026613037181
16 390 0.0144428520680953
16 473 0.0980623957689088
16 545 0.00066731474292299
16 569 0.070419521245277
16 601 0.00584306846208679
16 737 0.24994507450322
16 738 0.325135519774297
17 3 0.157283007942185
17 4 0.0612992751359215
17 6 0.0234881424236697
17 9 0.15255895697223
17 10 0.0321109231775587
17 11 0.0502884473362281
17 15 0.0288179407098765
17 16 0.28547008498136
17 19 0.209755253899656
17 20 0.0611348074784185
17 26 0.0775561541376419
17 27 0.0177534246795345
17 28 0.03447743734996
17 29 0.0124271712562308
17 31 0.302416803702932
17 87 0.025425324616673
17 272 0.0142258173715437
17 298 0.0911974557384913
17 334 0.0865647211042416
17 343 0.54045448741619
17 345 0.153735893074316
17 468 0.0371531655248748
17 513 0.0717585755046081
17 588 0.0239361778460796
17 723 0.0563243841224162
18 4 0.0952487420984557
18 5 0.0442921454008963
18 6 0.174728688694821
18 12 0.0498777199626907
18 13 0.0120423821552762
18 16 0.128153032453601
18 19 0.0170515798162128
18 22 0.225617367640523
18 23 0.324403095423033
18 25 0.265209583392858
18 26 0.183637893401147
18 27 0.0318536521753267
18 29 0.0344855273816729
18 31 0.145941482198724
18 32 0.169762460846583
18 36 0.016749976888729
18 59 0.157121802091082
18 92 0.0157983891246103
18 98 0.00370352080225327
18 138 0.0311429106654278
18 185 0.0842298059161155
18 215 0.0451077148877256
18 241 0.0431151269673318
18 358 0.0302772966444541
18 388 0.10012898890138
18 581 0.0504448370499311
18 597 0.0585548051548765
18 620 0.0729312884171446
18 675 0.0184136691050426
18 699 0.0549319659621016
19 5 0.233027861414249
19 6 0.0457430933401492
19 7 0.033310847368847
19 8 0.0808533503000158
19 9 0.278326022815552
19 10 0.193963850583485
19 12 0.0158373155107454
19 14 0.077234279459543
19 17 0.209755253899656
19 18 0.0170515798162128
19 20 0.00242133522540404
19 21 0.0107042486866229
19 26 0.0410951411016252
19 27 0.350060201277761
19 31 0.341662468843354
19 85 0.0250869753706856
19 93 0.136058588103856
19 103 0.0715744152218909
19 112 0.0540254414091828
19 113 0.0495473189957907
19 128 0.0540143994540372
19 159 0.0639842392188404
19 186 0.0575188516629165
19 219 0.12429574393809
19 246 0.0126725708560818
19 257 0.0113294657920593
19 267 0.0595792844671465
19 397 0.0532688969263671
19 512 0.0180286277793402
19 623 0.0132947567946736
19 644 0.0418975468295529
19 658 0.117709973179737
20 7 0.133963218165112
20 8 0.230970224864116
20 11 0.304973546280826
20 13 0.34627398245419
20 14 0.120859095397363
20 15 0.0213674466539651
20 16 0.182642366574249
20 17 0.0611348074784185
20 19 0.00242133522540404
20 21 0.348670512906148
20 23 0.140675318435339
20 24 0.0917310151028786
20 25 0.0201358455814828
20 27 0.0402393447484565
20 28 0.0221795521907932
20 32 0.0617911895978482
20 34 0.493053178289033
20 82 0.280546670119035
20 110 0.272757380265468
20 198 0.0453806401232713
20 279 0.0363611368201799
20 321 0.135232608870613
20 486 0.0101577414677607
20 555 0.0906372227925017
20 563 0.210459046617575
20 608 0.0110956465242092
20 690 0.189478259193706
20 737 0.0358898653393135
21 8 0.0269031042642132
21 10 0.0534046178072041
21 13 0.246114316027945
21 16 0.104353218327919
21 19 0.0107042486866229
21 20 0.348670512906148
21 22 0.0234502307274132
21 23 0.030256923316697
21 27 0.103526098933593
21 28 0.0632043535011111
21 29 0.106877836198728
21 30 0.192330218809785
21 55 0.112526442372726
21 83 0.0801581067915182
21 134 0.0334991112418821
21 182 0.104419679726617
21 186 0.101774242240771
21 271 0.121726565985711
21 303 0.109607235976842
21 336 0.090425501469571
21 375 0.0839092582375123
21 497 0.00403383173010333
21 584 0.0220765307336185
22 8 0.0805936867104352
22 14 0.215036285092842
22 15 0.0590193882119558
22 18 0.225617367640523
22 21 0.0234502307274132
22 24 0.0446966557831728
22 27 0.0852731255954854
22 29 0.114399016574129
22 30 0.00466324011158243
22 31 0.0967647351213001
22 32 0.238189153901336
22 34 0.205142596093595
22 36 0.141169162733133
22 71 0.0611629091022368
22 146 0.10367886786302
22 168 0.0706923640704369
22 378 0.079365196536685
22 400 0.137235955314279
22 436 0.0715625806135464
22 487 0.0466685699789832
22 602 0.00393497113646201
22 617 0.0210036063581332
22 637 0.024824899135434
22 671 0.143326746127432
22 674 0.0848003691592622
22 684 0.0518682702496175
22 712 0.162284657518355
22 721 0.00802108781280956
23 10 0.0269518333357728
23 12 0.139873452185693
23 16 0.0101042692356233
23 18 0.324403095423033
23 20 0.140675318435339
23 21 0.030256923316697
23 24 0.0548351581928913
23 25 0.26147513664809
23 26 0.0147157729610045
23 27 0.011565296715627
23 28 0.00516803317615947
23 29 0.17877118769882
23 30 0.0128871540962106
23 31 0.0110623989149933
23 32 0.13686728399272
23 33 0.179114257221702
23 35 0.0620367550215899
23 37 0.325573553333142
23 73 0.402734021115664
23 178 0.0944699213927344
23 239 0.0645666215837409
23 311 0.161744232823868
23 385 0.0352136136645771
23 459 0.0441879425864131
23 463 0.0194160613771767
23 472 0.157184643476728
23 486 0.164550769743463
23 560 0.0485165955426882
23 576 0.00264096804558326
23 599 0.192109302721668
23 626 0.0749977129368516
23 718 0.0511263778731067
24 11 0.000506319507023809
24 12 0.095852077032749
24 14 0.220161280807778
24 15 0.00688303622083844
24 20 0.0917310151028786
24 22 0.0446966557831728
24 23 0.0548351581928913
24 25 0.427489385077366
24 26 0.111819455417939
24 27 0.0464692663981069
24 28 0.406824698634131
24 29 0.0939735573926011
24 31 0.0899804643351738
24 35 0.0404690321219149
24 36 0.00461836502310763
24 37 0.0145521682019934
24 67 0.133191516133605
24 117 0.107054620915647
24 181 0.117166958173912
24 375 0.0437457805029895
24 483 0.0274998555723729
24 487 0.0473654733176776
24 511 0.25765355507561
24 606 0.0251101353795214
24 647 0.117526555244399
24 662 0.11539169763589
24 722 0.068184705111408
25 14 0.13112477740483
25 15 0.000638372351436821
25 18 0.265209583392858
25 20 0.0201358455814828
25 23 0.26147513664809
25 24 0.427489385077366
25 29 0.0900239968084256
25 31 0.0362861582136278
25 34 0.0915633414213181
25 35 0.0434726186136593
25 36 0.040626081443887
25 37 0.169792706340571
25 39 0.0270731353078471
25 183 0.127320889085486
25 185 0.149225393594931
25 204 0.284655388482103
25 236 0.134204753746652
25 283 0.114748291512579
25 311 0.0113979277689451
25 347 0.0838285168000407
25 353 0.053524115426213
25 396 0.0782696885950184
25 433 0.0653290433518361
25 517 0.0232528349458641
25 562 0.0485656227057214
25 573 0.15251495543049
25 589 0.209042812168674
25 604 0.159554176346002
25 636 0.265432703786891
25 654 0.032006006302518
26 17 0.0775561541376419
26 18 0.183637893401147
26 19 0.0410951411016252
26 23 0.0147157729610045
26 24 0.111819455417939
26 27 0.0763679610707883
26 28 0.163230422505854
26 31 0.0349739326573971
26 32 0.0392533835700222
26 35 0.106729483270913
26 40 0.0486266710172647
26 73 0.0632094316361901
26 111 0.103815469404819
26 121 0.0824277917778617
26 140 0.196408341165026
26 144 0.044938565003596
26 175 0.025536594754767
26 210 0.00353750651749591
26 222 0.0392511934849964
26 273 0.122935393481801
26 411 0.31491245685793
26 412 0.0762830810272793
26 495 0.0350951482394662
26 509 0.0105191792537914
26 561 0.0680032811578286
26 587 0.0248476553744504
26 597 0.189345798719167
26 620 0.0309526881529869
26 720 0.00828273197934744
27 14 0.0584620876379412
27 15 0.00278952205907955
27 17 0.0177534246795345
27 18 0.0318536521753267
27 19 0.350060201277761
27 20 0.0402393447484565
27 21 0.103526098933593
27 22 0.0852731255954854
27 23 0.011565296715627
27 24 0.0464692663981069
27 26 0.0763679610707883
27 30 0.101454686876056
27 34 0.178672837678394
27 36 0.0369119999873909
27 39 0.361428821033545
27 41 0.29224995246532
27 91 0.0435189307918732
27 141 0.0156142782331012
27 155 0.0379066718624832
27 212 0.0526521274815184
27 239 0.0748301336091268
27 244 0.120250024461801
27 323 0.245255665352751
27 352 0.395693697245884
27 373 0.0301930683100516
27 496 0.0378830690457785
27 508 0.352250782436145
27 515 0.153500136857558
27 691 0.0985422137112843
27 692 0.0994112842175456
28 17 0.03447743734996
28 20 0.0221795521907932
28 21 0.0632043535011111
28 23 0.00516803317615947
28 24 0.406824698634131
28 26 0.163230422505854
28 30 0.0750870542084866
28 33 0.0175149213734749
28 35 0.0437203815707935
28 38 0.136275420174499
28 40 0.140318900256265
28 41 0.0864854347073
28 111 0.0926449349142473
28 225 0.273213441009515
28 229 0.00132639105790373
28 330 0.26915796946477
28 362 0.133487150674347
28 363 0.00379156160141868
28 443 0.228955417775244
28 502 0.10669147318316
28 565 0.0088551294123111
28 601 0.0641104947608248
28 644 0.185119759818066
28 645 0.12396331933697
28 690 0.0941571076471932
28 714 0.216158680959088
29 15 0.193145745377978
29 16 0.0636257917056623
29 17 0.0124271712562308
29 18 0.0344855273816729
29 21 0.106877836198728
29 22 0.114399016574129
29 23 0.17877118769882
29 24 0.0939735573926011
29 25 0.0900239968084256
29 32 0.824960359695762
29 34 0.0652794636302888
29 38 0.211095081670861
29 40 0.148895639339593
29 41 0.0162525657607635
29 42 0.117966385708131
29 43 0.151702718204269
29 115 0.0245827077922082
29 117 0.168135546613646
29 157 0.0140251542710144
29 166 0.256617838615571
29 168 0.027905974744259
29 169 3.9384691687138e-06
29 414 0.267559141272241
29 483 0.177306733361733
29 519 0.151219256066593
29 735 0.0774240696135671
30 16 0.0902515451806374
30 21 0.192330218809785
30 22 0.00466324011158243
30 23 0.0128871540962106
30 27 0.101454686876056
30 28 0.0750870542084866
30 31 0.104037692601362
30 32 0.0840122355666105
30 34 0.0114575505974379
30 36 0.0222435217552115
30 37 0.0601741055624753
30 41 0.380754404812018
30 43 0.112032766219113
30 44 0.14546633216197
30 82 0.0200170219639676
30 91 0.107308929432962
30 123 0.076216820766762
30 124 0.0248351434642463
30 182 0.0725899325703002
30 214 0.0194082485022502
30 245 0.167366165043531
30 284 0.0103687690030433
30 291 0.208876230954476
30 310 0.0397998278698883
30 326 0.0396031957721182
30 356 0.157495821411258
30 367 0.0231069536089168
30 382 0.0121755503713742
30 437 0.0415086086482202
30 459 0.00457537848737108
30 485 0.0698343706476872
30 510 0.041324323120066
30 593 0.0424155534719794
30 686 0.192371766723063
31 17 0.302416803702932
31 18 0.145941482198724
31 19 0.341662468843354
31 22 0.0967647351213001
31 23 0.0110623989149933
31 24 0.0899804643351738
31 25 0.0362861582136278
31 26 0.0349739326573971
31 30 0.104037692601362
31 33 0.0172017405615365
31 34 0.0205674822492475
31 35 0.0142530978837209
31 36 0.0926465324215471
31 38 0.0283218899105497
31 40 0.0146518667439047
31 41 0.130729058931093
31 82 0.0597963453615009
31 110 0.0472340024800235
31 114 0.208542195389484
31 154 0.0618180466957076
31 183 0.160281423557497
31 236 0.115255657540452
31 248 0.177234964653162
31 265 0.0525407965675998
31 299 0.184802283516032
31 320 0.156188798789705
31 372 0.10833538010687
31 431 0.0316828185354867
31 491 0.0754492764345851
31 497 0.168953569743979
31 649 0.130714573047003
31 650 0.0639389255758745
32 18 0.169762460846583
32 20 0.0617911895978482
32 22 0.238189153901336
32 23 0.13686728399272
32 26 0.0392533835700222
32 29 0.824960359695762
32 30 0.0840122355666105
32 33 0.0846539855306512
32 35 0.0354123840336389
32 38 0.0234479004907088
32 40 0.0245858337957165
32 42 0.00621331621242706
32 43 0.0419281849700314
32 44 0.0133261372189548
32 45 0.219025866025122
32 47 0.0918119443649879
32 220 0.130483156354818
32 363 0.0272522714858956
32 392 0.292199342296756
32 450 0.572254531519147
32 458 0.126444985002837
32 463 0.0646607228665477
32 489 0.000602371679957054
32 552 0.0357643816577678
32 614 0.499566845759916
33 8 0.0383733445578539
33 23 0.179114257221702
33 28 0.0175149213734749
33 31 0.0172017405615365
33 32 0.0846539855306512
33 34 0.206213137281142
33 35 0.0475339187354071
33 37 0.179775886269375
33 39 0.208630044673435
33 41 0.000933197885302461
33 42 0.151199132958552
33 44 0.0284724178083179
33 45 0.00699914619331146
33 47 0.230434058810158
33 64 0.0266362322368456
33 72 0.0131895494005712
33 90 0.00940286885664132
33 171 0.0976239395560388
33 183 0.0878196447068399
33 187 0.218880055558747
33 189 0.0219688580352573
33 250 0.0142766643385839
33 270 0.176223214639912
33 278 0.0759200676715167
33 279 0.230124533748359
33 325 0.129984203991953
33 367 0.0367068267116175
33 436 0.00627080298263872
33 456 0.584976678043382
33 490 0.0150882748559289
33 666 0.0589008423533175
33 712 0.077545242492905
34 15 0.0134682821493321
34 20 0.493053178289033
34 22 0.205142596093595
34 25 0.0915633414213181
34 27 0.178672837678394
34 29 0.0652794636302888
34 30 0.0114575505974379
34 31 0.0205674822492475
34 33 0.206213137281142
34 35 0.0539850491004226
34 36 0.0375648382339092
34 40 0.0154034837537502
34 42 0.101043018792587
34 43 0.131424205944744
34 44 0.0484804282663682
34 45 0.309190384996376
34 47 0.0723589532383608
34 170 0.0996430806937591
34 206 0.227467863895244
34 241 0.0817775523416202
34 243 0.113194815418602
34 263 0.24854761330597
34 332 0.157293724117397
34 334 0.00892998324891963
34 397 0.34807246948865
34 447 0.240975445252137
34 456 0.149397757844807
34 574 0.0349758601724747
34 721 0.285419899824524
35 23 0.0620367550215899
35 24 0.0404690321219149
35 25 0.0434726186136593
35 26 0.106729483270913
35 28 0.0437203815707935
35 31 0.0142530978837209
35 32 0.0354123840336389
35 33 0.0475339187354071
35 34 0.0539850491004226
35 37 0.0351459697953573
35 38 0.124007617637477
35 39 0.00239858107428523
35 40 0.224728267743503
35 42 0.000158261365092391
35 43 0.113604200832607
35 47 0.050651569513063
35 49 0.0951723325392811
35 74 0.0383601813571133
35 148 0.190318396723232
35 149 0.117220034668334
35 171 0.130869517933068
35 178 0.0120580284408946
35 211 0.0350936314523162
35 225 0.0394991698766921
35 267 0.239261601152833
35 353 0.00158775790695355
35 386 0.0807631414571747
35 398 0.0505848485112807
35 413 0.039856647948254
35 414 0.000210305287243431
35 434 0.156511838223071
35 526 0.173218601231336
35 575 0.224363632127938
35 618 0.00254316609615601
35 676 0.00878256449477454
35 689 0.0369916040937026
35 727 0.174547331961679
35 735 0.040567102309312
36 2 0.0670864738680098
36 18 0.016749976888729
36 22 0.141169162733133
36 24 0.00461836502310763
36 25 0.040626081443887
36 27 0.0369119999873909
36 30 0.0222435217552115
36 31 0.0926465324215471
36 34 0.0375648382339092
36 40 0.018913733967916
36 42 0.139461692945994
36 43 0.0630150917244025
36 45 0.0969641216300196
36 46 0.0642810859342197
36 48 0.010734670524267
36 49 0.0709094046868302
36 50 0.0375641756639465
36 190 0.12876569810655
36 192 0.143816325553429
36 203 0.0418714804078923
36 206 0.0168573647165855
36 365 0.00464057698091
36 384 0.309423036600446
36 462 0.0591920116762407
36 625 0.0170117302750144
36 696 0.0552589618617919
36 701 0.253556415045024
37 23 0.325573553333142
37 24 0.0145521682019934
37 25 0.169792706340571
37 30 0.0601741055624753
37 33 0.179775886269375
37 35 0.0351459697953573
37 38 0.00609433546024859
37 41 0.0896976561914532
37 42 0.00161085345114847
37 43 0.0488792533071914
37 44 0.0938127685994384
37 45 0.0600888023715508
37 91 0.0361748873912893
37 131 0.0156176799571364
37 165 0.203277310520659
37 290 0.0364388534540526
37 323 0.137171851389674
37 363 0.0151149841832006
37 400 0.161136816817952
37 443 0.0328111109679442
37 475 0.0368437951761874
37 504 0.0635971006178488
37 511 0.216204704282858
37 563 0.0515002400456105
37 652 0.21898205469621
37 674 0.408395535700219
37 704 0.275875633843829
37 708 0.0551555173044915
38 4 0.312837925288766
38 28 0.136275420174499
38 29 0.211095081670861
38 31 0.0283218899105497
38 32 0.0234479004907088
38 35 0.124007617637477
38 37 0.00609433546024859
38 41 0.0018391972765476
38 42 0.103271996222723
38 45 0.0673951918782609
38 46 0.0633298664555862
38 49 0.0595715634103684
38 52 0.200594554975646
38 77 0.133949517019296
38 101 0.000202675779210272
38 133 0.223432587898336
38 184 0.101900875719949
38 248 0.194711806114202
38 447 0.11728354712616
38 687 0.00409093127782957
39 9 0.20134972857719
39 25 0.0270731353078471
39 27 0.361428821033545
39 33 0.208630044673435
39 35 0.00239858107428523
39 47 0.00163148875830431
39 48 0.0964536135702259
39 49 0.0104883983140635
39 51 0.05312744818518
39 53 0.32559621369817
39 126 0.0552006682236036
39 241 0.0119862197856084
39 337 0.201728309192595
39 354 0.0667428434232339
39 356 0.126814517682542
39 383 0.102728052314799
39 475 0.117823402136304
39 499 0.117216169617191
39 524 0.070504662052573
39 743 0.00344319286832608
40 26 0.0486266710172647
40 28 0.140318900256265
40 29 0.148895639339593
40 31 0.0146518667439047
40 32 0.0245858337957165
40 34 0.0154034837537502
40 35 0.224728267743503
40 36 0.018913733967916
40 41 0.150631403659025
40 44 0.268045668741652
40 47 0.0904932115817605
40 52 0.158699254239095
40 54 0.0687079379865421
40 86 0.101743794652877
40 185 0.225807991918056
40 234 0.0528336618305679
40 306 0.0879521015417597
40 329 0.0896469598677705
40 373 0.166835909227206
40 395 0.0602740309535559
40 467 0.276668165317185
40 495 0.125792032735364
40 509 0.00430390570993668
40 542 0.00590698215076028
40 545 0.240304547842977
40 620 0.00477097416558625
40 648 0.0235021388766256
40 713 0.0487230702610957
40 719 0.0815796476041309
40 724 0.139084138479148
41 27 0.29224995246532
41 28 0.0864854347073
41 29 0.0162525657607635
41 30 0.380754404812018
41 31 0.130729058931093
41 33 0.000933197885302461
41 37 0.0896976561914532
41 38 0.0018391972765476
41 40 0.150631403659025
41 42 0.155233470986626
41 46 0.0792953540647687
41 47 0.0195949598562553
41 48 0.288043183888295
41 49 0.00261939734273365
41 51 0.307507880118855
41 78 0.0234065857407193
41 107 0.019387996655761
41 143 0.129697066691183
41 293 0.0327788533718712
41 316 0.0764075668761214
41 370 0.0500801566916896
41 477 0.0506751586658095
41 558 0.0462519251533598
41 611 0.255911447694092
41 642 0.0894700437131644
42 0 0.126233789956813
42 5 0.0557083924163387
42 29 0.117966385708131
42 32 0.00621331621242706
42 33 0.151199132958552
42 34 0.101043018792587
42 35 0.000158261365092391
42 36 0.139461692945994
42 37 0.00161085345114847
42 38 0.103271996222723
42 41 0.155233470986626
42 46 0.199458229814992
42 47 0.0849858741749411
42 49 0.0327135353838155
42 50 0.0585591109318078
42 52 0.0508302176285644
42 53 0.146049273382534
42 54 0.0728837790346151
42 55 0.213241489424685
42 56 0.0392195310462153
42 100 0.0220034796314009
42 170 0.00464056074528444
42 310 0.0958665570845154
42 475 0.0853735808224161
42 587 0.0984237050059464
43 29 0.151702718204269
43 30 0.112032766219113
43 32 0.0419281849700314
43 34 0.131424205944744
43 35 0.113604200832607
43 36 0.0630150917244025
43 37 0.0488792533071914
43 45 0.144173471201618
43 47 0.161091260826454
43 48 0.262850055008083
43 49 0.0160716149539613
43 50 0.0645602929743138
43 52 0.0506573982249546
43 54 0.134280497569614
43 55 0.00287534573285977
43 57 0.0255987728540097
43 88 0.0575504287429454
43 92 0.405471281658478
43 93 0.0977604381389942
43 142 0.209363119707529
43 229 0.0114923756670702
43 256 0.0343233183181881
43 270 0.11720130548001
43 300 0.00238687049142433
43 474 0.0771769289325319
43 609 0.190090088364219
44 6 0.0244406516818411
44 30 0.14546633216197
44 32 0.0133261372189548
44 33 0.0284724178083179
44 34 0.0484804282663682
44 37 0.0938127685994384
44 40 0.268045668741652
44 45 0.30401117695262
44 46 0.0173684489012372
44 47 0.194429132048129
44 49 0.0649819902140776
44 50 0.0267502974477383
44 51 0.07126416438914
44 53 0.0368255854633519
44 54 0.00320414701673883
44 55 0.254006299386426
44 89 0.00153530802714783
44 142 0.164495047692848
44 226 0.0670330445945443
44 263 0.0121420334374194
44 266 0.0130891219128124
44 409 0.101049078677918
44 417 0.0766481428991441
44 536 0.0254321805724359
44 549 0.0113203779314079
44 569 0.120677050658246
44 662 0.132063868515835
44 683 0.0174593184490213
44 728 0.0320816906208669
45 14 0.00519505580041134
45 32 0.219025866025122
45 33 0.00699914619331146
45 34 0.309190384996376
45 36 0.0969641216300196
45 37 0.0600888023715508
45 38 0.0673951918782609
45 43 0.144173471201618
45 44 0.30401117695262
45 47 0.0995387151512228
45 48 0.0226849281136477
45 51 0.279624293082539
45 52 0.179452292785006
45 54 0.114727718681552
45 56 0.0187120344622457
45 57 0.50770233742534
45 225 0.0541826438715525
45 275 0.0407290530447171
45 289 0.0380894187266522
45 311 0.0336504610067326
45 375 0.0648951939649104
45 431 0.0442342334149087
45 508 0.0427764598685938
45 528 0.00738440726075536
45 550 0.0357148091071935
46 5 0.18970199025037
46 36 0.0642810859342197
46 38 0.0633298664555862
46 41 0.0792953540647687
46 42 0.199458229814992
46 44 0.0173684489012372
46 48 0.176391465350445
46 52 0.0905726301571673
46 53 0.329055070815329
46 54 0.0156324410048305
46 55 0.125771255128291
46 57 0.0752805040010972
46 60 0.157996510335634
46 97 0.0179019844005727
46 136 0.132934647069937
46 140 0.0171318209253039
46 159 0.0496295416289297
46 177 0.249299962554629
46 267 0.00202274437919206
46 322 0.0517936693285847
46 353 0.11402417410469
46 405 0.0260691793647895
46 452 0.017006187433377
46 458 0.221075375978803
46 530 0.0709070196154444
46 553 0.122742895326936
46 613 0.00976200168838522
46 639 0.0145367416070998
46 703 0.00619308971964588
47 32 0.0918119443649879
47 33 0.230434058810158
47 34 0.0723589532383608
47 35 0.050651569513063
47 39 0.00163148875830431
47 40 0.0904932115817605
47 41 0.0195949598562553
47 42 0.0849858741749411
47 43 0.161091260826454
47 44 0.194429132048129
47 45 0.0995387151512228
47 49 0.0976803252318559
47 52 0.211690326219656
47 55 0.104412253680225
47 62 0.0880998906852761
47 98 0.122954122992501
47 116 0.0447069298274265
47 193 0.00995979017877659
47 197 0.103050077856342
47 216 0.0554061055894903
47 375 0.00730501737526457
47 481 0.165882428067308
47 484 0.0435067978542403
47 505 0.171284766079877
47 559 0.0807778502487863
47 597 0.0401393863350722
47 610 0.049904956646177
47 706 0.0595489043131893
48 7 0.0172918468405532
48 36 0.010734670524267
48 39 0.0964536135702259
48 41 0.288043183888295
48 43 0.262850055008083
48 45 0.0226849281136477
48 46 0.176391465350445
48 49 0.0409725793401458
48 50 0.163466725730619
48 51 0.139269283646662
48 53 0.0936962612993079
48 54 0.030162577622618
48 55 0.0818058244580783
48 56 0.0312093488422081
48 57 0.0839510084986107
48 58 0.0908245891200036
48 60 0.0811454002967534
48 62 0.0936698366685353
48 103 0.204720961556096
48 152 0.0535416631326826
48 200 0.14328926756455
48 327 0.124268591581176
48 369 0.0782927806943153
48 388 0.198923493006573
48 418 0.0016323791636567
48 421 0.0722847340186597
48 451 0.150359934119696
48 454 0.0611705905267345
48 462 0.0238754498111887
48 475 0.0506689522734479
48 488 0.0180971438685991
48 490 0.183082138403422
48 654 0.115104358651602
48 677 0.104486008881677
48 689 0.0357611235335007
48 711 0.0860805202621949
49 35 0.0951723325392811
49 36 0.0709094046868302
49 38 0.0595715634103684
49 39 0.0104883983140635
49 41 0.00261939734273365
49 42 0.0327135353838155
49 43 0.0160716149539613
49 44 0.0649819902140776
49 47 0.0976803252318559
49 48 0.0409725793401458
49 50 0.0507215052799309
49 51 0.0344190932770889
49 52 0.14608408537231
49 53 0.0143035127520026
49 55 0.015266806382365
49 58 0.0237664657144955
49 60 0.0226449553614273
49 83 0.0212641998529458
49 166 0.0962598260233585
49 236 0.142909766300903
49 394 0.181867436035949
49 460 0.0406994047287125
49 476 0.0718847143254424
49 489 0.216829033966457
49 647 0.147266635102757
49 702 0.096724153966246
50 14 0.0945488480693652
50 36 0.0375641756639465
50 42 0.0585591109318078
50 43 0.0645602929743138
50 44 0.0267502974477383
50 48 0.163466725730619
50 49 0.0507215052799309
50 51 0.0349138537366053
50 52 0.00713915011774529
50 56 0.186484873962437
50 58 0.0227056382684763
50 60 0.0495917265860342
50 61 0.0356189598927104
50 117 0.0712380179142206
50 176 0.0784063504644925
50 227 0.0432673587383395
50 359 0.227260315109053
50 387 0.17353556404577
50 390 0.0240690249758216
50 402 0.093897453053931
50 566 0.00234543278414504
50 671 0.0057179242169388
50 721 0.0991849675982764
51 39 0.05312744818518
51 41 0.307507880118855
51 44 0.07126416438914
51 45 0.279624293082539
51 48 0.139269283646662
51 49 0.0344190932770889
51 50 0.0349138537366053
51 52 0.102785983341554
51 58 0.0199026901369791
51 60 0.0392781822847704
51 61 0.0349302933870863
51 62 0.0720262337732973
51 85 0.140765694135334
51 108 0.0013923636207842
51 124 0.0874643696617176
51 204 0.0311924683574762
51 220 0.166675376504695
51 239 0.229338831338878
51 252 0.00798474459414571
51 499 0.128715081625282
51 521 0.120052228580251
51 596 0.0771623507904845
51 655 0.0893585341446589
51 681 0.0489842614306831
51 703 0.0841029032345708
51 734 0.0414281723065769
52 38 0.200594554975646
52 40 0.158699254239095
52 42 0.0508302176285644
52 43 0.0506573982249546
52 45 0.179452292785006
52 46 0.0905726301571673
52 47 0.211690326219656
52 49 0.14608408537231
52 50 0.00713915011774529
52 51 0.102785983341554
52 53 0.0804192655913195
52 54 0.232285298463672
52 56 0.00546927967803046
52 59 0.00651667497556111
52 60 0.225961061305776
52 62 0.172914988416675
52 65 0.0441650909156043
52 100 0.0561092623025077
52 118 0.0863222063727892
52 137 0.00660606849974638
52 144 0.0234549810680187
52 372 0.0202135743649936
52 397 0.0929235844745953
52 399 0.269414303536266
52 440 0.00848945702780092
52 463 0.240103593455482
52 576 0.148816867876025
52 609 0.757972223804838
52 660 0.0386043393515319
52 663 0.12953170322474
52 738 0.205173342411935
53 39 0.32559621369817
53 42 0.146049273382534
53 44 0.0368255854633519
53 46 0.329055070815329
53 48 0.0936962612993079
53 49 0.0143035127520026
53 52 0.0804192655913195
53 54 0.0693850118483638
53 57 0.00976890149670121
53 58 0.104512373254062
53 59 0.0767058989143213
53 60 0.197577977662904
53 61 0.185711113219788
53 62 0.0216246890159879
53 64 0.0591981810542363
53 66 0.211108374610008
53 67 0.109137060937852
53 75 0.0258963308180342
53 97 0.00706429303383456
53 106 0.0151190259695003
53 146 0.0918219636219763
53 242 0.0172508721040071
53 314 0.231214672625843
53 317 0.149815407866482
53 384 0.13385791792187
53 466 0.0393995392924887
53 474 0.119269737751203
53 494 0.182593832035735
53 518 0.348398473223892
53 536 0.0692139079952084
53 624 0.00892309823874025
53 630 0.0520416476077312
53 672 0.108307091392458
53 729 0.0550736088043827
54 6 0.189803047170893
54 9 0.336229865172053
54 40 0.0687079379865421
54 42 0.0728837790346151
54 43 0.134280497569614
54 44 0.00320414701673883
54 45 0.114727718681552
54 46 0.0156324410048305
54 48 0.030162577622618
54 52 0.232285298463672
54 53 0.0693850118483638
54 57 0.142355846247354
54 58 0.032866612235279
54 59 0.193917600494933
54 60 0.0100383507012801
54 67 0.0471140296271756
54 68 0.209641871547548
54 94 0.0260425540642986
54 104 0.023985352507056
54 168 0.0294143414965763
54 172 0.307241178883333
