0 4 0.00888250806927082
0 5 0.094138630706456
0 6 0.00800697837040587
0 10 0.565814750399551
0 21 0.196387654064937
0 32 0.0449046244976203
0 63 0.108334140349615
0 69 0.195941571655758
0 91 0.144378265766874
0 97 0.133857770312547
0 173 0.00303286444043108
0 176 0.0173311209691329
0 177 0.0314518067804789
0 187 0.0731280608379755
0 195 0.12781086592353
0 206 0.247721413838877
0 226 0.154552881273844
0 230 0.0696621932595178
0 235 0.0444680137253657
0 284 0.0821458010328062
0 287 0.0823711478147491
0 305 0.11527189864966
0 318 0.0427743579163637
0 339 0.207745914947734
0 341 0.130469135696266
0 415 0.00682730714455418
0 416 0.0567140941647854
0 418 0.0630722998516837
0 432 0.555823998385777
0 454 0.00920764564019004
0 468 0.421985376070901
0 490 0.00713955158818929
0 492 0.073757665590206
0 497 0.16833311620441
0 498 0.415028833651376
1 3 0.0951466097595726
1 4 0.058256864595745
1 13 0.176279205864945
1 35 0.499322773970895
1 37 0.113028699114849
1 43 0.0303550780888316
1 50 0.0658268104124383
1 121 0.0316364473360074
1 123 0.0424965441692847
1 132 0.0302322944442577
1 164 9.42402327530329e-05
1 173 0.219560137512063
1 178 0.15718288236749
1 185 0.0395408932754676
1 197 0.0083355660756
1 256 0.15960078311531
1 285 0.00938770282008014
1 304 0.12746894445688
1 317 0.0955781627697961
1 352 0.490620806054611
1 387 0.0612916807115332
1 397 0.000506488047102103
1 410 0.235664512512036
1 413 0.0180786081377791
1 440 0.122943189505311
1 496 0.0633021873738161
2 12 0.0540803669510591
2 17 0.0511419386464487
2 48 0.142872906319309
2 109 0.014844020895221
2 117 0.167540079191515
2 127 0.0124587120441041
2 133 0.0819374829101576
2 144 0.022646551644811
2 149 0.1183782379813
2 190 0.316374939298904
2 205 0.0630101257705028
2 206 0.0982183092270292
2 221 0.12201059813215
2 240 0.100940057928215
2 256 0.118716713983302
2 268 0.0767128850511228
2 319 0.00129946651417489
2 331 0.0412129807760443
2 344 0.154601646175911
2 352 0.0366153076622482
2 372 0.0842207499200815
2 399 0.105120717325356
2 410 0.0544714325659497
2 420 0.119275318354634
2 424 0.0180656023437215
2 430 0.0381893671756246
2 471 0.0140447202245063
2 480 0.0759225534295023
2 488 0.0185506550951154
2 492 0.36404037910742
2 499 0.0490617380754983
3 1 0.0951466097595726
3 14 0.0934015114015564
3 43 0.185215032471645
3 50 0.0434397859822469
3 63 0.0742157113404043
3 84 0.0234841350552562
3 101 0.400951952355958
3 114 0.0395160943154843
3 124 0.00417291398653016
3 125 0.0623493052549251
3 127 0.0403942137661058
3 132 0.0386131383137685
3 144 0.190441895246092
3 154 0.0437549182980148
3 166 0.0444742648594064
3 171 0.00819282786235533
3 172 0.0746259794716226
3 184 0.0126718414823566
3 187 0.122359495484437
3 200 0.00489886479136802
3 201 0.0476080303083736
3 208 0.0855809298031047
3 214 0.0841902996366196
3 235 0.0211880251894169
3 255 0.149856500783124
3 307 0.263634364343829
3 325 0.0584125446550253
3 334 0.139632982007498
3 351 0.309035994779491
3 371 0.0889854044568738
3 421 0.0238451021514781
3 474 0.086487387802642
3 482 0.00835451813441973
3 493 0.00531571462093508
3 495 0.0150244260658673
4 0 0.00888250806927082
4 1 0.058256864595745
4 5 0.201823837281509
4 6 0.0234481892449707
4 9 0.0725047608278872
4 14 0.135508231894165
4 15 0.321877304358245
4 59 0.0784571563369712
4 80 0.153186455712492
4 110 0.103792618359698
4 151 0.247254727495992
4 214 0.134228492294735
4 278 0.00277507552395249
4 314 0.0176204923742448
4 329 0.523324741806598
4 333 0.0882495563117589
4 346 0.0352699730014312
4 364 0.0183721113015527
4 379 0.180287833000768
4 381 0.107010653665011
4 411 0.0395663880895381
4 414 0.03593579491243
4 418 0.172254345535406
4 433 0.0532808426432093
4 464 0.0391060530138546
4 466 0.0516814770907489
4 492 0.27724747870598
4 495 0.0610724547047154
5 0 0.094138630706456
5 4 0.201823837281509
5 6 0.0963614807412188
5 9 0.0322095784743065
5 10 0.00789010083631715
5 12 0.122942608799119
5 13 0.346628367938807
5 59 0.0489225114221091
5 75 0.0128259779477908
5 76 0.194396856657322
5 104 0.188649716094956
5 111 0.0601675836669257
5 138 0.0978638473735035
5 226 0.0119162560401623
5 289 0.029131566370416
5 293 0.0835089594643402
5 330 0.0139535011308807
5 363 0.0366828810504266
5 412 0.172082512394964
5 426 0.043432222646664
5 491 0.0319809484297626
6 0 0.00800697837040587
6 4 0.0234481892449707
6 5 0.0963614807412188
6 12 0.120496538173609
6 15 0.0674930612150958
6 20 0.376005669727989
6 29 0.224044201519865
6 60 0.192525371551913
6 86 0.0211406066953347
6 99 0.0489312141714129
6 102 0.200878639943548
6 106 0.0200160935761261
6 123 0.202325572782828
6 215 0.0410283175639246
6 216 0.153567137043638
6 219 0.36309861099508
6 237 0.106748768767553
6 252 0.234978935299287
6 270 0.241528871101001
6 272 0.165509916396582
6 273 0.190756393213654
6 289 0.0686558659825128
6 335 0.0968630098531973
6 337 0.0337860729891202
6 360 0.0520736103649202
6 371 0.0814613278997154
6 379 0.530780598392257
6 387 0.0304589240586907
6 431 0.00206447010120541
6 442 0.0782771624114499
6 456 0.0615816851736123
6 481 0.00156140271010126
6 490 0.100498403198429
6 492 0.105627680643097
6 493 0.0145261837080725
6 495 0.100650910649358
7 10 0.121397229685816
7 12 0.0337390841741824
7 13 0.0047391478133086
7 17 0.010150259823808
7 19 0.106415320787596
7 20 0.171891378659002
7 33 0.232918614792904
7 47 0.148585323267175
7 60 0.0952606940527541
7 84 0.0927117347805086
7 93 0.0815876091131927
7 134 0.0171455160931085
7 195 0.382736090939592
7 204 0.39399579624289
7 227 0.129449671105158
7 263 0.323987247459605
7 283 0.106573577373224
7 291 0.0428997958851148
7 343 0.0320039164906058
7 375 0.00624414661239983
7 385 0.0917695848541119
7 396 0.000421638782420132
7 405 0.102014025870722
7 415 0.0940990371186859
7 473 0.12890841704422
7 474 0.0245287715883589
7 493 0.000536821891898701
7 494 0.186978910462878
7 495 0.14068838127516
8 21 0.221876930986533
8 50 0.027302345125929
8 110 0.197640116904741
8 174 0.0106432739495807
8 190 0.021413837832696
8 203 0.021558440632221
8 208 0.105870589669146
8 229 0.153481821901935
8 252 0.0788778880714986
8 285 0.0387426877404658
8 295 0.0663284075359733
8 296 0.234008949593703
8 342 0.00871481829614298
8 397 0.0339633605414122
8 419 0.0214960410559753
8 447 0.0161368839847641
8 458 0.124929382113951
8 474 0.126933820256968
8 481 0.00821696647564838
8 486 0.0614266800466255
8 497 0.00532291744196393
8 498 0.109584375655536
9 4 0.0725047608278872
9 5 0.0322095784743065
9 10 0.0331494425457678
9 22 0.0693062163124201
9 23 0.0316468381136804
9 44 3.97971678121298e-05
9 110 0.252252385218881
9 128 0.00836536995830814
9 167 0.0405919871720773
9 189 0.00501350780412721
9 204 0.0778503142482412
9 259 0.0622215037665979
9 277 0.101141610503069
9 278 0.0169468955622531
9 290 0.0776442656170139
9 297 0.0489902663703489
9 311 0.328050499064158
9 333 0.136659801716185
9 386 0.0628262897966549
9 429 0.0400932299069107
9 459 0.0144396975186465
9 495 0.0259257085106268
9 499 0.0862675082454552
10 0 0.565814750399551
10 5 0.00789010083631715
10 7 0.121397229685816
10 9 0.0331494425457678
10 11 0.0168111963593012
10 12 0.192634076798052
10 13 0.0456739735904126
10 15 0.100669858963938
10 16 0.211706798349806
10 17 0.0113464123274532
10 24 0.0269348319631812
10 49 0.080469750876849
10 61 0.0396195496432346
10 67 0.0259605013762534
10 81 0.329275267905169
10 86 0.122784487778643
10 102 0.0349732920933188
10 146 0.195504147073437
10 163 0.0612777368900689
10 241 0.230192047418335
10 252 0.21863870711815
10 266 0.0369911526836099
10 286 0.00180676419446209
10 307 0.00497617008952577
10 309 0.0653247844976837
10 326 0.139617970153415
10 397 0.0450507844589536
10 492 0.0307960500867324
11 10 0.0168111963593012
11 18 0.268504540699196
11 22 0.117949575794932
11 23 0.033585556512155
11 24 0.0975013103145115
11 25 0.0849048443122903
11 55 0.0435759258839605
11 76 0.0619033326365343
11 85 0.0123644077315114
11 127 0.023755632035951
11 159 0.0216267348213054
11 178 0.0225906125575267
11 188 0.0944291333035491
11 202 0.0764089035756387
11 252 0.00161579334798299
11 265 0.153820619954665
11 282 0.307290844768334
11 317 0.0826246983027063
11 336 0.00232173690001505
11 362 0.191192668163282
11 382 0.0840518258973484
11 396 0.0266951201079298
11 412 0.0712911490415367
11 414 0.0109263810361189
11 422 0.0142656252283139
11 495 0.256076918259011
12 2 0.0540803669510591
12 5 0.122942608799119
12 6 0.120496538173609
12 7 0.0337390841741824
12 10 0.192634076798052
12 14 0.0510540883665474
12 18 0.225746540695448
12 28 0.0935301166955248
12 34 0.0862231515600233
12 43 0.00457984896446894
12 61 0.0587018770901728
12 106 0.0121144374420965
12 136 0.0104649980157385
12 143 0.0511089815648465
12 154 0.077439041182706
12 157 0.0836290718214475
12 179 0.0811306852195069
12 236 0.0163393242923654
12 286 0.00350588309686783
12 296 0.22849050490652
12 311 0.0107021506748559
12 349 0.0116587106461007
12 353 0.00689835022884096
12 360 0.0684664305588048
12 370 0.0447175850724258
12 383 0.0832478059988721
12 396 0.122294744986046
12 399 0.00970808420662913
12 400 0.171079457199343
12 403 0.0807521353391806
12 416 0.0350089335442122
12 420 0.0246430842994084
12 448 0.0352882750961848
12 452 0.0233407423741404
12 473 0.105829461992103
12 498 0.513220311665264
13 1 0.176279205864945
13 5 0.346628367938807
13 7 0.0047391478133086
13 10 0.0456739735904126
13 16 0.0176479018975565
13 24 0.308681267547634
13 42 0.0280367900653378
13 86 0.108567593136168
13 95 0.218837635322324
13 117 0.118379076159531
13 147 0.129355930695929
13 148 0.262196981551845
13 179 0.0368639512723247
13 202 0.0065071811957018
13 266 0.0628044404830539
13 277 0.232119421916955
13 278 0.0498264726909655
13 319 0.100307231781903
13 364 0.00169171607484741
13 375 0.174027750444483
13 377 0.275871595906751
13 382 0.0234084900584121
13 422 0.0531191200478229
13 448 0.0520711097810291
14 3 0.0934015114015564
14 4 0.135508231894165
14 12 0.0510540883665474
14 19 0.342470752147427
14 28 0.0663458059546578
14 37 0.729950007547234
14 44 0.0596396909937643
14 48 0.126160144246939
14 63 0.126323108532933
14 103 0.0741372472813597
14 107 0.108747194628394
14 111 0.0474266170014126
14 112 0.101521296766105
14 143 0.0989454684877458
14 175 0.213011573747048
14 181 0.111121385934821
14 185 0.0204225718009296
14 187 0.178631249040031
14 219 0.013071848421414
14 226 0.0448683653686946
14 278 0.568090134280353
14 300 0.34208132286543
14 301 0.141263633985686
14 337 0.0408491317265398
14 384 0.0216683681991849
14 418 0.00562536279557399
14 422 0.0252393486758267
14 477 0.0022815817914254
15 4 0.321877304358245
15 6 0.0674930612150958
15 10 0.100669858963938
15 20 0.0400891647374771
15 24 0.0135126506117291
15 26 0.0601778998816448
15 28 0.0641173805865783
15 44 0.00825764591783486
15 88 0.0100358435930558
15 92 0.0444421974730097
15 173 0.00252495010888276
15 187 0.119024563949974
15 190 0.109053843654171
15 193 0.0467992344027053
15 198 0.0297860317316746
15 289 0.100933823934168
15 290 0.167000823227867
15 354 0.0636131078845219
15 359 0.0474946350297931
15 400 0.0589696097225635
15 401 0.0622108620491006
15 421 0.0199661310863881
15 425 0.02271688176193
15 444 0.0738003105229564
15 450 0.00370704972231193
15 480 0.0177145110475255
16 10 0.211706798349806
16 13 0.0176479018975565
16 20 0.0198490000119262
16 59 0.154015995267473
16 65 0.106517566631957
16 81 0.195283009753796
16 87 0.142313063538562
16 94 0.0758338308249062
16 104 0.0039225861873896
16 116 0.178227668916752
16 141 0.060230702145467
16 142 0.115170708553718
16 198 0.0930336840651538
16 238 0.129227028648513
16 265 0.146803981650373
16 273 0.0724235190707541
16 346 0.0132944186420139
16 347 0.0297952486750994
16 353 0.0317330151842869
16 403 0.0858534199564751
16 420 0.022683109011279
16 427 0.178462648461892
16 435 0.0604204416954493
16 448 0.020560632280325
16 480 0.00313873267701637
17 2 0.0511419386464487
17 7 0.010150259823808
17 10 0.0113464123274532
17 21 0.0633754564579826
17 29 0.0458655625721262
17 55 0.0478875933613246
17 108 0.0191188488890107
17 119 0.0328736562838661
17 156 0.0592892483852725
17 212 0.220438868025694
17 231 0.111710200119898
17 281 0.0413629654285012
17 304 0.0875847191306114
17 321 0.0604012832250137
17 351 0.188532224422104
17 358 0.149235945169987
17 407 0.119732415581437
17 412 0.364799278336092
17 490 0.0288754981304095
17 491 0.00269860440852012
18 11 0.268504540699196
18 12 0.225746540695448
18 20 0.239593830350073
18 22 0.0623090339446856
18 26 0.101934534207087
18 27 0.023103908555156
18 28 0.0263207994353174
18 29 0.230759522218682
18 30 0.067347503898953
18 69 0.223297647964615
18 91 0.258328282845201
18 106 0.158132676998054
18 254 0.0371170784883561
18 265 0.0442542071350305
18 273 0.252562954073885
18 285 0.216115197779738
18 302 0.0820196151108261
18 323 0.398646947926439
18 333 0.0103350486917948
18 371 0.240176580372808
18 372 0.00321469089835045
18 412 0.28733231870135
18 424 0.277132335372441
18 441 0.274582940493345
18 454 0.144011579285942
19 7 0.106415320787596
19 14 0.342470752147427
19 20 0.0422916698784573
19 22 0.227272905776164
19 26 0.163111604207012
19 27 0.0364370234876571
19 28 0.0473069942766398
19 32 0.279932330220193
19 33 0.217433639314886
19 39 0.298419189585327
19 68 0.0836123122785708
19 129 0.0693705616966887
19 207 0.0242425199474666
19 229 0.201275994138259
19 268 0.059858857585186
19 274 0.632592752618025
19 279 0.13763614462434
19 289 0.100624718912385
19 362 0.0184994796746282
19 372 0.0490905777897285
19 455 0.0734014143831849
19 491 0.268161133739411
20 6 0.376005669727989
20 7 0.171891378659002
20 15 0.0400891647374771
20 16 0.0198490000119262
20 18 0.239593830350073
20 19 0.0422916698784573
20 26 0.000453375447775859
20 27 0.0969253273408998
20 34 0.0610486126216081
20 39 0.126033415167331
20 60 0.0125899609841447
20 67 0.0804113535389658
20 118 0.0422232785990854
20 126 0.0999750365630873
20 134 0.143048980372527
20 156 0.0121261302592672
20 181 0.116406382232724
20 206 0.0241405451728179
20 213 0.0125849655387758
20 222 0.0206446730693991
20 226 0.0816775606376492
20 264 0.0031697562383554
20 274 0.144531586009693
20 301 0.010267199831681
20 373 0.0290591350508217
20 386 0.097113173892327
20 413 0.267171696929562
20 421 0.0257532707454161
20 448 0.0850499051982496
21 0 0.196387654064937
21 8 0.221876930986533
21 17 0.0633754564579826
21 28 0.0497041501350377
21 30 0.00668270207709816
21 32 0.144607226788167
21 33 0.0382649341722795
21 35 0.0353353859171801
21 80 0.0393428518175438
21 106 0.0983503759525576
21 114 0.0629683787254209
21 117 0.168717638905385
21 125 0.0224785365399936
21 158 0.108648917489803
21 169 0.0102332349803548
21 240 0.0948750894740568
21 252 0.116080647924524
21 272 0.0326513146048085
21 277 0.226623209882347
21 290 0.0146443326898523
21 308 0.0203619348439062
21 352 0.373725213545036
21 368 0.00910111356631537
21 371 0.196175937976391
21 399 0.0822075238830353
21 407 0.102666723954944
21 426 0.0480762130147721
21 465 0.339087936234353
21 467 0.037577120919753
22 9 0.0693062163124201
22 11 0.117949575794932
22 18 0.0623090339446856
22 19 0.227272905776164
22 23 0.0581330680595938
22 24 0.235628766866988
22 26 0.0474292402987046
22 31 0.164107143940365
22 35 0.300420642637849
22 66 0.0739488146761738
22 79 0.0419400134064705
22 121 0.178296472206517
22 134 0.0731601516368106
22 182 0.200632500306789
22 209 0.0286604309289726
22 222 0.118961159821025
22 254 0.0704940572084024
22 306 0.0152170038882938
22 345 0.00638314694123273
22 356 0.00264535942304194
22 371 0.0116921134634034
22 384 0.394283302575756
22 390 0.0351148072256247
22 427 0.049240045135485
22 439 0.226111849168303
22 482 0.0169388937203775
22 496 0.064684219987682
23 9 0.0316468381136804
23 11 0.033585556512155
23 22 0.0581330680595938
23 27 0.0627178784772864
23 29 0.136954063199839
23 31 0.231685081099113
23 35 0.0742124730106538
23 47 0.018964783063491
23 74 0.0807946695779573
23 103 0.1674762193398
23 105 0.0096645902043673
23 255 0.0277915579597344
23 294 0.182396641887038
23 330 0.288070437774224
23 389 0.150062916766725
23 392 0.207902256440663
23 409 0.0441807552302496
23 445 0.170983669660378
23 448 0.0243607719035314
23 454 0.0365966327864335
24 10 0.0269348319631812
24 11 0.0975013103145115
24 13 0.308681267547634
24 15 0.0135126506117291
24 22 0.235628766866988
24 25 0.268907426132214
24 26 0.154764882656272
24 29 0.0132557184887757
24 64 0.109752523491798
24 70 0.124555378206196
24 110 0.0817886095025429
24 116 0.0978814365277997
24 117 0.200910307831988
24 119 0.282066004738993
24 141 0.0767175933505154
24 211 0.0255150959530168
24 222 0.298944963664649
24 260 0.0435266292525085
24 280 0.103693131807998
24 293 0.121827860314944
24 306 0.110422380970861
24 317 0.0524182945497433
24 331 0.0827585537175638
24 334 0.180426332374071
24 394 0.032698490925285
24 407 0.0382301863351878
24 426 0.042051666379485
24 436 0.00848367935434287
24 469 0.0010114743498643
24 474 0.0304643444811795
25 11 0.0849048443122903
25 24 0.268907426132214
25 31 0.0878371713670504
25 33 0.00111686373805986
25 36 0.123032899966508
25 38 0.200435790668427
25 88 0.104783330915893
25 94 0.0143820985305702
25 114 0.313425105732217
25 119 0.0443824365381811
25 123 0.0208618846078584
25 133 0.0386857520650514
25 143 0.226340871722246
25 152 0.137690334902208
25 176 0.172924148333152
25 178 0.072056896239218
25 182 0.0193788323826335
25 201 0.0205933821820319
25 215 0.0188797528017368
25 247 0.0510797291894458
25 263 0.0361402670023751
25 268 0.0472133852611179
25 312 0.0326647883210807
25 315 0.0199756028429247
25 320 0.00119273422988225
25 327 0.0376904165758597
25 345 0.00683516617180724
25 349 0.0102278218363977
25 371 0.0788228354468528
25 405 0.0780964890345718
25 428 0.0595036606528095
25 429 0.145008224411812
25 433 0.0302588822228148
25 436 0.018497423098572
25 480 0.03769872571596
25 490 0.069580636415262
26 15 0.0601778998816448
26 18 0.101934534207087
26 19 0.163111604207012
26 20 0.000453375447775859
26 22 0.0474292402987046
26 24 0.154764882656272
26 28 0.0493649625061926
26 30 0.0291483592644699
26 31 0.132261448654919
26 32 0.00487263841325757
26 35 0.348402939869233
26 36 0.00310271639728889
26 38 0.041152355939208
26 57 0.111161536229243
26 92 0.0146065238684781
26 112 0.0888611490521983
26 125 0.194042669623785
26 138 0.00998654330703349
26 155 0.243233923378302
26 184 0.00204223117431464
26 187 0.0876288199049342
26 191 0.277401645968225
26 197 0.179059385624716
26 208 0.132902020682477
26 221 0.126274372536365
26 257 0.112712614706136
26 281 0.0225480631861618
26 310 0.219128763478171
26 402 0.0448403612198386
26 412 0.283928327950203
26 419 0.0303599389991997
26 441 0.20421630789584
26 496 0.0478360907214914
26 498 0.0911731046817523
27 18 0.023103908555156
27 19 0.0364370234876571
27 20 0.0969253273408998
27 23 0.0627178784772864
27 33 0.0305832802959188
27 37 0.199129484832115
27 41 0.0452253996578518
27 157 0.085961205471461
27 161 0.0502547280295728
27 179 0.0828111822501397
27 382 0.263210300356903
27 443 0.124379152330528
27 459 0.00427182942767241
27 463 0.128103145460595
27 481 0.261128302624418
28 12 0.0935301166955248
28 14 0.0663458059546578
28 15 0.0641173805865783
28 18 0.0263207994353174
28 19 0.0473069942766398
28 21 0.0497041501350377
28 26 0.0493649625061926
28 29 0.18971446847108
28 36 0.0668294130335265
28 41 0.126062275430924
28 66 0.0433481317458469
28 95 0.137909673928345
28 96 0.0294524810186834
28 130 0.289899215879075
28 131 0.0797070955948082
28 147 0.14024382235449
28 163 0.181034975127704
28 191 0.079285040909415
28 192 0.0439886175180407
28 206 0.041051292933333
28 236 0.0273026051081052
28 352 0.340845982205045
28 376 0.00234401980453877
28 410 0.272842459907346
28 459 0.0707147057903511
28 498 0.0666753460851203
29 6 0.224044201519865
29 17 0.0458655625721262
29 18 0.230759522218682
29 23 0.136954063199839
29 24 0.0132557184887757
29 28 0.18971446847108
29 30 0.29007095475107
29 33 0.306955950534776
29 38 0.360839148361813
29 39 0.0969381316915002
29 78 0.165265385136256
29 88 0.104432715900956
29 104 0.0395019818048636
29 121 0.0569624026927126
29 131 0.172733407258381
29 139 0.024000741883337
29 142 0.2747698433296
29 145 0.276800229022897
29 156 0.0908055585434209
29 186 0.021110146611406
29 188 0.102932415745892
29 291 0.165648582151336
29 293 0.116924837212835
29 307 0.05970546209708
29 323 0.0273790507750573
29 335 0.0190653103181866
29 345 0.0538277522479189
29 361 0.0107118017765638
29 373 0.0966410846368567
29 445 0.0271597268981355
29 447 0.134951483333213
29 456 0.0155888952715
30 18 0.067347503898953
30 21 0.00668270207709816
30 26 0.0291483592644699
30 29 0.29007095475107
30 33 0.0584140712831909
30 35 0.0720135043206248
30 38 0.0709016359965847
30 42 0.240943228798335
30 43 0.0497601600164393
30 57 0.136089195655106
30 96 0.0357110997193951
30 124 0.126493110262912
30 200 0.0669360952933137
30 218 0.0440707273523574
30 232 0.203129091942791
30 240 0.0102346969392965
30 241 0.0513967960410263
30 259 0.355199809190947
30 265 0.0703424206746048
30 272 0.152636843485324
30 278 0.0859199639550364
30 291 0.0216730814052922
30 320 0.111715662838247
30 332 0.0752301371882073
30 341 0.0520821619492562
30 378 0.144460832041268
30 409 0.0521347443560359
30 427 0.0805317276822371
30 431 0.27031455824394
30 432 0.00996755590790053
30 438 0.152719903647716
30 464 0.0481997891171122
30 480 0.118768922285362
31 22 0.164107143940365
31 23 0.231685081099113
31 25 0.0878371713670504
31 26 0.132261448654919
31 33 0.248956595202687
31 40 0.514177346302842
31 41 0.118635796185122
31 42 0.0414060467011279
31 43 0.284927401846358
31 67 0.0215483323227511
31 68 0.159641615765281
31 101 0.143459052528013
31 120 0.444470585420961
31 236 0.0359067437662839
31 269 0.176932208317704
31 344 0.0601761593510438
31 346 0.338151150976613
31 366 0.10000212750108
31 449 0.185089586741796
32 0 0.0449046244976203
32 19 0.279932330220193
32 21 0.144607226788167
32 26 0.00487263841325757
32 35 0.170366737460855
32 41 0.0555226384767654
32 43 0.0361581168348855
32 45 0.0029355351511579
32 46 0.069167124361095
32 68 0.0509405549517972
32 77 0.161402333062861
32 79 0.026930183054939
32 126 0.17837540664834
32 129 0.0310856789970489
32 130 0.0643151185906681
32 155 0.0226254393314188
32 190 0.312758627501491
32 197 0.026990145482785
32 198 0.296251956647368
32 222 0.234954076510018
32 231 0.0904930478318878
32 301 0.145586739956635
32 309 0.125052766773922
32 373 0.06856709803488
32 447 0.0024572486401673
32 477 0.0968603937186223
33 7 0.232918614792904
33 19 0.217433639314886
33 21 0.0382649341722795
33 25 0.00111686373805986
33 27 0.0305832802959188
33 29 0.306955950534776
33 30 0.0584140712831909
33 31 0.248956595202687
33 34 0.0510012894204476
33 42 0.0291103419581242
33 45 0.166622741516931
33 87 0.206010906207159
33 92 0.119022368017033
33 99 0.0469293342936936
33 121 0.0508454485794921
33 130 0.14099589518811
33 174 0.0191095702278523
33 177 0.230543779997786
33 188 0.0424265278776689
33 192 0.125504613538418
33 212 0.00177305383816655
33 249 0.153052521693631
33 255 0.0406766717700222
33 268 0.0184732488291549
33 354 0.0823242083227989
33 362 0.00530120498314784
33 370 0.240639081410909
33 371 0.0456274406561274
33 392 0.153433321844351
33 400 0.0738978843963186
33 419 0.133163600125256
33 470 0.473650535844974
33 473 0.191112600059691
33 478 0.207768162586298
33 479 0.244406721553003
33 496 0.0166849406981908
34 12 0.0862231515600233
34 20 0.0610486126216081
34 33 0.0510012894204476
34 35 0.160629642748351
34 36 0.188441147298617
34 38 0.131802441340106
34 43 0.208998116061389
34 46 0.361279309146414
34 47 0.0508387876302927
34 58 0.19642251975305
34 73 0.540663073627923
34 78 0.0156870323029242
34 84 0.0490104996242822
34 86 0.462297255373069
34 99 0.0210589829515884
34 126 0.00092767836659262
34 127 0.0190094661577184
34 136 0.112395952109908
34 139 0.0943059594426935
34 166 0.0411427428855856
34 214 0.144005054313498
34 215 0.19339661982027
34 243 0.267414373480628
34 285 0.224041828754716
34 319 0.0861443626496962
34 327 0.0172366820899613
34 331 0.173050454869245
34 356 0.184739658917108
34 386 0.0337456922099437
34 410 0.0153041193082016
34 415 0.119075997506135
34 438 0.143670011746412
34 465 0.207956912917211
34 491 0.0539407255996147
35 1 0.499322773970895
35 21 0.0353353859171801
35 22 0.300420642637849
35 23 0.0742124730106538
35 26 0.348402939869233
35 30 0.0720135043206248
35 32 0.170366737460855
35 34 0.160629642748351
35 37 0.406616397964637
35 40 0.0446877502368574
35 41 0.0290460129983772
35 42 0.321773477950908
35 48 0.195920305424186
35 49 0.0368735578323384
35 91 0.0165709935970445
35 124 0.107726619059731
35 170 0.0262993143296254
35 263 0.190387653632119
35 306 0.0958709913611705
35 327 0.0304609184958611
35 340 0.195173813105439
35 351 0.0922279939584756
35 451 0.0226456697084684
35 467 0.00357557456815326
35 481 0.0278927459217026
35 496 0.0454756752787079
36 25 0.123032899966508
36 26 0.00310271639728889
36 28 0.0668294130335265
36 34 0.188441147298617
36 44 0.00208637945088621
36 47 0.0560280682467003
36 55 0.219954930934199
36 84 0.0682376909828987
36 93 0.0538805327013369
36 102 0.0606040223343504
36 129 0.126805757897825
36 145 0.027133429587063
36 152 0.00728772934087222
36 167 0.00851433685321063
36 196 0.120887866657087
36 209 0.177346154834596
36 212 0.250957614527871
36 213 0.113004825212661
36 232 0.187564834198792
36 264 0.226364648674775
36 273 0.382888885804467
36 294 0.105876258094334
36 323 0.0754718160898379
36 369 0.0681304699278111
36 443 0.00546806160299752
36 459 0.211735785773289
36 487 0.235204855567499
36 499 0.0384743165064887
37 1 0.113028699114849
37 14 0.729950007547234
37 27 0.199129484832115
37 35 0.406616397964637
37 51 0.00729193762981418
37 59 0.292750533575754
37 74 0.0845215099421331
37 85 0.173551705478222
37 92 0.0993250195368885
37 128 0.0645265572158413
37 142 0.0107799000719689
37 146 0.00805847042161218
37 147 0.0285643746205156
37 156 0.12685992267336
37 158 0.00665242710192122
37 160 0.22358385688094
37 178 0.100218546095348
37 193 0.140936753678691
37 196 0.0154110853602423
37 199 0.0531591318492431
37 201 0.0714162197665543
37 214 0.120601930468618
37 217 0.0107584325655088
37 220 0.0683477376916841
37 273 0.054816499998245
37 319 0.264151940595077
37 326 0.196966137110529
37 327 0.0179378356249475
37 331 0.211331707794019
37 336 0.0506814542958233
37 338 0.110771000840254
37 346 0.0929088628768918
37 422 0.0177994464543406
37 425 0.00490764729743371
37 432 0.0235540470683868
37 436 0.330065912659315
37 446 0.210185882171242
37 488 0.117355365893149
38 25 0.200435790668427
38 26 0.041152355939208
38 29 0.360839148361813
38 30 0.0709016359965847
38 34 0.131802441340106
38 39 0.170746155490465
38 40 0.0334984985080632
38 41 0.043359882778716
38 43 0.00199407204598185
38 45 0.291275992100732
38 46 0.0770313697752747
38 48 0.0394072595290456
38 51 0.161042974053175
38 57 0.0353432760181645
38 79 0.0581434920068695
38 121 0.00527315564500978
38 124 0.0113497038906566
38 128 0.0522996494447705
38 130 0.0161710723175223
38 167 0.094794431842874
38 178 0.0422086090829355
38 204 0.0557198829706332
38 264 0.0122395678892295
38 296 0.173096319112273
38 321 0.092573631164939
38 351 0.0503206462245825
38 363 0.108903692430669
38 434 0.0454233293920286
38 478 0.0179411956553218
39 19 0.298419189585327
39 20 0.126033415167331
39 29 0.0969381316915002
39 38 0.170746155490465
39 41 0.266352413747503
39 42 0.0120353263972992
39 49 0.0632444356986378
39 54 0.017904863583518
39 69 0.0368178171380266
39 77 0.0405731212969505
39 93 0.128885228081569
39 108 0.0148830072633622
39 131 0.167425232283484
39 138 0.137789329378328
39 195 0.240877283541382
39 239 0.081645575166295
39 265 0.00716642677579027
39 267 0.00821546190348168
39 281 0.131827431498653
39 320 0.131281918980765
39 391 0.204180597600136
39 414 0.01870001168315
39 426 0.124508971986366
39 484 0.0514033801349482
40 31 0.514177346302842
40 35 0.0446877502368574
40 38 0.0334984985080632
40 41 0.031913799201648
40 51 0.116911611418233
40 53 0.136481508024939
40 61 0.264118368510225
40 65 0.0940457364791981
40 72 0.0428647328528687
40 81 0.140483908468878
40 150 0.260381169949088
40 188 0.0483284835492433
40 213 0.190439262498379
40 222 0.0325668637050381
40 339 0.126120452488967
40 366 0.0841435952963359
40 386 0.052110350141655
40 440 0.0560575143516395
40 450 0.0753925616039574
40 461 0.0583122731126903
40 484 0.00295523671674562
40 494 0.123591752148336
41 27 0.0452253996578518
41 28 0.126062275430924
41 31 0.118635796185122
41 32 0.0555226384767654
41 35 0.0290460129983772
41 38 0.043359882778716
41 39 0.266352413747503
41 40 0.031913799201648
41 46 0.0876747439886173
41 48 0.016161230620008
41 128 0.0111104511172928
41 149 0.151104626412083
41 195 0.100526525936216
41 203 0.0165622273649498
41 217 0.155638503928428
41 283 0.0475284031621783
41 292 0.20909353886185
41 301 0.118512431709388
41 320 0.0886627175441003
41 367 0.121917409879638
41 431 0.0734560409930279
41 443 0.0310790793924855
41 457 0.00907940270896802
41 482 0.075519020129482
42 13 0.0280367900653378
42 30 0.240943228798335
42 31 0.0414060467011279
42 33 0.0291103419581242
42 35 0.321773477950908
42 39 0.0120353263972992
42 44 0.0669099631671586
42 45 0.0766638285954686
42 46 0.126248380745791
42 47 0.045213558876515
42 49 0.145511772287166
42 50 0.256693661988404
42 56 0.0570675926605086
42 69 0.331240735932429
42 87 0.0925230572709257
42 112 0.0808846305014912
42 169 0.0225614664187685
42 186 0.127300119631964
42 195 0.181677283670468
42 254 0.183505170416163
42 269 0.215199164668748
42 279 0.13000525175929
42 345 0.044748789597666
42 408 0.0960411533360817
42 423 0.0122523645790697
42 439 0.000404958098694993
42 449 0.00805035692170784
42 453 0.0600896580817413
42 454 0.122366844487782
42 462 0.0672677447414809
42 463 0.397681836177573
42 485 0.192327522387356
42 497 0.161723164293169
43 1 0.0303550780888316
43 3 0.185215032471645
43 12 0.00457984896446894
43 30 0.0497601600164393
43 31 0.284927401846358
43 32 0.0361581168348855
43 34 0.208998116061389
43 38 0.00199407204598185
43 44 0.12127072290163
43 45 0.0326518080497128
43 49 0.0892970689126045
43 50 0.252688778685271
43 52 0.145113799761568
43 53 0.344465371716672
43 84 0.0466267119466344
43 114 0.0440054679673473
43 115 0.191173396572278
43 145 0.293237266135523
43 157 0.208116708558285
43 192 0.00703290840064758
43 202 0.101524726646009
43 208 0.139047598826992
43 213 0.0034312921625775
43 218 0.0852476171379079
43 226 0.286431140044114
43 239 0.102087110298942
43 247 0.111416887987517
43 258 0.0721323706838888
43 263 0.226543846834487
43 268 0.0311597687726406
43 321 0.242303509807036
43 326 0.0268334906722078
43 333 0.107331641241123
43 340 0.0341333345872716
43 359 0.0992833871448354
43 362 0.0216919411648861
43 391 0.315251406176139
43 393 0.0831404310060691
43 401 0.0553690365943713
43 450 0.142328707277279
43 463 0.167794354972275
43 495 0.0754884672699206
44 9 3.97971678121298e-05
44 14 0.0596396909937643
44 15 0.00825764591783486
44 36 0.00208637945088621
44 42 0.0669099631671586
44 43 0.12127072290163
44 54 0.278059545566281
44 55 0.140805337656383
44 58 0.172036849503872
44 90 0.064913363699563
44 99 0.264613969751985
44 115 0.0622769850577897
44 140 0.136547517989235
44 151 0.0758893811622851
44 165 0.0804551128409748
44 216 0.12741585023485
44 224 0.150286563318669
44 237 0.0727136432606714
44 241 0.0687516341892674
44 259 0.0634142739411061
44 274 0.0731356000632274
44 287 0.152169262752159
44 302 0.0262201942951237
44 307 0.0912293385284494
44 338 0.091899124455502
44 352 0.0269952141621877
44 368 0.184326114686894
44 393 0.146255108775296
44 397 0.105704312848735
44 403 0.110625865702702
44 416 0.0707607308834871
44 421 0.0273305160888061
44 429 0.0153745921198507
44 457 0.00730340585021742
44 483 0.344327752626229
45 32 0.0029355351511579
45 33 0.166622741516931
45 38 0.291275992100732
45 42 0.0766638285954686
45 43 0.0326518080497128
45 47 0.265932884903228
45 48 0.0979344987231387
45 54 0.00709816731021194
45 59 0.0747973949262786
45 70 0.0583923493489425
45 103 0.254105464975443
45 144 0.370234993191838
45 145 0.123847914427737
45 163 0.0870308215363651
45 177 0.00432305142261228
45 208 0.0152137992804424
45 227 0.0543766160031323
45 298 0.0637399031469127
45 305 0.0573688290021843
45 314 0.0766815632677195
45 315 0.0831417751506461
45 331 0.205614348821462
45 374 0.0859415287716528
45 400 0.0965750279450792
45 407 0.0792849795421051
45 430 0.0128799176996921
45 448 0.0180287198167375
46 32 0.069167124361095
46 34 0.361279309146414
46 38 0.0770313697752747
46 41 0.0876747439886173
46 42 0.126248380745791
46 50 0.0547483733052594
46 52 0.0319664408301726
46 56 0.216794012988059
46 57 5.14993478437483e-05
46 70 0.00376429946535774
46 81 0.109582887027439
46 116 0.00355324407100228
46 172 0.0853099112311191
46 184 0.107443990385143
46 189 0.145810952281415
46 253 0.106655660216951
46 301 0.0536241458095091
46 303 0.211396677829473
46 321 0.0721538918331446
46 355 0.769160992302961
46 358 0.0749607525326224
46 369 0.362867495151531
46 380 0.0152277419774187
46 384 0.0138107939158044
46 499 0.253107750747444
47 7 0.148585323267175
47 23 0.018964783063491
47 34 0.0508387876302927
47 36 0.0560280682467003
47 42 0.045213558876515
47 45 0.265932884903228
47 49 0.0908037587869178
47 54 0.177389240440841
47 56 0.187424768295231
47 58 0.119649509394758
47 61 0.10003260975439
47 62 0.22136954084276
47 73 0.33053963642944
47 92 0.0129463207069624
47 156 0.143611886895957
47 163 0.00792565777928413
47 169 0.17501855078496
47 199 0.186953741358279
47 203 0.109205630881818
47 210 0.0813298623793475
47 211 0.194507977464494
47 222 0.05729855711049
47 229 0.00611004364982433
47 241 0.151387922289351
47 308 0.0519895095757692
47 315 0.221062887451235
47 323 0.0340769519434147
47 342 0.00292519362951305
47 347 0.314974426310174
47 372 0.372421233279716
47 375 0.235938921729351
47 383 0.0756057313491943
47 405 0.0246463433123132
47 410 0.0256443063672059
47 413 0.20609663787859
47 441 0.026219845649727
47 455 0.147787768317363
48 2 0.142872906319309
48 14 0.126160144246939
48 35 0.195920305424186
48 38 0.0394072595290456
48 41 0.016161230620008
48 45 0.0979344987231387
48 53 0.0027826852783091
48 54 0.095968221058061
48 58 0.000676803786420835
48 64 0.0408395034429895
48 129 0.24087246438942
48 162 0.170693651346293
48 167 0.00604472780588479
48 194 0.146953831310082
48 241 0.0859824816483816
48 244 0.0189558868889355
48 277 0.0910580094542859
48 297 0.0338218567522096
48 405 0.0290905255578393
48 431 0.521108941498701
48 447 0.070740462148618
48 462 0.0598700635476328
48 484 0.109527841677922
48 486 0.0549855293194785
48 496 0.0521280261313583
49 10 0.080469750876849
49 35 0.0368735578323384
49 39 0.0632444356986378
49 42 0.145511772287166
49 43 0.0892970689126045
49 47 0.0908037587869178
49 50 0.0412871042211898
49 53 0.239775888288081
49 58 0.135011176926419
49 61 0.287765721824737
49 74 0.101140013978418
49 85 0.181487502739425
49 100 0.10107179909861
49 111 0.133449787253632
49 157 0.041826605599818
49 162 0.150776011566724
49 169 0.0603517136674435
49 175 0.504142162963843
49 189 0.0473222471243208
49 241 0.145300572189918
49 256 0.00789955909607883
49 278 0.0109896543077321
49 280 0.0691855614074758
49 363 0.0932208990852287
49 436 0.0343023767984475
50 1 0.0658268104124383
50 3 0.0434397859822469
50 8 0.027302345125929
50 42 0.256693661988404
50 43 0.252688778685271
50 46 0.0547483733052594
50 49 0.0412871042211898
50 54 0.180170781080102
50 59 0.177818438431999
50 65 0.0240619119305244
50 130 0.0724145219092465
50 142 0.0139079652928539
50 159 0.0801090821169417
50 174 0.176574979782496
50 183 0.0956307860292758
50 213 0.0713703934204008
50 227 0.0712210027184523
50 297 0.0358799509452568
50 317 0.0279171201606166
50 362 0.0870135643461289
50 365 0.0274068054041086
50 368 0.628199926267726
50 378 0.0778197862279711
50 413 0.326890332835277
50 416 0.0327759869940282
50 464 0.111352608215615
50 466 0.0210241886410688
51 37 0.00729193762981418
51 38 0.161042974053175
51 40 0.116911611418233
51 59 0.0509474102652504
51 61 0.048007376521992
51 62 0.0696269108833104
51 65 0.13283294874214
51 66 0.128844076570067
51 74 0.0162715493973427
51 94 0.0970744014348915
51 111 0.202191271581967
51 179 0.00888004531812137
51 224 0.205289109177604
51 248 0.0433037241084587
51 257 0.0328040462985421
51 276 0.12310734589196
51 346 0.144553075125657
51 356 0.0185397353363898
51 362 0.121199189595886
51 384 0.00262165633459916
51 394 0.0409414215080622
51 397 0.0530809077164128
51 415 0.0446952518118485
51 446 0.197191781989956
51 457 0.00835879198228685
52 43 0.145113799761568
52 46 0.0319664408301726
52 55 0.546008774420924
52 60 0.0902987890790635
52 62 0.0511006841810105
52 68 0.23440792325845
52 82 0.025415008040065
52 94 0.00392919654034695
52 108 0.0129514475828084
52 111 0.238673063702607
52 164 0.0305141802072611
52 176 0.0112552873080604
52 212 0.0392375211712957
52 223 0.0738014029626015
52 253 0.0256375153806407
52 257 0.0155247145922058
52 266 0.0808223794059382
52 281 0.461594924617663
52 306 0.0826695109752425
52 345 0.268593162197581
52 446 0.0264892655694189
52 472 0.0579327883481209
52 486 0.189482607715627
52 498 0.400203960255988
53 40 0.136481508024939
53 43 0.344465371716672
53 48 0.0027826852783091
53 49 0.239775888288081
53 64 0.0343379623399843
53 66 0.0201895003860938
53 72 0.152017113082584
53 111 0.2036852343106
53 115 0.00958819631262213
53 134 0.257540889094775
53 143 0.675174232282143
53 152 0.00741026396095004
53 185 0.271499387479296
53 198 0.00354941855024312
53 199 0.160241464173694
53 204 0.251450844979782
53 220 0.0459899156729927
53 235 0.035581430171799
53 255 0.0982718859237605
53 265 0.0320632767966778
53 272 0.0266695215723646
53 336 0.144724346642215
53 366 0.135715874484359
53 378 0.0716210351400203
53 403 0.0546092725491037
53 409 0.298640972900744
53 423 0.0600563440801871
53 456 0.146489631360939
53 458 0.0160392860964536
53 473 0.246413292188681
53 475 0.188611937491574
53 489 0.299028381963559
54 39 0.017904863583518
54 44 0.278059545566281
54 45 0.00709816731021194
54 47 0.177389240440841
54 48 0.095968221058061
54 50 0.180170781080102
54 58 0.072938853924846
54 59 0.213650375272356
54 70 0.0192935010538021
54 71 0.291791394366285
54 83 0.0110367158986706
54 88 0.038590365323552
54 96 0.0453967481705491
54 103 0.00162775360050965
54 126 0.00610364000059587
54 136 0.0452838830221806
54 171 0.0308729567834305
54 220 0.00286735978874416
54 246 0.231715800524357
