0 2 0.0393183055461131
0 13 0.455266559408575
0 27 0.391559765104881
0 84 0.0327897803295826
0 103 0.018353130973321
0 107 0.20649938994304
0 109 0.00108098086002315
0 135 0.000332531749587438
0 156 0.106215070960918
0 170 0.217386001247868
0 205 0.0950965106233095
0 233 0.0405906978544038
0 242 0.22302922852123
0 263 0.144371430900594
0 266 0.15261716496228
0 303 0.110774513039078
0 309 0.0169290518582825
0 327 0.0538342422216023
0 348 0.0218208804801895
0 357 0.0737547365102469
0 383 0.0426998614546783
0 389 0.0605638662399431
0 396 0.0535008303103025
0 452 0.0281856017855983
0 455 0.246667179313085
0 458 0.0837798602416722
0 463 0.0536835792794727
0 465 0.00380492989751958
0 466 0.0357146288078988
0 482 0.125540434613217
0 491 0.114689882657961
0 498 0.0678078064476949
1 9 0.0209205060829309
1 11 0.062310433554474
1 15 0.18263065572975
1 38 0.136674718554586
1 63 0.0737731097866449
1 70 0.0113168599956892
1 91 0.329038122115138
1 103 0.0132102962798307
1 135 0.109097133262457
1 155 0.120549763911924
1 156 0.170372585730042
1 158 0.0531230550649232
1 197 0.0346468577856535
1 253 0.0542088505923352
1 261 0.0595586569020613
1 292 0.0406089647604118
1 296 0.108964959870287
1 308 0.106487674968793
1 347 0.119610128675896
1 363 0.0225043139453492
1 369 3.06190952890821e-05
1 382 0.108022720982133
1 391 0.308068946211637
1 399 0.132661315339673
1 402 0.0169207642182483
1 446 0.00631355407581589
1 456 0.0505184673099819
1 490 0.102104941100441
1 497 0.00181434078931169
2 0 0.0393183055461131
2 3 0.169443443717111
2 4 0.108649576630199
2 60 0.0940650051420681
2 89 0.147560969900128
2 111 0.0641139941388552
2 131 0.00971484881803517
2 142 0.0622316868237584
2 150 0.0680920385867101
2 208 0.105877423861444
2 236 0.115911519968385
2 251 0.072465611709079
2 266 0.0743289759756308
2 343 0.0778623575074288
2 345 0.0223266312171384
2 364 0.044070241533317
2 367 0.254381174061972
2 477 0.0106232310782792
2 491 0.0536740729465318
2 495 0.0442090108464149
3 2 0.169443443717111
3 10 0.0171798791376626
3 77 0.0990662141529478
3 85 0.0637167391784687
3 89 0.000923793925500029
3 102 0.0742155294125181
3 136 0.298993075093435
3 149 0.0195043439708248
3 176 0.20322995659458
3 195 0.103394777826264
3 219 0.189506447298895
3 242 0.0916286823755324
3 250 0.014708783539143
3 262 0.0499350030068831
3 281 0.144734531545014
3 297 0.00701321659855902
3 304 0.0162936442493814
3 331 0.012275296854533
3 353 0.0594768430296022
3 382 0.218127314663094
3 411 0.0237470896383127
3 435 0.0769611905902837
3 441 0.09058017794353
3 448 0.0590547671708597
3 456 0.0378269943584385
3 470 0.0323402207843057
3 479 0.252618618920928
3 481 0.160734880953423
4 2 0.108649576630199
4 5 0.031832172869449
4 26 0.00822040634726713
4 45 0.142190317962071
4 58 0.121838074447544
4 64 0.0670134110398352
4 74 0.159444639041418
4 88 0.0134019401860367
4 102 0.181201575360341
4 122 0.0154129739772618
4 123 0.265276967538546
4 137 0.116275777580905
4 144 0.0104058159675982
4 157 0.113945520011528
4 192 0.0600797929647832
4 202 0.04433988151764
4 218 0.0942998680776289
4 265 0.0440614238643558
4 278 0.125592157169029
4 307 0.0908211118207681
4 315 0.140203279371643
4 349 0.0493714553467763
4 350 0.120673265950053
4 356 0.0430175309565405
4 363 0.119906127435226
4 373 0.0245359700851919
4 410 0.0100169794387567
4 491 0.0787750926726864
5 4 0.031832172869449
5 16 0.0871214136554734
5 21 0.0995009769840416
5 39 0.12797762902648
5 53 0.0497001815401625
5 75 0.086110167241597
5 81 0.199683082677472
5 95 0.191668801685583
5 124 0.0872850333578506
5 129 0.0999072212198262
5 159 0.108762281224745
5 174 0.0267275910036228
5 207 0.0866293878891721
5 228 0.0434224986895226
5 250 0.211087035174933
5 258 0.00455192006594218
5 274 0.107648542115796
5 280 0.217991085413778
5 290 0.0540999633665138
5 306 0.167889901709009
5 311 0.164718935519813
5 337 0.0365454568049841
5 372 0.0160113578914317
5 388 0.0418432564180493
5 450 0.28187498093835
5 472 0.177218799324422
5 490 0.0832474916203934
5 496 0.100992396730042
6 17 0.096977731909704
6 41 0.119377598543255
6 53 0.091041665950691
6 61 0.0954846043379623
6 70 0.0179849980183418
6 86 0.0432008544203234
6 166 0.0789211275612359
6 172 0.0235693732312409
6 174 0.0126360089886789
6 175 0.00302605533072104
6 178 0.00686975137669727
6 189 0.0581783152066785
6 197 0.0319659140405925
6 211 0.0876920097483941
6 215 0.232946468865352
6 226 0.159526939273964
6 234 0.144991458242002
6 238 0.19313262426396
6 249 0.0467182763773978
6 279 0.242981406915034
6 302 0.166175160482096
6 322 0.320879531326305
6 373 0.302281173255516
6 377 0.00560775910858834
6 379 0.0563469963200487
6 387 0.128687655191711
6 394 0.353277673852552
6 426 0.0512821849770098
6 431 0.00129955514586429
6 443 0.235705443142649
7 10 0.0230645879615188
7 30 0.0240820275576947
7 48 0.232984692519629
7 59 0.0766363578508707
7 72 0.00244789988820578
7 73 0.057440194421749
7 74 0.0190160552558295
7 135 0.250233040996372
7 178 0.0853411693500446
7 196 0.0805716587935499
7 199 0.190320193808424
7 227 0.253702904513863
7 266 0.266229756963054
7 275 0.0528997399235777
7 330 0.0170790930907425
7 340 0.0737092656808155
7 369 0.0044655207751329
7 455 0.204158825885287
7 483 0.105535075968269
7 494 0.0585939605423731
8 9 0.00685995285093955
8 14 0.24682276489422
8 37 0.14644512780665
8 48 0.0101317326468778
8 66 0.00625275986933528
8 91 0.0753216231403064
8 130 0.105482487819584
8 132 0.0158363611041884
8 268 0.0929833022365752
8 270 0.105972628877442
8 335 0.067007569636912
8 374 0.0120976734862241
8 385 0.00389790911059281
8 418 0.0755232816297391
8 423 0.147278010589488
8 424 0.0740914475682628
8 425 0.249082895185567
8 426 0.109458619822065
8 437 0.0475645696408613
8 440 0.00201863885252883
8 450 0.0826036509303496
8 465 0.0097710008830549
8 494 0.0412037849595662
8 496 0.0531536931496575
9 1 0.0209205060829309
9 8 0.00685995285093955
9 15 0.0503597042108024
9 18 0.0247493039420453
9 34 0.0683914214125058
9 92 0.0324690288981506
9 110 0.00445174014736166
9 132 0.212233727660491
9 173 0.0767418614958383
9 186 0.0300468242636089
9 197 0.0217920476651049
9 200 0.403065482103377
9 213 0.0145821906673798
9 224 0.0608288708976153
9 226 0.0383610611295975
9 260 0.171088385674941
9 261 0.0244412817806475
9 301 0.0165885001541504
9 316 0.124947323239284
9 340 0.0728002615007443
9 418 0.53103038713464
9 489 0.0466205027660162
9 494 0.0199097044242126
10 3 0.0171798791376626
10 7 0.0230645879615188
10 16 0.146963376951811
10 18 0.00148786723356728
10 21 0.0563386027756014
10 68 0.00428892346698858
10 80 0.0473107555925671
10 105 0.0626425436880201
10 131 0.180909469914157
10 186 0.15408841584109
10 189 0.00407725078701386
10 201 0.119270701212558
10 209 0.129651228215009
10 213 0.0038905427246541
10 219 0.444551656502986
10 273 0.00154982629326438
10 315 0.122752354022415
10 328 0.159503617563538
10 331 0.0561065672069927
10 335 0.185958106050682
10 358 0.0893233695306112
10 402 0.00602404858486593
10 449 0.248626584436524
10 472 0.010843451676521
10 481 0.0321074253606557
10 485 0.196020816732858
10 486 0.149400890897123
10 490 0.0644487830742429
11 1 0.062310433554474
11 19 0.0192272382350925
11 41 0.0136789816262269
11 47 0.0890984599243347
11 50 0.0341868348037383
11 64 0.166060898916365
11 79 0.180031232999358
11 82 0.243561445246721
11 102 0.0510585479738793
11 104 0.215362748331846
11 109 0.050536563049111
11 115 0.0487296252409674
11 145 0.00559283757487183
11 176 0.211293140283824
11 189 0.11607751711678
11 191 0.0642986732150025
11 219 0.305023583807843
11 231 0.138524486928109
11 234 0.022243651117739
11 254 0.015369439747949
11 267 0.385290268726669
11 296 0.0663499669736608
11 309 0.070802845743659
11 311 0.0150788529473819
11 323 0.0204142978964865
11 356 0.0415416482109364
11 374 0.110679668269471
11 377 0.23595136574231
11 386 0.01087100661146
11 388 0.0916040633563949
11 390 0.339933472236758
11 394 0.214076020482648
11 431 0.109396812246719
11 456 0.0403266834886544
11 491 0.0279717038215575
11 492 0.206358261814915
12 16 0.0553565396024226
12 22 0.0183638710923934
12 30 0.125185195879371
12 45 0.0222172556901619
12 56 0.173700707655946
12 66 0.183222921924225
12 135 0.14861305105646
12 167 0.044992202733707
12 193 0.119100998007602
12 225 0.0303950238628026
12 226 0.0325959551640988
12 232 0.247200766132284
12 274 0.074063084601196
12 291 0.579452615405081
12 304 0.00347827060144777
12 305 0.144122200348623
12 306 0.0157033313696634
12 318 0.0119899391015418
12 344 0.101894693502327
12 375 0.00308848248074366
12 386 0.213186916222642
12 394 0.0544763710521539
12 401 0.0175372463565698
12 424 0.211054903518382
12 486 0.122103540026254
13 0 0.455266559408575
13 22 0.030451310866133
13 28 0.0380682644790747
13 101 0.131932830949559
13 111 0.0314114132818276
13 114 0.0244799832807465
13 120 0.00732623943112804
13 129 0.127920450967457
13 177 0.062431450007501
13 207 0.175409733743594
13 216 0.0288861523286807
13 256 0.0233494993225505
13 294 0.0327171509039196
13 314 0.199326232635462
13 343 0.00703890510222997
13 363 0.177471025553646
13 376 0.100292271677474
13 388 0.171611665820216
13 404 0.0185274517794302
13 409 0.0356115776366506
13 411 0.0296102107927043
13 412 0.123625062756854
13 413 0.127588074405216
13 417 0.028804877008595
13 436 0.113093387006805
13 466 0.0100827857032324
13 476 0.0665088263882349
13 481 0.024228348808838
13 483 0.0362596425763995
13 492 0.098091350170514
14 8 0.24682276489422
14 15 0.023069314694543
14 16 0.0562031158826499
14 20 0.0460911352281932
14 28 0.0793842718369236
14 30 0.0495690083781173
14 59 0.0255359337580116
14 68 0.020547576975802
14 102 0.170368902517918
14 119 0.0155569626231
14 135 0.101630276382269
14 140 0.209091492549917
14 145 0.0105085507122212
14 160 0.00888483122550176
14 179 0.197863952612551
14 197 0.154974598136197
14 202 0.0892013418950962
14 222 0.0656564301252882
14 227 0.0944864564798557
14 250 0.221148481464597
14 256 0.0246952837691095
14 260 0.124568386640906
14 263 0.0364027549531251
14 269 0.333610022830422
14 275 0.219738515759545
14 281 0.175519754186001
14 283 0.0250655483259477
14 295 0.00927247841067906
14 314 0.163132662027498
14 315 0.0564575492119839
14 338 0.116063287872055
14 360 0.0130874239773472
14 391 0.174950450461365
14 439 0.0217923797837982
14 497 0.139963437506971
15 1 0.18263065572975
15 9 0.0503597042108024
15 14 0.023069314694543
15 24 0.0573057618453001
15 29 0.00713692861082667
15 37 0.0292881994798136
15 62 0.0189168705469777
15 63 0.0730430839414334
15 70 0.0102171536332866
15 88 0.107174632602517
15 134 0.141858791289767
15 155 0.0297793961472469
15 163 0.0156090770519886
15 164 0.0241098412796682
15 220 0.101141700286995
15 236 0.241538609785039
15 242 0.00329162880642905
15 314 0.0284540417742785
15 315 0.094487107346288
15 316 0.0102169935132066
15 317 0.0354127095553949
15 338 0.0481963975376761
15 348 0.0947167923943427
15 357 0.0257428597907338
15 378 0.0340159904477109
15 395 0.0719038907941862
15 408 0.00698401463321757
15 431 0.309817199401627
15 464 0.00447322913343703
15 479 0.525283400224048
16 5 0.0871214136554734
16 10 0.146963376951811
16 12 0.0553565396024226
16 14 0.0562031158826499
16 27 0.038366454498437
16 40 0.146268855658731
16 45 0.19473387606209
16 115 0.165727704262253
16 116 0.108710810904481
16 120 0.404791308779151
16 150 0.278067342197214
16 157 0.0454456208797257
16 164 0.243884535832292
16 187 0.0624845352961587
16 295 0.0953011814584367
16 320 0.097101543080815
16 321 0.374678410827664
16 324 0.165044997429655
16 341 0.0927361651776782
16 349 0.0632988099349416
16 372 0.0231446686158544
16 401 0.129785646615558
16 410 0.290181177790603
16 432 0.288519971815567
16 440 0.188797806883668
16 460 0.000242259263262491
16 476 0.0750327010468624
16 478 0.0374933860241535
16 489 0.076738746720139
16 492 0.00666306127548781
17 6 0.096977731909704
17 24 0.101148279111967
17 38 0.060208438245855
17 46 0.0679948523491873
17 51 0.0394293746875847
17 56 0.163874658293648
17 68 0.103794583241468
17 71 0.000113768957444577
17 174 0.0484618229203288
17 181 0.230697071325586
17 228 0.00448889548255154
17 235 0.0929453786716118
17 241 0.3636052923455
17 244 0.0193308496236757
17 299 0.0965631002997987
17 345 0.108048100944667
17 360 0.0484925634287008
17 369 0.0512569797740648
17 371 0.00571596286885392
17 397 0.00360760057217528
17 405 0.0463896638237672
17 422 0.0355114243530752
17 429 0.203410992781371
17 430 0.125944498949898
17 436 0.00180514445523414
17 445 0.0491649293534254
17 457 0.100780636355066
17 458 0.0643183574155042
17 488 0.099508667108069
17 498 0.0475528634133933
18 9 0.0247493039420453
18 10 0.00148786723356728
18 19 0.0241587513792562
18 20 0.104284104616246
18 26 0.0127927131669662
18 108 0.114800975243465
18 118 0.0221410331688958
18 141 0.0863218425476706
18 178 0.00282181010052298
18 191 0.00280988949862706
18 261 0.0487142290142559
18 271 0.291012047784821
18 288 0.133542542644624
18 290 0.0671720232278155
18 328 0.0193810308300733
18 345 0.235817908289206
18 378 0.0190935174387606
18 389 0.0275953102141415
18 394 0.0337526353750435
18 408 0.0208951622578285
18 431 0.140488396165736
19 11 0.0192272382350925
19 18 0.0241587513792562
19 20 0.0860628421296848
19 31 0.214124856973463
19 64 0.00787612244146782
19 71 0.0356891644472425
19 104 0.175627308969544
19 189 0.220599782744117
19 196 0.274926354092812
19 201 0.465385382198386
19 270 0.114066827018533
19 276 0.12901257323509
19 288 0.102569382769793
19 298 0.0893244344572815
19 333 0.107825059625861
19 442 0.103341957445671
19 458 0.0264483619229633
19 482 0.0669705887302695
19 488 0.190722389353569
19 490 0.186116927722481
20 14 0.0460911352281932
20 18 0.104284104616246
20 19 0.0860628421296848
20 22 0.242203668011321
20 32 0.104754194743231
20 90 0.057308467757979
20 109 0.0326816311962541
20 123 0.0477150157400525
20 131 0.165166116329266
20 182 0.371847700933791
20 257 0.0177277342025367
20 263 0.0887060163891416
20 279 0.0251837823425868
20 301 0.108690581202048
20 312 0.116731803203016
20 339 0.166452674799477
20 351 0.044913099080542
20 361 0.0499374106228378
20 373 0.110473880324597
20 397 0.140163906621205
20 403 0.110055789770684
20 411 0.269468150330933
20 484 0.0956315324155182
20 487 0.0371870315480115
21 5 0.0995009769840416
21 10 0.0563386027756014
21 23 0.0263266817565651
21 33 0.0620786331913289
21 35 0.269805264122155
21 37 0.0586459685460383
21 166 0.0138912647935124
21 179 0.0847978949496169
21 203 0.0621312072111512
21 204 0.101346013635508
21 220 0.116804043053846
21 221 0.011931714380023
21 252 0.00607173485712046
21 271 0.362619227070793
21 276 0.116041352949507
21 297 0.00620449213859677
21 300 0.0672948174923494
21 350 0.129750846847498
21 360 0.352871688153714
21 372 0.0763224996393283
21 385 0.0622825051063003
21 391 0.391610133878953
21 437 0.0203950032627728
21 441 0.0334086104122232
21 442 0.143310261679191
21 447 0.0725937509130121
21 471 0.00537721068914399
21 473 0.00920130050965826
21 475 0.0698352427626586
21 481 0.00788992290508676
21 489 0.05834334739295
22 12 0.0183638710923934
22 13 0.030451310866133
22 20 0.242203668011321
22 26 0.0102182445948694
22 40 0.355893220760687
22 63 0.0389303775743456
22 92 0.0385554943347699
22 101 0.268816890153741
22 108 0.112869365351751
22 115 0.17058830909215
22 127 0.101313625406259
22 129 0.0372223661532944
22 147 0.0352764919058944
22 173 0.107855516912671
22 191 0.092429585488362
22 212 0.0353619871745818
22 247 0.00454032447163037
22 332 0.0497329531746094
22 344 0.121206413966369
22 347 0.00560832299391496
22 380 0.17928013502649
22 422 0.185425128240987
22 432 0.0257082542919892
22 433 0.0490879679134195
22 467 0.114508003422763
22 479 0.00978796334144709
23 21 0.0263266817565651
23 26 0.136081618753777
23 49 0.0387052643350455
23 66 0.130898533648027
23 73 0.180124769380597
23 85 0.138048194650955
23 107 0.257624942283258
23 110 0.066935624609007
23 120 0.0176914251685058
23 122 0.00368896760813371
23 183 0.0497182121738704
23 220 0.0709985742789808
23 279 0.153891647479116
23 292 0.0377445313192741
23 395 0.037932446921841
23 396 0.0327669840433071
23 401 0.202260740740711
23 415 0.0802327304912538
23 430 0.164385541033098
23 436 0.0173536295854448
23 439 0.0422272660200242
23 444 0.0582751034556591
23 447 0.215360893734994
23 455 0.106385857504958
23 465 0.0179791799042379
24 15 0.0573057618453001
24 17 0.101148279111967
24 27 0.0756676285957107
24 30 0.0491453733515477
24 43 0.0825179526422965
24 123 0.0126397024193445
24 126 0.0115780378317933
24 160 0.0728140814171324
24 173 0.0398274759196699
24 185 0.00579578355591561
24 217 0.116112526959652
24 219 0.0293441315584486
24 250 0.0344920030714072
24 265 0.20241836596205
24 279 0.167473826512357
24 303 0.0213889906150684
24 320 0.0170220604365228
24 330 0.156095533334054
24 355 0.0274396132108609
24 377 0.064944370665663
24 420 0.333221221052531
24 426 0.0847813900413717
24 431 0.180310078191659
24 432 0.0373898424041561
24 436 0.0873458514166804
24 444 0.087875414626804
24 447 0.00548851342305157
24 461 0.0116195116007211
24 491 0.256937041912125
25 36 0.0191926042754869
25 49 0.413578090921386
25 61 0.102661581700663
25 82 0.0222007970483129
25 91 0.0660435502917791
25 107 0.10792397517304
25 124 0.0320971370030635
25 137 0.0632476150663
25 146 0.00478677888106256
25 156 0.140583074825766
25 167 0.21039710616186
25 170 0.020947505440954
25 188 0.171298284269161
25 204 0.0357073618792731
25 278 0.0666924693273359
25 356 0.0266442911533246
25 367 0.0424954516294793
25 398 0.191432966814658
25 411 0.158251696876917
25 422 0.0415117203015176
25 426 0.13024199637874
25 443 0.068234750973964
25 444 0.0810108189149306
25 447 0.18642132414099
25 456 0.0647687036666435
25 463 0.0110575332578381
25 480 0.192952072606906
25 490 0.0678485842869765
26 4 0.00822040634726713
26 18 0.0127927131669662
26 22 0.0102182445948694
26 23 0.136081618753777
26 32 0.00450028043618312
26 33 0.205301002394681
26 35 0.05845855772007
26 36 0.295472544219906
26 42 0.088424599202755
26 100 0.131680154992078
26 108 0.0522282515498062
26 143 0.126146777127114
26 183 0.0679476119219924
26 230 0.0220320347835112
26 235 0.00772120568547248
26 267 0.0578826650852397
26 272 0.0278531111392617
26 304 0.137942917027833
26 305 0.271223524583384
26 324 0.0110474781258392
26 330 0.0169335221800124
26 337 0.104178127946459
26 342 0.0491149701416848
26 349 0.00695252986249412
26 362 0.108991777989138
26 368 0.13161613192015
26 370 0.0454869622705282
26 422 0.0114393879954475
26 454 0.0885066079893247
27 0 0.391559765104881
27 16 0.038366454498437
27 24 0.0756676285957107
27 29 0.252713394997605
27 31 0.207420696731396
27 40 0.26733622210825
27 60 0.0647647951169616
27 113 0.0970340806097309
27 118 0.0247779714514854
27 153 0.0835262795814309
27 174 0.655648951847007
27 179 0.00622319459069717
27 243 0.0346232929137572
27 255 0.111533050925673
27 283 0.165493727084497
27 309 0.25791403681259
27 310 0.0906996810975475
27 317 0.0598121806567504
27 319 0.0429052265793356
27 342 0.146534234504567
27 359 0.024621815403974
27 408 0.0370649445249235
27 411 0.00866349270780237
27 450 0.231584485746427
28 13 0.0380682644790747
28 14 0.0793842718369236
28 40 0.0136185935066779
28 42 0.024561218601281
28 43 0.0159833147328319
28 46 0.036020397962204
28 83 0.0128803862195355
28 111 0.00292531663891888
28 131 0.0275632385594931
28 159 0.0949911585588963
28 188 0.0161351938239518
28 224 0.0469675370683443
28 241 0.207041380349293
28 258 0.0591892343854164
28 320 0.0476251153801379
28 329 0.107524845094982
28 356 0.00922382410624734
28 385 0.104112937098421
28 406 0.0808228203942835
28 412 0.00383913705140957
28 421 0.134846982479608
28 446 0.0393171123727085
28 458 0.113824051274781
28 462 0.112387593426202
28 468 0.216100396787508
28 474 0.0663952093340144
28 490 0.109647347773127
28 498 0.0221862763259229
29 15 0.00713692861082667
29 27 0.252713394997605
29 43 0.0113379995660604
29 71 0.144726554866272
29 83 0.16763500868008
29 91 0.0171130763117769
29 103 0.105994133770861
29 148 0.0123673263135494
29 166 0.0613935703350423
29 181 0.0223722039324525
29 184 0.000465164005390962
29 226 0.026135118299251
29 259 0.0129725151842845
29 277 0.00933786028178076
29 281 0.254492411858502
29 333 0.187361807612609
29 364 0.234965562788949
29 408 0.0477570662280634
29 470 0.633534638652959
29 473 0.0757953897588256
29 490 0.0606627676238719
29 494 0.161618289951808
30 7 0.0240820275576947
30 12 0.125185195879371
30 14 0.0495690083781173
30 24 0.0491453733515477
30 33 0.157551273251307
30 34 0.120998316606773
30 36 0.0150403514653836
30 70 0.120520877343178
30 119 0.123295228856573
30 144 0.0638622045073888
30 145 0.185377975657324
30 147 0.139044017305205
30 149 0.0471935461206671
30 184 0.112167064278556
30 201 0.0333432887132388
30 224 0.000277939849611345
30 245 0.0681454668362602
30 257 0.0922445273594154
30 297 0.0234112645068547
30 298 0.00374777017892041
30 309 0.0160322493034808
30 313 0.0245846903908481
30 336 0.0692417618104641
30 347 0.0896748011693611
30 372 0.0374468117074917
30 374 0.0862354051938062
30 381 0.0164871755399508
30 393 0.0389185777947811
30 401 0.116872609502863
30 408 0.0253629336885106
30 419 0.10809773192832
30 441 0.292171957026346
30 456 0.00033452407773336
30 469 0.0765699314461966
30 470 0.116650801180409
30 485 0.164823632031608
31 19 0.214124856973463
31 27 0.207420696731396
31 33 0.0772210991156345
31 35 7.65645451522566e-05
31 40 0.139939567046527
31 44 0.0253773605105329
31 73 0.0734834783676257
31 87 0.0194497686044232
31 137 0.386179685502642
31 175 0.122403801474054
31 178 0.0444987475625026
31 184 0.216139444993453
31 265 0.0453074726172349
31 274 0.156833367859184
31 282 0.0652883860857045
31 292 0.352024222669849
31 310 0.176080243894794
31 317 0.0147411448559823
31 339 0.0974423399475029
31 347 0.188485071788635
31 366 0.078028267753172
31 375 0.102618143713654
31 409 0.0358472291152445
31 410 0.0391751341471212
31 448 0.144698884027916
31 454 0.000445452825006573
31 462 0.282107791036191
31 473 0.0755307681333257
31 477 0.0662745360282197
31 481 0.161831231198218
31 498 0.0100517388837339
32 20 0.104754194743231
32 26 0.00450028043618312
32 120 0.311607382148214
32 178 0.11979528753125
32 189 0.0544209389098122
32 196 0.051288208320091
32 198 0.0418820711192857
32 215 0.0033879631953445
32 235 0.0111154196264329
32 238 0.272248806877349
32 257 0.0221843915976973
32 258 0.027458083053798
32 363 0.128152157161217
32 368 0.206276478632639
32 388 0.015914000147761
32 392 0.0839276767587515
32 413 0.000988311412467308
32 422 0.274328037574669
32 474 0.153803751486865
32 494 0.0928191839389956
33 21 0.0620786331913289
33 26 0.205301002394681
33 30 0.157551273251307
33 31 0.0772210991156345
33 34 0.0302372410264741
33 45 0.0985928752443973
33 46 0.0112987304543062
33 52 0.0538691091307579
33 95 0.122393165380406
33 111 0.0625917912855097
33 122 0.0824375102771556
33 126 0.0254340835139613
33 136 0.084315998850478
33 139 0.0334743535090398
33 141 0.0998406535003399
33 161 0.193004111127854
33 168 0.0177912079512899
33 186 0.0166698572364485
33 271 0.0799236647029341
33 285 0.000985967308231777
33 331 0.0570035245938934
33 361 0.174870015157973
33 419 0.0269410628547524
33 433 0.0359152972546031
33 435 0.00482290229796646
33 448 0.0801890447871033
33 456 0.0496835510966704
33 486 0.0793772306045023
34 9 0.0683914214125058
34 30 0.120998316606773
34 33 0.0302372410264741
34 35 0.0579309287320017
34 43 0.0349924182847011
34 49 0.0896564259109247
34 90 0.0275929613816174
34 100 0.126811159595779
34 112 0.171283952292823
34 113 0.00818053278480002
34 136 0.10317664380385
34 202 0.148742931978071
34 223 0.132124792616417
34 232 0.0192477258342798
34 251 0.118493732757694
34 257 0.196150614526063
34 267 0.0644767627570112
34 268 0.00463694414196442
34 272 0.0714713444680578
34 294 0.0476497539627523
34 320 0.0052707546648883
34 321 0.0125009983672189
34 325 0.0636058754486907
34 327 0.330961639112408
34 346 0.0690651464151983
34 392 0.0547416698812806
34 395 0.0225737229832889
34 401 0.0421096810077854
34 419 0.141069646028219
34 457 0.0573604173685431
34 481 0.125056911361859
34 484 0.0141158129591367
34 486 0.0237175220783225
34 498 0.0856492614166927
35 21 0.269805264122155
35 26 0.05845855772007
35 31 7.65645451522566e-05
35 34 0.0579309287320017
35 38 0.0314279010570287
35 40 0.213727539412888
35 56 0.211138846762425
35 77 0.0311453909545334
35 108 0.0117519914662813
35 128 0.301225094748806
35 132 0.216321518867269
35 152 0.0359751944859071
35 178 0.0509553977831914
35 181 0.362422918315774
35 214 0.159722672296101
35 274 0.170519950205257
35 283 0.422229556312668
35 284 0.163357191834114
35 294 0.242832539554737
35 301 0.0436520697460992
35 302 0.016442339424725
35 307 0.0712627217758963
35 314 0.0237794322898574
35 323 0.137679645903138
35 329 0.31151923272826
35 344 0.0767473410201823
35 391 0.0184156270468058
35 394 0.0256104058990591
35 395 0.115233139839838
35 428 0.0624252356636256
35 437 0.16605657021855
35 450 0.222477532779812
35 494 0.109015075095943
36 25 0.0191926042754869
36 26 0.295472544219906
36 30 0.0150403514653836
36 72 0.12784757033344
36 85 0.140451140659222
36 92 0.105477192189367
36 100 0.0259162928531967
36 113 0.0447647899989723
36 121 0.137921455055969
36 127 0.253153621505505
36 141 0.0381245529384975
36 147 0.0680319426021882
36 150 0.303381420011469
36 163 0.0266060979239295
36 234 0.0395174971576493
36 245 0.0180072608210293
36 261 0.0642266345710829
36 269 0.0517812451179281
36 282 0.269296972310901
36 319 0.161741164208904
36 365 0.136357160469265
36 369 0.0765401845387167
36 373 0.192744734490146
36 424 0.0414065368275359
36 431 0.170326826082836
36 442 0.00189699634437443
36 452 0.0665412507919404
36 460 0.120087027374632
36 464 0.178079252548996
36 471 0.0840239201174235
36 478 0.00522576316905898
36 487 0.144184308469157
36 490 0.121059296594354
37 8 0.14644512780665
37 15 0.0292881994798136
37 21 0.0586459685460383
37 38 0.263940895723332
37 41 0.00424486073518096
37 45 0.0563737327605302
37 61 0.150227860083797
37 87 0.11633448315333
37 133 0.181092951441648
37 134 0.0642047088732037
37 188 0.00499276449048199
37 219 0.135567053653878
37 253 0.0376478319911186
37 315 0.0475646713397544
37 339 0.0455789082308191
37 365 0.167410822232447
37 376 0.197628557994166
37 377 0.125662738537672
37 392 0.037238301315048
37 394 0.103988536061303
37 422 0.0175839338333067
38 1 0.136674718554586
38 17 0.060208438245855
38 35 0.0314279010570287
38 37 0.263940895723332
38 53 0.0790110997527431
38 93 0.194823928777505
38 105 0.0331862340111728
38 132 0.496682446516177
38 134 0.0423729257213407
38 150 0.425274422631563
38 192 0.0224943209346348
38 193 0.134650511898626
38 205 0.257028006040937
38 211 0.0629596492750244
38 244 0.00280596609001075
38 251 0.00672832798764915
38 255 0.105087020782291
38 278 0.00664272056669377
38 281 0.0280043915418034
38 301 0.0884434926342969
38 312 0.0706478692193927
38 348 0.0398497148442631
38 377 0.037022840376735
38 414 0.144662121536332
38 456 0.00836271368572521
38 458 0.0318961717497326
38 488 0.0154968130091961
39 5 0.12797762902648
39 50 0.0891681395229615
39 63 0.00245941481900664
39 70 0.315948004717566
39 90 0.0650535175086205
39 94 0.139609758205593
39 105 0.0696348918202711
39 134 0.0459887036646742
39 143 0.00923427400902282
39 149 0.0351183129062785
39 154 0.0182833488364654
39 171 0.115906233436651
39 190 0.0119155526080807
39 192 0.0586188786770051
39 215 0.0343180641275781
39 252 0.0389577989518922
39 255 0.174378166126831
39 311 0.0811017913021189
39 341 0.0480747220657516
39 357 0.257461662680131
39 381 0.0185887045003301
39 388 0.00307671227934668
39 401 0.148440560006931
39 409 0.0332479347125399
39 418 0.0122100385528396
39 439 0.0336190740559197
39 443 0.121791904013849
39 458 0.0894280141213931
39 468 0.108527311669138
39 477 0.0582236252508968
39 485 0.05288024719312
40 16 0.146268855658731
40 22 0.355893220760687
40 27 0.26733622210825
40 28 0.0136185935066779
40 31 0.139939567046527
40 35 0.213727539412888
40 49 0.00252150882482965
40 50 0.0863170133898798
40 92 0.386439604378549
40 105 0.0183257479434809
40 126 0.108276935495976
40 147 0.00649701673346814
40 171 0.117825621017211
40 176 0.120922129982412
40 185 0.0178342756124631
40 211 0.0552961986476227
40 213 0.140559103099578
40 246 0.113698701999697
40 250 0.0930867414092082
40 261 0.0225837086790762
40 263 0.109359391315968
40 278 0.0558757577664227
40 280 0.0248816256058557
40 284 0.0887310030917102
40 296 0.0343947405769286
40 297 0.0260281242944352
40 317 0.0488641477551556
40 344 0.0102655763482716
40 425 0.113012394125593
40 466 0.222416274106081
41 6 0.119377598543255
41 11 0.0136789816262269
41 37 0.00424486073518096
41 42 0.125634136731478
41 51 0.166365840853176
41 57 0.16294362614612
41 63 0.0143707716998346
41 69 0.00813450420173778
41 82 0.0721137593854307
41 96 0.00922519531665855
41 104 0.479061864621144
41 126 0.0205755037628638
41 134 0.0558776091313895
41 203 0.131017968948594
41 211 0.0218584515162087
41 225 0.0270392734112543
41 226 0.0543413853115336
41 227 0.113372032219048
41 262 0.0816713815164148
41 267 0.159412254251852
41 272 0.0675528862781098
41 280 0.0114819933155607
41 310 0.0907930916433816
41 318 0.431398016892945
41 330 0.135012347286995
41 347 0.0617413022926094
41 352 0.153360926823911
41 360 0.199378763352125
41 373 0.0182928457418928
41 375 0.0465190848069869
41 380 0.0546789703361224
41 413 0.0525884438333912
41 473 0.00388607083444725
41 478 0.200654999050772
41 489 0.024638967977023
42 26 0.088424599202755
42 28 0.024561218601281
42 41 0.125634136731478
42 50 0.0810290732407992
42 66 0.0737735337858262
42 100 0.0763741373155562
42 113 0.102823958834242
42 114 0.0323249763187357
42 121 0.237304463650271
42 123 0.156056249530099
42 131 0.0139307387041498
42 166 0.0647687453648972
42 168 0.00146760019265841
42 185 0.0980059650451063
42 187 0.239460289657656
42 200 0.195767247070142
42 201 0.0838143163084981
42 204 0.0153607429450442
42 271 0.0331744084717859
42 301 0.113583441655568
42 305 0.0288824125962886
42 328 0.00534814292408021
42 364 0.0600575901498035
42 370 0.215386323697136
42 380 0.00465608609618095
42 389 0.049057788403073
42 422 0.0971751398508626
42 423 0.151372616230744
42 465 0.0401551038115576
42 476 0.0577657262032533
42 490 0.365246958151945
43 24 0.0825179526422965
43 28 0.0159833147328319
43 29 0.0113379995660604
43 34 0.0349924182847011
43 51 0.0128683837071387
43 58 0.171379596809115
43 72 0.0748534024843626
43 114 0.0165045807264304
43 119 0.247455985198556
43 127 0.00336670732116755
43 141 0.0298850661981815
43 151 0.143142738217691
43 156 0.0161140673104324
43 309 0.00807146421065505
43 311 0.117738898361441
43 326 0.0285696162702897
43 327 0.0908036526972225
43 332 0.0666450770869665
43 351 0.0509623008592664
43 363 0.0400248588446413
43 367 0.117296352300696
43 380 0.462496518940232
43 393 0.202285829228224
43 401 0.122607935639724
43 402 0.0465339035059808
43 423 0.0367719965158819
43 472 0.0342376019641499
44 31 0.0253773605105329
44 57 0.275330703044289
44 58 0.110316590501613
44 66 0.0325049869562995
44 70 0.0688886126600792
44 97 0.146720114440652
44 122 0.0258177465046931
44 125 0.00530289937873706
44 168 0.0629256040697814
44 234 0.0268422639636891
44 272 0.112212436248628
44 290 0.0648852621654791
44 313 0.0654092105269359
44 324 0.527435387736957
44 335 0.065457296136666
44 341 0.0534936054237715
44 346 0.406278070243287
44 352 0.0586360576058408
44 357 0.228971821546137
44 372 0.0347002722427287
44 386 0.0271565760269271
44 459 0.149560054675301
44 483 0.068834820582075
44 491 0.0393543759527941
44 492 0.0224712020131651
44 493 0.00408538620568372
45 4 0.142190317962071
45 12 0.0222172556901619
45 16 0.19473387606209
45 33 0.0985928752443973
45 37 0.0563737327605302
45 48 0.0497195930463242
45 66 0.0030695464037122
45 71 0.00845949441540642
45 107 0.00589538399528324
45 111 0.0406215748534319
45 145 0.00594040746064554
45 199 0.0483245909665611
45 211 0.0374927273754659
45 220 0.143008927718143
45 271 0.0513877677222994
45 294 0.115144780246363
45 305 0.00671664799995399
45 315 0.343324128795077
45 330 0.140851586957752
45 333 0.00623438850034742
45 336 0.0133579753048026
45 340 0.0787722859017943
45 357 0.0761991316688526
45 360 0.0688669474582754
45 362 0.148904272805352
45 371 0.206263365436641
45 380 0.00350327833407114
45 392 0.0970466818450543
45 393 0.0752524567803394
45 413 0.0227313211464266
45 430 0.149066100569306
45 431 0.0469323340190231
45 448 0.139116331343368
45 453 0.109915058096923
45 457 0.0852513661089984
45 478 0.11019738673876
46 17 0.0679948523491873
46 28 0.036020397962204
46 33 0.0112987304543062
46 50 0.0216094135913476
46 59 0.19428464256955
46 63 0.00284674101175308
46 67 0.113285534835358
46 83 0.0835445676990589
46 126 0.0418107389802286
46 141 0.139521529874249
46 154 0.0650011256460571
46 183 0.0266725096814914
46 196 0.0648180603180449
46 239 0.00144528260236692
46 276 0.182614733965849
46 310 0.115194939203127
46 331 0.0954239441550815
46 332 0.0668421378926171
46 364 0.04989805575654
46 417 0.168622003640511
46 448 0.13880648248228
46 453 0.043940012503804
46 455 0.27246972030087
46 458 0.00684288604096299
46 464 0.0559846308891477
46 488 0.0535117389290803
47 11 0.0890984599243347
47 50 0.159517453682401
47 54 0.159487569774074
47 58 0.0942527006800901
47 74 0.0382758074438898
47 78 0.454251351344727
47 103 0.023247367518452
47 125 0.0346442962969228
47 126 0.00690835468282842
47 160 0.0133958632584084
47 174 0.190977260178198
47 201 0.0211770038739208
47 202 0.0051398418121026
47 232 0.0342844942882395
47 266 0.0127671751315401
47 278 0.105638619561696
47 292 0.0161582788124342
47 295 0.204900907201759
47 298 0.072831292578069
47 338 0.0583125725321659
47 344 0.00723193653946712
47 347 0.0757886661674168
47 348 0.119991452315329
47 376 0.159753462406898
47 377 0.0233668318645364
47 409 0.0023340677007858
47 435 0.118297002074557
47 449 0.0890982575369138
47 468 0.019869803061444
47 473 0.209447849689269
47 474 0.0244024306769216
47 493 0.0738330781675424
48 7 0.232984692519629
48 8 0.0101317326468778
48 45 0.0497195930463242
48 56 0.0682066358077821
48 59 0.000292587638047814
48 61 0.0409537184420684
48 69 0.0885814732679962
48 85 0.059604487416994
48 99 0.0548091377826627
48 109 0.0362684238983967
48 111 0.171774442868468
48 117 0.102981362797714
48 123 0.00615011801740513
48 175 0.251631090464116
48 190 0.0640557775206532
48 198 0.00695236012882861
48 208 0.141895298595248
48 213 0.0110441963970462
48 215 0.149606751167959
48 238 0.188590159830874
48 245 0.0292430821488976
48 257 0.156600295119407
48 260 0.0278601292414034
48 291 0.00144293585978315
48 316 0.0430746590526139
48 451 0.0698320522355289
48 472 0.164822085617653
48 495 0.0266313771500612
49 23 0.0387052643350455
49 25 0.413578090921386
49 34 0.0896564259109247
49 40 0.00252150882482965
49 60 0.191640303856232
49 95 0.0545150818504761
49 144 0.0806863025538998
49 189 0.045461870930929
49 191 0.149816681362212
49 204 0.0603163199172493
49 221 0.00673878209882473
49 226 0.124323682354306
49 232 0.011177122620083
49 278 0.0583072359472051
49 295 0.132599688404854
49 296 0.00380708376991892
49 301 0.0386770582588106
49 311 0.0221763464664268
49 329 0.0876016603097721
49 337 0.0172160503119535
49 354 0.0228646264920506
49 393 0.262865337195124
49 394 0.0257272351610474
49 402 0.000824971973614211
49 410 0.0777042839707568
49 433 0.0403628157201785
49 455 0.254942627343903
49 473 0.0228225474702574
50 11 0.0341868348037383
50 39 0.0891681395229615
50 40 0.0863170133898798
50 42 0.0810290732407992
50 46 0.0216094135913476
50 47 0.159517453682401
50 62 0.785316510101804
50 98 0.107270796761649
50 130 0.0446375035384181
50 144 0.340216531230047
50 161 0.0518277078545516
50 194 0.155981899587273
50 204 0.299096003532038
50 214 0.0936507932823404
50 264 0.11881891892225
50 290 0.00455205600186992
50 296 0.227904725790964
50 320 0.11536635688408
50 322 0.00199737979125091
50 329 0.0124981855046737
50 393 0.0692473825672395
50 396 0.0975358391836726
50 412 0.0972297411355343
50 421 0.0985497854214722
50 440 0.107550622256545
50 474 0.160003878434523
51 17 0.0394293746875847
51 41 0.166365840853176
51 43 0.0128683837071387
51 54 0.00646738769980136
51 55 0.00213253738443369
51 56 0.0858786638400049
51 65 0.192730449890772
51 71 0.0291133344416452
51 80 0.0900185503512722
51 128 0.0133990590643856
51 181 0.0119145871933924
51 202 0.0141348728334862
51 227 0.055244661637647
51 280 0.100734759766523
51 290 0.00805653364463861
51 292 0.0907150809608461
51 316 0.0276439982787767
51 327 0.000470074995423356
51 339 0.0385967779989815
51 350 0.0826535701958281
51 381 0.0235064433338385
51 399 0.0161044917906512
51 414 0.00130335342288806
51 435 0.236980014025174
51 449 0.0407066812905908
51 450 0.238518276969857
51 470 0.106689988942373
51 477 0.0312231110064748
51 499 0.0229424139744684
52 33 0.0538691091307579
52 67 0.0933426393461464
52 96 0.180367742537449
52 99 0.0234211421045945
52 134 0.073287336500748
52 140 0.131036148755528
52 144 0.0944013380480521
52 146 0.0432091270098124
52 154 0.0727179087940825
52 160 0.474329353871784
52 168 0.00730296254032402
52 174 0.029322860668544
52 175 0.0300264325699913
52 203 0.819084801571348
52 259 0.000687934089886009
52 268 0.132167447787058
52 321 0.0345929427626932
52 354 0.0900440025903865
52 358 0.041401842729455
52 366 0.00385428456950377
52 379 0.0115983792101373
52 429 0.095445520196661
52 443 0.222265102574139
52 485 0.0717667257184646
53 5 0.0497001815401625
53 6 0.091041665950691
53 38 0.0790110997527431
53 60 0.476851797778773
53 97 0.00134472687313356
53 126 0.00093428770293493
53 138 0.0451718558506049
53 160 0.0101684889871695
53 162 0.0646557898254907
53 163 0.279189563907178
53 186 0.0913648065964318
53 194 0.116507957277997
53 209 0.0107477556757832
53 237 0.151972438484665
53 253 0.0493918676588661
53 280 0.125917160429506
53 315 0.222119629758528
53 319 0.222563735335319
53 325 0.018578540897118
53 331 0.0175325511232781
53 337 0.0939455442301869
53 354 0.0447914780535206
53 400 0.174276742762601
53 406 0.18842673938174
53 420 0.0162133101253611
53 426 0.201456415781908
53 460 0.0384301522677958
53 461 0.13078464199785
53 477 0.0884216543348778
54 47 0.159487569774074
54 51 0.00646738769980136
54 59 0.0668872017395045
54 62 0.0100895971138215
54 63 0.159438655685876
54 116 0.0566560077682831
54 150 0.0197154918973891
54 152 0.108171733358934
54 160 0.108324596743117
54 164 0.0216086006376049
54 173 0.00368049741065486
54 203 0.0487236081033615
