0 2 0.0054817324011399
0 4 0.0670711880203853
0 6 0.0803577934649197
0 10 0.163471064906448
0 12 0.0730500215854114
0 13 0.088830241539676
0 15 0.43087627209568
0 16 0.0541948336972839
0 119 0.0340439271389147
0 265 0.00540867955216424
0 305 0.0957021161968023
0 372 0.0554926892732627
0 427 0.143132234001344
0 516 0.0122446796343177
0 529 0.0689429517251043
0 555 0.103517942192342
0 556 0.00423313963890496
0 572 0.0330773290564616
0 641 0.0543638829107754
0 734 0.129870334135653
0 735 0.0389168958344219
0 736 0.0303866226170295
0 738 0.00567739112144447
0 742 0.022939139024401
0 743 0.0436723052873834
0 744 0.119138549875044
0 746 0.172801468874074
0 748 0.0240746070111634
1 2 0.00536175039684504
1 3 0.143266857096398
1 8 0.0848685148695868
1 9 0.0752836554777692
1 10 0.293038548254579
1 11 0.0296172184402051
1 12 0.0585930561412714
1 13 0.00857654276098166
1 16 0.0575558758839028
1 17 0.0356728344467967
1 97 0.0670696713517657
1 135 0.0383538407770532
1 236 0.0835309699734557
1 239 0.0196341379760269
1 338 0.0511145080921476
1 349 0.282000074017067
1 384 0.0139775687232612
1 398 0.00197101931514776
1 408 0.0537060622694835
1 477 0.0458317892499355
1 556 0.263543554714946
1 620 0.0681717198696971
1 735 0.354079065975062
1 737 0.102082449074764
1 739 0.16814766265199
1 741 0.363576275646954
1 743 0.300628781977503
1 745 0.00290314429078456
1 749 0.10063140492269
2 0 0.0054817324011399
2 1 0.00536175039684504
2 4 0.0800453149523742
2 5 0.202971825309862
2 6 0.0751542159658012
2 7 0.145886016933158
2 10 0.0675261616530527
2 12 0.0137272295066954
2 13 0.00802402608879492
2 15 0.163274417581088
2 16 0.12987721630136
2 17 0.0257020392064705
2 205 0.0261346113885332
2 216 0.0591708161521088
2 226 0.161772159304803
2 305 0.0297430253515338
2 396 0.0272567648190607
2 566 0.108468074612087
2 582 0.0782241307082824
2 613 0.0172066531680053
2 643 0.0639841803580924
2 666 0.0533698538951743
2 711 0.165353709674405
2 736 0.149947141479482
2 737 0.204138273451129
2 738 0.012961458310726
2 741 0.221921804486738
2 742 0.0143431568945663
2 744 0.00264397647057886
2 747 0.12311324578666
2 748 0.0216095382766107
3 1 0.143266857096398
3 4 0.183848306021732
3 7 0.103100292692656
3 8 0.117406777259865
3 9 0.0511539329347395
3 10 0.0993274697025649
3 12 0.136199739701536
3 14 0.0466454752473395
3 15 0.169657238589417
3 16 0.0501537246205707
3 22 0.411152126594406
3 27 0.101640237505872
3 30 0.0159951142776498
3 131 0.190307644038197
3 154 0.264529351412076
3 170 0.0113936178134343
3 275 0.037079949585067
3 280 0.26842108153764
3 289 0.218030596155724
3 301 0.272388836658996
3 361 0.00566849772901968
3 461 0.0869589260392726
3 520 0.0708347413789192
3 565 0.0331842479378938
3 644 0.0657645111785846
3 689 0.00764949611440015
3 715 0.165462792142253
3 738 0.338768589948064
3 739 0.0494570822057121
3 741 0.265229254573891
3 742 0.397061991114819
3 744 0.0251854981250397
3 747 0.0483264959901989
3 748 0.186446172745575
4 0 0.0670711880203853
4 2 0.0800453149523742
4 3 0.183848306021732
4 5 0.0749180994548215
4 6 0.135747871400441
4 8 0.0302112158978451
4 13 0.00623535526126364
4 15 0.013393466396697
4 16 0.524116046343026
4 17 0.0390422155840707
4 18 0.0909921897933936
4 19 0.145503583504101
4 20 0.00297583254194365
4 47 0.203030910581218
4 76 0.00124605566255602
4 125 0.121257278594319
4 130 0.209804105784558
4 161 0.0538532313351489
4 169 0.140928862477762
4 238 0.259969401627995
4 276 0.0139815859548575
4 288 0.0176524806745105
4 344 0.058249514301416
4 360 0.00807010146936079
4 474 0.110631639738441
4 525 0.00998684610206177
4 568 0.0338821620306897
4 587 0.0126406510715727
4 673 0.0461168339727531
4 697 0.0720048155313397
4 721 0.150934596636448
4 738 0.180918969633998
4 739 0.0334946605468781
4 744 0.125399715856392
4 746 0.0204649871786733
4 747 0.237448717114557
4 748 0.0496613512795309
5 2 0.202971825309862
5 4 0.0749180994548215
5 6 0.0392807890324297
5 7 0.149835413688813
5 8 0.111541730229201
5 9 0.338477209501175
5 12 0.0543142576896131
5 16 0.222693541821946
5 18 0.0434149656378864
5 19 0.0410865555808474
5 20 0.067691113432255
5 21 0.170707093895279
5 27 0.0681949065297887
5 37 0.0512894502682918
5 60 0.0141890353106148
5 225 0.0614312713661718
5 342 0.0780051369243226
5 368 0.108627045185622
5 410 0.213651249974312
5 436 0.286609561293954
5 447 0.202602787981351
5 457 0.0070730663092523
5 463 0.119777459326204
5 483 0.000715249059010673
5 509 0.00194968563616942
5 541 0.215185131324575
5 665 0.428396298859131
5 667 0.102873083673043
5 675 0.027029357361801
5 700 0.0365633052062192
5 739 0.162848093240899
5 741 0.104407958998134
5 742 0.198750801544976
5 744 0.0434144002561306
5 746 0.145976761186838
5 748 0.0412691205592714
6 0 0.0803577934649197
6 2 0.0751542159658012
6 4 0.135747871400441
6 5 0.0392807890324297
6 7 0.184174591398792
6 9 0.0350855281798121
6 10 0.0991821313260043
6 11 0.280077986729509
6 12 0.167442752059483
6 13 0.0115231239319729
6 14 0.014459610351486
6 15 0.0178016125566057
6 17 0.0820989351519347
6 19 0.112216665530597
6 20 0.098346859212928
6 53 0.479475483320598
6 88 0.0641151403120998
6 107 0.126841335839881
6 276 0.262522268076778
6 294 0.075639715102304
6 441 0.0401205787146528
6 490 0.00649361598666051
6 513 0.203071492532009
6 586 0.0534101406479229
6 600 0.0179540684775778
6 610 0.0336595913893815
6 618 0.23215830994718
6 695 0.507972616503097
6 741 0.0221514613714771
6 742 0.0658342496692383
6 744 0.0435233165862019
6 745 0.0582822044776149
6 748 0.0709720614050729
7 2 0.145886016933158
7 3 0.103100292692656
7 5 0.149835413688813
7 6 0.184174591398792
7 9 0.00583363592864268
7 11 0.0931866126747689
7 12 0.0708763341125183
7 13 0.297282892191594
7 15 0.0539318207153174
7 17 0.151264568711207
7 18 0.0679163386927243
7 20 0.131509352340723
7 22 0.0571553522307272
7 44 0.20734716198241
7 63 0.0552677700038659
7 162 0.0385690280796428
7 214 0.0112333231646867
7 227 0.127755143436374
7 264 0.0859585800756125
7 286 0.0160509824324029
7 308 0.284899848309342
7 364 0.362498773496428
7 404 0.111193681952783
7 411 0.0266705593621707
7 432 0.234558097284984
7 466 0.128918907768219
7 497 0.217771954198754
7 684 0.353027140866608
7 685 0.067448432981158
7 708 0.0881423426921636
7 742 0.111724227195127
7 744 0.0860697689271636
7 745 0.0247159826697908
7 746 0.0153494602923658
7 747 0.120385749723718
8 1 0.0848685148695868
8 3 0.117406777259865
8 4 0.0302112158978451
8 5 0.111541730229201
8 9 0.22184657366396
8 14 0.0437099483673375
8 15 0.545072788722228
8 19 0.0901600687262114
8 21 0.00629635921732376
8 22 0.0775791538714896
8 23 0.0952505310472711
8 97 0.249191551259255
8 120 0.109250907852113
8 138 0.130552222536289
8 225 0.0158482126421039
8 240 0.108923079747888
8 326 0.302834074693483
8 334 0.117600122222795
8 358 0.0864667496243221
8 369 0.00924699459006325
8 436 0.0857166347308857
8 508 0.651493145130605
8 631 0.033797307816588
8 675 0.130679530431789
8 743 0.00785567642493399
8 744 0.0396606507746001
8 745 0.384979880467434
8 747 0.142146086217168
8 749 0.159205373598064
9 1 0.0752836554777692
9 3 0.0511539329347395
9 5 0.338477209501175
9 6 0.0350855281798121
9 7 0.00583363592864268
9 8 0.22184657366396
9 10 0.0208216087048751
9 11 0.110479910504996
9 14 0.136672324057896
9 15 0.410573227329553
9 16 0.071237676704315
9 17 0.191765275791171
9 19 0.0252564354580995
9 21 0.132473522519365
9 22 0.0707707335936892
9 46 0.0987175469997634
9 65 0.202885338657014
9 125 0.0830753736340961
9 197 0.0590666758198905
9 209 0.0094252992479718
9 268 0.270249605826226
9 295 0.322137623452562
9 303 0.0382885503706654
9 354 0.0720179706757965
9 375 0.0354495716486616
9 381 0.0288351039095471
9 400 0.200784447235995
9 407 0.0381153614265609
9 497 0.0334886206228827
9 508 0.0415451777436923
9 544 0.0581292082796426
9 551 0.0183120197818198
9 559 0.169486156204882
9 597 0.0168884854458405
9 744 0.236818385601764
9 745 0.0483925651639709
9 746 0.0328497344159327
10 0 0.163471064906448
10 1 0.293038548254579
10 2 0.0675261616530527
10 3 0.0993274697025649
10 6 0.0991821313260043
10 9 0.0208216087048751
10 12 0.117849172740308
10 14 0.0922993203001732
10 15 0.205208472311567
10 18 0.0627732642405908
10 21 0.0543508662942661
10 23 0.0158220245703568
10 26 0.0523515151073312
10 75 0.185721784997683
10 119 0.150340827449748
10 192 0.0387575367447908
10 277 0.190193860266933
10 315 0.199159036162018
10 415 0.054713653150263
10 444 0.0661281600022635
10 453 0.039487607732482
10 577 0.227350099629281
10 579 0.00737190517451915
10 582 0.24717226984106
10 592 0.173034485355169
10 614 0.0966023123920915
10 678 0.00825336817765351
10 690 0.0800776100377178
10 697 0.159920060857363
10 741 0.0383674821267919
10 744 0.0414249479470376
10 746 0.109192837064283
10 747 0.0305388762552182
11 1 0.0296172184402051
11 6 0.280077986729509
11 7 0.0931866126747689
11 9 0.110479910504996
11 12 0.441541611801082
11 14 0.0944955690593847
11 17 0.0320491096948613
11 18 0.000257189782958668
11 21 0.0742534987616837
11 22 0.0929291422277083
11 25 0.0218955191379137
11 27 0.00514103269498999
11 141 0.073120239310248
11 254 0.27966023039428
11 307 0.332069044510527
11 411 0.388321021480805
11 417 0.0156227172373199
11 592 0.0237246313202322
11 614 0.0161226720226171
11 639 0.111651489384478
11 665 0.0154403838690918
11 672 0.0281364846778082
11 695 0.214388286541979
11 745 0.139045455019768
11 746 0.0105607904813868
11 748 0.00987242497211889
11 749 0.0383658022747945
12 0 0.0730500215854114
12 1 0.0585930561412714
12 2 0.0137272295066954
12 3 0.136199739701536
12 5 0.0543142576896131
12 6 0.167442752059483
12 7 0.0708763341125183
12 10 0.117849172740308
12 11 0.441541611801082
12 13 0.074959698499634
12 15 0.000875661824696959
12 17 0.0939703069432815
12 21 0.146470922428892
12 22 0.0592181018059051
12 27 0.131181663054464
12 28 0.179751071874708
12 34 0.472270126310618
12 91 0.18317081273476
12 112 0.00804827818522488
12 116 0.0849989624626918
12 153 0.0338403309922512
12 189 0.118985603805514
12 232 0.00728237806907077
12 257 0.0329526701551838
12 303 0.102943692832591
12 332 0.00833125485663147
12 334 0.0231515717338388
12 348 0.187789474093369
12 389 0.0870758359311487
12 411 0.020913888156054
12 454 0.000624267237480315
12 456 0.0504079064126671
12 497 0.104220038911463
12 516 0.021733230042258
12 535 0.0704844250188739
12 536 0.0497325134778904
12 563 0.098144496995284
12 620 0.0824217609785541
12 663 0.0194890453039102
12 733 0.050820710766922
12 747 0.191169538065897
12 749 0.0538398844184394
13 0 0.088830241539676
13 1 0.00857654276098166
13 2 0.00802402608879492
13 4 0.00623535526126364
13 6 0.0115231239319729
13 7 0.297282892191594
13 12 0.074959698499634
13 14 0.20208023195152
13 16 0.0535302492919161
13 18 0.0210692461071397
13 20 0.0371973734279189
13 26 0.142670453647295
13 28 0.0799789073263865
13 29 0.00673418763621321
13 126 0.00905473186858027
13 140 0.279652781707724
13 152 0.0559353262167261
13 186 0.0413619326269913
13 227 0.168777664650608
13 235 0.218597413668028
13 280 0.026915650182589
13 318 0.104311430431182
13 476 0.0419336764948711
13 546 0.0429640058351532
13 562 0.0268531443051241
13 578 0.0161665143992856
13 657 0.228992597873306
13 681 0.095919560234829
13 712 0.149305407458465
13 745 0.126907954637712
13 747 0.0448581169485984
14 3 0.0466454752473395
14 6 0.014459610351486
14 8 0.0437099483673375
14 9 0.136672324057896
14 10 0.0922993203001732
14 11 0.0944955690593847
14 13 0.20208023195152
14 15 0.0751973492703658
14 16 0.0125455744553286
14 17 0.363915146943773
14 19 0.0133890304026744
14 22 0.341173627158142
14 23 0.0373144026341493
14 24 0.0248820982555205
14 25 0.0694040773639687
14 26 0.117800820080317
14 27 0.285380055191745
14 28 0.142505510850016
14 29 0.212451944818341
14 30 0.151544255147998
14 104 0.242478706603898
14 112 0.00560458061040115
14 386 0.504777662194371
14 416 0.0188861121843018
14 438 0.243418915886018
14 508 0.0688297571006793
14 606 0.113327062206272
14 655 0.0300281372841522
14 704 0.0453117653265227
14 749 0.047113580571426
15 0 0.43087627209568
15 2 0.163274417581088
15 3 0.169657238589417
15 4 0.013393466396697
15 6 0.0178016125566057
15 7 0.0539318207153174
15 8 0.545072788722228
15 9 0.410573227329553
15 10 0.205208472311567
15 12 0.000875661824696959
15 14 0.0751973492703658
15 17 0.0708389914003934
15 19 0.0292754996720064
15 20 0.390142980672042
15 21 0.0799189253866332
15 22 0.292003565619592
15 27 0.0617699884165828
15 28 0.0449838616387993
15 29 0.00758735973300258
15 30 0.271761820579183
15 118 0.196927809284822
15 280 0.105165749799242
15 308 0.00418925415504717
15 349 0.00354729848498164
15 497 0.0097714382849378
15 534 0.0365623709862194
15 574 0.0554274665586965
15 599 0.569080119668788
15 630 0.181659337609305
15 731 0.0795733180468258
16 0 0.0541948336972839
16 1 0.0575558758839028
16 2 0.12987721630136
16 3 0.0501537246205707
16 4 0.524116046343026
16 5 0.222693541821946
16 9 0.071237676704315
16 13 0.0535302492919161
16 14 0.0125455744553286
16 17 0.188107480111463
16 18 0.0128105319986444
16 20 0.00187596909622027
16 21 0.105379211146667
16 23 0.13871894463979
16 25 0.0203392467554095
16 31 0.0113962703204301
16 63 0.000124880527707292
16 132 0.040006225238298
16 160 0.0890872429302453
16 375 0.011895773737491
16 411 0.0628531107084707
16 432 0.191124462466123
16 486 0.00385065315686639
16 487 0.0119843428108671
16 494 0.368469959323258
16 608 0.100469067378169
16 642 0.213899227774862
16 667 0.113338339957212
16 692 0.00962351653547717
17 1 0.0356728344467967
17 2 0.0257020392064705
17 4 0.0390422155840707
17 6 0.0820989351519347
17 7 0.151264568711207
17 9 0.191765275791171
17 11 0.0320491096948613
17 12 0.0939703069432815
17 14 0.363915146943773
17 15 0.0708389914003934
17 16 0.188107480111463
17 19 0.122563503935486
17 20 0.318955587651884
17 21 0.50238827180337
17 22 0.0139688970148088
17 23 0.0937769134259618
17 24 0.0218614342095215
17 26 0.434245220401345
17 27 0.0246885352876969
17 29 0.0349409127248489
17 31 0.0140836249587899
17 32 0.0646092882693109
17 33 0.0578321436058561
17 146 0.100290040250053
17 170 0.152901091758252
17 180 0.306591245494973
17 203 0.0176251129743866
17 227 0.193057477874453
17 294 0.176347054411247
17 333 0.282134063175483
17 338 0.00673318218376183
17 367 0.0189205827396933
17 413 0.0789644470486398
17 478 0.102451568524388
17 516 0.0599773197740041
17 545 0.103842513265047
17 645 0.173233683274292
17 727 0.260004671693173
18 4 0.0909921897933936
18 5 0.0434149656378864
18 7 0.0679163386927243
18 10 0.0627732642405908
18 11 0.000257189782958668
18 13 0.0210692461071397
18 16 0.0128105319986444
18 21 0.24150364895196
18 24 0.0172019566218038
18 26 0.0511944544809227
18 28 0.0127958099812546
18 32 0.0100109011449329
18 196 0.0454136674015331
18 238 0.0581742772774278
18 253 0.0673993816165487
18 320 0.220698852601162
18 325 0.0809922174638868
18 327 0.00946087895859844
18 354 0.170043980634117
18 383 0.110996020948128
18 409 0.06439516755558
18 427 0.105315776962245
18 446 0.122481309446105
18 534 0.00271849705573742
18 596 0.128563450415996
18 636 0.060941839378474
18 647 0.00233927771840746
18 694 0.0186113612326243
18 735 0.043640745721812
19 4 0.145503583504101
19 5 0.0410865555808474
19 6 0.112216665530597
19 8 0.0901600687262114
19 9 0.0252564354580995
19 14 0.0133890304026744
19 15 0.0292754996720064
19 17 0.122563503935486
19 20 0.0249014003893754
19 21 0.0888355161867564
19 23 0.0951044138927031
19 29 0.0273183939450049
19 32 0.0118844731353492
19 33 0.690969749274785
19 35 0.105639786409067
19 43 0.00295032644319256
19 52 0.118278737663967
19 74 0.217882681580493
19 219 0.0209392022422275
19 254 0.106104978142816
19 267 0.0786961943560971
19 277 0.0877239348894425
19 300 0.129905926147637
19 323 0.00118988348737345
19 333 0.00665006529211956
19 420 0.0122541209329104
19 425 0.0802139703358951
19 512 0.284344080287031
19 521 0.17720484209346
19 545 0.0069106286131194
19 572 0.0613443769335187
19 574 0.139160363540052
19 598 0.0880181061551376
19 601 0.0363524948013024
19 612 0.00547937372199061
19 658 0.134140681440861
19 675 0.0281703025798055
19 693 0.0470824156411567
19 696 0.0413184325513727
19 708 0.0793916625663859
19 720 0.0682313780973261
19 730 0.132342025888086
20 4 0.00297583254194365
20 5 0.067691113432255
20 6 0.098346859212928
20 7 0.131509352340723
20 13 0.0371973734279189
20 15 0.390142980672042
20 16 0.00187596909622027
20 17 0.318955587651884
20 19 0.0249014003893754
20 21 0.33828730798057
20 22 0.129342658141282
20 24 0.0321668841950912
20 26 0.0807574120854937
20 28 0.223607165243787
20 29 0.0089163367647936
20 33 0.016079126065561
20 34 0.169983186817726
20 36 0.0479321127228489
20 84 0.0140403053011675
20 106 0.183203424431484
20 131 0.0114845924582704
20 140 0.288505357687729
20 167 0.0785801819754167
20 185 0.0760373013146067
20 235 0.048116841633912
20 338 0.00315861946074716
20 433 0.0627216752870519
20 450 0.0389601337106048
20 608 0.020746839675612
20 653 0.231854761858875
20 656 0.0901863602864516
20 662 0.0123966420496553
20 694 0.0543613770295171
21 5 0.170707093895279
21 8 0.00629635921732376
21 9 0.132473522519365
21 10 0.0543508662942661
21 11 0.0742534987616837
21 12 0.146470922428892
21 15 0.0799189253866332
21 16 0.105379211146667
21 17 0.50238827180337
21 18 0.24150364895196
21 19 0.0888355161867564
21 20 0.33828730798057
21 24 0.212451007260151
21 25 0.0753014413840292
21 26 0.104395458679147
21 29 0.052392705780154
21 31 0.0687869020452396
21 32 0.0331477442595716
21 33 0.0188344350519672
21 35 0.374918922363782
21 40 0.0919377501454598
21 41 0.00659742110882292
21 62 0.0314372507013327
21 150 0.00763588308181639
21 200 0.0779578497728673
21 263 0.0221661477898818
21 327 0.00962260325090379
21 336 0.0171987021738523
21 351 0.0125069598748536
21 360 0.232154836348482
21 375 0.282719248870286
21 395 0.0139502729982271
21 420 0.273876670814619
21 474 0.208302418436421
21 477 0.00356935744523605
21 499 0.280511731077931
21 503 0.213165305801029
21 528 0.0773619237480441
21 552 0.110026355945927
21 572 0.126187781136508
21 613 0.0145878523208318
21 618 0.0632068706915867
21 678 0.195849363271756
21 715 0.078926224193537
22 3 0.411152126594406
22 7 0.0571553522307272
22 8 0.0775791538714896
22 9 0.0707707335936892
22 11 0.0929291422277083
22 12 0.0592181018059051
22 14 0.341173627158142
22 15 0.292003565619592
22 17 0.0139688970148088
22 20 0.129342658141282
22 23 0.00326010724349224
22 25 0.0628672492924453
22 28 0.00730934305377638
22 34 0.0141720802837625
22 35 0.108278606412554
22 37 0.0802572772663887
22 38 0.272557998185809
22 108 0.0132369162839713
22 164 0.021919294976745
22 185 0.135370094317535
22 207 0.0549537775094407
22 220 0.172791185186653
22 229 0.342046646001084
22 369 0.0693733610408649
22 388 0.0825469454369906
22 534 0.0468923104417158
22 594 0.128104293508432
22 596 0.0648447139130978
22 597 0.0113740367837265
22 634 0.00927220965336304
22 653 0.0732934088075972
22 701 0.0299902896767213
22 709 0.155669657342869
22 734 0.105086990980279
23 8 0.0952505310472711
23 10 0.0158220245703568
23 14 0.0373144026341493
23 16 0.13871894463979
23 17 0.0937769134259618
23 19 0.0951044138927031
23 22 0.00326010724349224
23 24 0.383820043341184
23 29 0.0715096651406668
23 30 0.0768719581902067
23 34 0.0111441607859559
23 35 0.0537872464435922
23 36 0.205822502512157
23 38 0.0440300323447111
23 78 0.0674700173740713
23 89 0.0841885926402263
23 135 0.0323650908561627
23 219 0.00411117487438573
23 255 0.00333079848926632
23 275 0.0648250743154007
23 288 0.0218026937759076
23 307 0.0757859809148792
23 327 0.0135448828196884
23 340 0.067372851529737
23 416 0.133241405548668
23 435 0.18224060740791
23 462 0.111155073094562
23 487 0.12303183577085
23 515 0.316819506420214
23 523 0.102583288638687
23 554 0.00875607831114063
23 561 0.14567767462071
23 704 0.115447658259201
23 729 0.18032711002524
24 14 0.0248820982555205
24 17 0.0218614342095215
24 18 0.0172019566218038
24 20 0.0321668841950912
24 21 0.212451007260151
24 23 0.383820043341184
24 25 0.135964826021459
24 26 0.148231621998047
24 27 0.0686398752390836
24 28 0.0398312123551432
24 29 0.0413197161104018
24 30 0.194206898939128
24 31 0.0976896713049764
24 32 0.072846228782354
24 35 0.0876308483815819
24 37 0.0177203662369738
24 38 0.0727709944494891
24 39 0.0954123792371485
24 40 0.00211696940144244
24 95 0.0934789370081814
24 140 0.0589154336034354
24 163 0.00507578802488086
24 199 0.0483483185431903
24 221 0.185679683844568
24 224 0.0717518981516911
24 321 0.17648094038119
24 372 0.28208348708658
24 412 0.0506141544651517
24 437 0.710954747271948
24 468 0.291486411768457
24 482 0.228808795107425
24 496 0.024894315725879
24 518 0.0924077668833986
24 585 0.11653221628224
24 601 0.031313400382702
24 647 0.0389344785962034
24 661 0.0576555049707545
24 664 0.101998467111925
24 724 0.104071661239315
25 11 0.0218955191379137
25 14 0.0694040773639687
25 16 0.0203392467554095
25 21 0.0753014413840292
25 22 0.0628672492924453
25 24 0.135964826021459
25 26 0.0524464884014138
25 29 0.14599232940507
25 30 0.0180906461859478
25 33 0.162494074326502
25 37 0.0539187877213312
25 107 0.0182160408394358
25 117 0.181213245974386
25 138 0.206918716955072
25 153 0.0582563962840227
25 186 0.101931037658352
25 241 0.0341113963873688
25 271 0.338062899230914
25 349 0.150023404034128
25 479 0.100216071909231
25 486 0.256962308004065
25 542 0.102560963649922
25 566 0.16110755074983
25 578 0.0449008395213324
25 662 0.0795415983538127
26 10 0.0523515151073312
26 13 0.142670453647295
26 14 0.117800820080317
26 17 0.434245220401345
26 18 0.0511944544809227
26 20 0.0807574120854937
26 21 0.104395458679147
26 24 0.148231621998047
26 25 0.0524464884014138
26 29 0.142843957283912
26 30 0.24758326433232
26 31 0.020770045744528
26 32 0.156851774640173
26 35 0.0812840353508229
26 36 0.0250805731508308
26 38 0.0451289559658793
26 39 0.0909192655963145
26 40 0.0854883041038637
26 41 0.117615864024309
26 49 0.0406620513395463
26 132 0.0332962097525633
26 141 0.199471173542558
26 160 0.198906195411639
26 303 0.196323121317063
26 320 0.178016817009208
26 347 0.0809057309373032
26 430 0.0793735724801653
26 559 0.326793067971559
26 658 0.0848867216097434
26 663 0.235905531852492
26 673 0.194292633787137
27 3 0.101640237505872
27 5 0.0681949065297887
27 11 0.00514103269498999
27 12 0.131181663054464
27 14 0.285380055191745
27 15 0.0617699884165828
27 17 0.0246885352876969
27 24 0.0686398752390836
27 29 0.0332969575122971
27 30 0.0934101700016631
27 32 0.370864966178299
27 35 0.0492283764691515
27 37 0.0381144902783004
27 38 0.0441921215009984
27 44 0.194970597527786
27 50 0.00869772562970472
27 123 0.0920532104624085
27 138 0.330133954834523
27 213 0.0747464640580274
27 225 0.0332778936741999
27 271 0.0567011202799583
27 354 0.0794803481942899
27 368 0.15090603675658
27 431 0.0120720777952696
27 501 0.148340461589235
27 520 0.0324128583533798
27 672 0.106224042684046
27 686 0.0146263688163315
27 743 0.0120955150098453
28 12 0.179751071874708
28 13 0.0799789073263865
28 14 0.142505510850016
28 15 0.0449838616387993
28 18 0.0127958099812546
28 20 0.223607165243787
28 22 0.00730934305377638
28 24 0.0398312123551432
28 31 0.254378279751402
28 32 0.208519920399187
28 36 0.0737795678872309
28 38 0.778075815094511
28 41 0.561218230553572
28 186 0.00802815292530309
28 259 0.0816455012406859
28 313 0.0886536962270931
28 427 0.0227424226656218
28 496 0.0176844204046937
28 512 0.125618604313246
28 552 0.0554488830692992
28 675 0.00670704571178554
29 13 0.00673418763621321
29 14 0.212451944818341
29 15 0.00758735973300258
29 17 0.0349409127248489
29 19 0.0273183939450049
29 20 0.0089163367647936
29 21 0.052392705780154
29 23 0.0715096651406668
29 24 0.0413197161104018
29 25 0.14599232940507
29 26 0.142843957283912
29 27 0.0332969575122971
29 30 0.359675465004076
29 32 0.232001080430592
29 33 0.00864800039349696
29 35 0.0128797934517034
29 36 0.109260956563405
29 37 0.26533053069203
29 38 0.158611542025312
29 39 0.281270497296361
29 42 0.184371746408862
29 45 0.164180901604992
29 168 0.092131728670308
29 180 0.0515976842175869
29 269 0.0990799931756933
29 347 0.238322547254593
29 393 0.0893959581482687
29 460 0.129564831977102
29 533 0.0849466565157784
29 693 0.387250535541141
29 712 0.00802169659384045
30 3 0.0159951142776498
30 14 0.151544255147998
30 15 0.271761820579183
30 23 0.0768719581902067
30 24 0.194206898939128
30 25 0.0180906461859478
30 26 0.24758326433232
30 27 0.0934101700016631
30 29 0.359675465004076
30 31 0.0832759958984282
30 36 0.0284961575304515
30 37 0.133261079488202
30 40 0.0064947172847971
30 43 0.193261759680318
30 45 0.0147925386126249
30 48 0.076941730073583
30 57 0.156340004696193
30 88 0.0474897317953016
30 94 0.0680097407215951
30 106 0.100727847731972
30 211 0.0191187778285049
30 244 0.0679718531144875
30 260 0.0801621872841577
30 266 0.0270939735806004
30 271 0.112523624751566
30 292 0.352649468240132
30 321 0.0942391005938646
30 325 0.0587597494063118
30 326 0.0537211104420263
30 368 0.00678771357863357
30 388 0.0674976265057308
30 536 0.715721492853549
30 546 0.0101904443822099
30 547 0.0945807666783296
30 561 0.0318463022348774
30 612 0.0383515107829328
30 663 0.00213400256601469
30 746 0.0513464879908556
31 16 0.0113962703204301
31 17 0.0140836249587899
31 21 0.0687869020452396
31 24 0.0976896713049764
31 26 0.020770045744528
31 28 0.254378279751402
31 30 0.0832759958984282
31 35 0.00345827415457827
31 36 0.0403930541333736
31 37 0.0118398080316471
31 38 0.384330407944045
31 43 0.0996623602710419
31 45 0.0162638983621613
31 50 0.0269648719543817
31 182 0.000407806091695824
31 218 0.246081223006391
31 255 0.0977730406023973
31 268 0.0450339938587684
31 331 0.032981771681195
31 332 0.0182303089403407
31 372 0.081193721564531
31 447 0.140827892267499
31 448 0.0451609964248495
31 465 0.011559325114812
31 473 0.000908066569893735
31 489 0.0607413702204741
31 513 0.0340667013298932
31 559 0.0245089904793964
31 560 0.259375534824835
31 593 0.0631555413627957
31 597 0.191421556868891
31 621 0.0900437912940434
31 633 0.0396959213983849
31 699 0.00724737423143558
32 17 0.0646092882693109
32 18 0.0100109011449329
32 19 0.0118844731353492
32 21 0.0331477442595716
32 24 0.072846228782354
32 26 0.156851774640173
32 27 0.370864966178299
32 28 0.208519920399187
32 29 0.232001080430592
32 33 0.0229144764401001
32 34 0.398997540988873
32 35 0.0222674520667013
32 36 0.0604356236722326
32 40 0.233829547531287
32 41 0.291242290689851
32 44 0.398224469148073
32 45 0.00399224422047926
32 46 0.0018084752023007
32 48 0.204502695584971
32 157 0.0668910096939361
32 166 0.0283481698664781
32 339 0.0293762140847853
32 366 0.0480703762497138
32 377 0.0341097231543566
32 406 0.0251254219158592
32 454 0.0262481624740963
32 477 0.00535827491342001
32 545 0.207851050389081
32 679 0.0694366967086551
32 697 0.116026609425192
33 17 0.0578321436058561
33 19 0.690969749274785
33 20 0.016079126065561
33 21 0.0188344350519672
33 25 0.162494074326502
33 29 0.00864800039349696
33 32 0.0229144764401001
33 34 0.030278369428682
33 35 0.0164344099379847
33 38 0.0246571452141371
33 41 0.138092971991657
33 43 0.0310374180504728
33 45 0.021999782648501
33 46 0.140814252839682
33 49 0.41237682282307
33 52 0.0154493024487909
33 66 0.0274881581534233
33 221 0.133428267720568
33 222 0.0980982474729185
33 276 0.023008803048598
33 284 0.0712493850310636
33 296 0.244687485644095
33 317 0.10582781586905
33 403 0.037654890004661
33 450 0.356662286356197
33 499 0.314474916434162
33 602 0.0204482140843225
33 622 0.228138844708214
33 718 0.138959647893429
34 12 0.472270126310618
34 20 0.169983186817726
34 22 0.0141720802837625
34 23 0.0111441607859559
34 32 0.398997540988873
34 33 0.030278369428682
34 37 0.0840339448348816
34 38 0.296292061791144
34 42 0.0651145351037393
34 44 0.0814358536454151
34 45 0.00541575667423034
34 47 0.0242498913629363
34 48 0.18119962387303
34 50 0.252851381799913
34 176 0.0227741001214284
34 179 0.111605123793541
34 196 0.0190894377112818
34 217 0.0275353739657892
34 275 0.0689245919661415
34 307 0.0707728345101932
34 349 0.109729497351122
34 426 0.0691121268229164
34 466 0.0171811553392776
34 488 0.0300977392998322
34 547 0.00190255086630963
34 581 0.0231759925093245
34 586 0.0875306513630711
34 629 0.293863257007111
34 676 0.115631264880551
34 694 0.000331086058042891
34 740 0.0328393870238286
34 746 0.261654891215649
35 19 0.105639786409067
35 21 0.374918922363782
35 22 0.108278606412554
35 23 0.0537872464435922
35 24 0.0876308483815819
35 26 0.0812840353508229
35 27 0.0492283764691515
35 29 0.0128797934517034
35 31 0.00345827415457827
35 32 0.0222674520667013
35 33 0.0164344099379847
35 36 0.216574050295997
35 37 0.203342567372489
35 38 0.466696542975316
35 39 0.432893649610151
35 42 0.0601684672763443
35 43 0.11225827574074
35 44 0.00177968367457121
35 45 0.0255536800457478
35 46 0.033487239198619
35 47 0.0842232535379515
35 49 0.111007110879983
35 51 0.182953345629163
35 98 0.264669435567496
35 106 0.051840832511471
35 111 0.0306301344615396
35 154 0.0164654966747977
35 166 0.0780671472805895
35 255 0.0539555664784734
35 323 0.0542507292973735
35 384 0.0647571504570146
35 404 0.210034983518327
35 434 0.24954647953726
35 483 0.325318542537381
35 530 0.0195823872473859
35 689 0.204929990066981
35 721 0.163870163494779
35 731 0.16524331545635
35 748 0.212873001353179
36 20 0.0479321127228489
36 23 0.205822502512157
36 26 0.0250805731508308
36 28 0.0737795678872309
36 29 0.109260956563405
36 30 0.0284961575304515
36 31 0.0403930541333736
36 32 0.0604356236722326
36 35 0.216574050295997
36 38 0.0630378993418109
36 39 0.109090728727718
36 49 0.281980793673696
36 50 0.286499468648367
36 51 0.00563285430663205
36 66 0.0107470280713659
36 84 0.135864640426651
36 127 0.0496375228087777
36 136 0.226469989563503
36 206 0.0486333463199691
36 213 0.458826651283295
36 240 0.206182533980343
36 310 0.129716076188853
36 468 0.0548106025038335
36 475 0.0200810023357162
36 476 0.240640201966443
36 496 0.294643179074145
36 506 0.00866849500043462
36 537 0.00818403619259261
36 599 0.0659702107608644
36 607 0.0461310288050213
36 636 0.012256864561787
36 663 0.0629557128360548
37 5 0.0512894502682918
37 22 0.0802572772663887
37 24 0.0177203662369738
37 25 0.0539187877213312
37 27 0.0381144902783004
37 29 0.26533053069203
37 30 0.133261079488202
37 31 0.0118398080316471
37 34 0.0840339448348816
37 35 0.203342567372489
37 40 0.251778934076612
37 43 0.200810015070289
37 44 0.0673760541085258
37 45 0.00200309496496413
37 47 0.0521989556486133
37 49 0.78326869546917
37 52 0.052788307555569
37 245 0.0399677546830272
37 295 0.102315500305287
37 345 0.0776241465688768
37 423 0.0204684776768728
37 432 0.0271119530167078
37 462 0.0245419258101072
37 498 0.00906012765519184
37 526 0.258452121423609
37 562 0.069310358267538
37 647 0.0646117336126685
37 652 0.225983547089461
37 669 0.200528349745028
37 684 0.108013103562804
37 727 0.162091337283388
38 22 0.272557998185809
38 23 0.0440300323447111
38 24 0.0727709944494891
38 26 0.0451289559658793
38 27 0.0441921215009984
38 28 0.778075815094511
38 29 0.158611542025312
38 31 0.384330407944045
38 33 0.0246571452141371
38 34 0.296292061791144
38 35 0.466696542975316
38 36 0.0630378993418109
38 39 0.0811176389031474
38 40 0.00136431079594788
38 42 0.110048425760392
38 43 0.0388446823166093
38 46 0.256294898709074
38 47 0.0522053348438392
38 50 0.0409887854298582
38 51 0.0426653989502444
38 52 0.599764443858026
38 174 0.0268956873555778
38 176 0.0159512473817688
38 212 0.219386767368733
38 215 0.0393490732866526
38 288 0.650234904783402
38 292 0.117004438017975
38 359 0.0181253975389657
38 401 0.000288242185630593
38 451 0.0512691402559863
38 454 0.266075593349556
38 472 0.0676291425647438
38 488 0.0884158524979552
38 638 0.0273502311234264
38 671 0.0226894802321044
39 24 0.0954123792371485
39 26 0.0909192655963145
39 29 0.281270497296361
39 35 0.432893649610151
39 36 0.109090728727718
39 38 0.0811176389031474
39 41 0.0971127717910442
39 48 0.0158069315093997
39 49 0.0943836986659349
39 50 0.130360558585458
39 51 0.111568182841099
39 53 0.244824092036162
39 54 0.0374432920354864
39 61 0.0199542225921314
39 62 0.291004635038354
39 80 0.0453105755177733
39 85 0.0257279664270544
39 97 0.105428930506553
39 143 0.0227950916095218
39 160 0.040763244970615
39 173 0.0507857245854286
39 182 0.0799643151801256
39 193 0.0442587300968318
39 203 0.141789404386892
39 268 0.0566677225471951
39 290 0.124603735522561
39 425 0.0490529715708317
39 467 0.00334255365296846
39 511 0.0858821549363968
39 638 0.151431426698761
39 668 0.0587289385930269
39 739 0.048728836011963
39 747 0.0693151083514441
40 21 0.0919377501454598
40 24 0.00211696940144244
40 26 0.0854883041038637
40 30 0.0064947172847971
40 32 0.233829547531287
40 37 0.251778934076612
40 38 0.00136431079594788
40 41 0.26765216042013
40 43 0.307738769852005
40 44 0.0120791482884056
40 46 0.188649210425734
40 47 0.08491466726511
40 52 0.0357146153494439
40 55 0.107789946653175
40 79 0.0736487001111932
40 89 0.0132061952766106
40 105 0.000700056965222443
40 183 0.0769721885704681
40 271 0.0213093215552969
40 339 0.466070421241417
40 349 0.0469091171187323
40 380 0.0372965307483333
40 484 0.0212916571848935
40 549 0.354942903982479
40 551 0.00396953911235328
40 560 0.10993260027699
40 580 0.02717852332036
40 644 0.0623157854361061
40 649 0.227598463935002
40 669 0.174523020051898
40 744 0.00694704427722104
41 21 0.00659742110882292
41 26 0.117615864024309
41 28 0.561218230553572
41 32 0.291242290689851
41 33 0.138092971991657
41 39 0.0971127717910442
41 40 0.26765216042013
41 42 0.14177988112673
41 43 0.168798490139203
41 44 0.37312895803023
41 46 0.0839624549381369
41 47 0.0283579690547541
41 48 0.114493663067202
41 50 0.0243577212016107
41 51 0.151948451817391
41 56 0.0253497293208869
41 57 0.0991718428011307
41 79 0.0999164870162364
41 89 0.0137730528164413
41 213 0.00060009821871222
41 262 0.0714042898534093
41 322 0.0550378327961724
41 348 0.560532601973033
41 396 0.0283194809671336
41 570 0.0500902806827318
41 624 0.00295637504407773
41 630 0.244101022348505
41 654 0.252248151684384
41 667 0.161838881711017
41 691 0.130784388521626
41 721 0.0528313194310807
41 737 0.567993248938933
42 29 0.184371746408862
42 34 0.0651145351037393
42 35 0.0601684672763443
42 38 0.110048425760392
42 41 0.14177988112673
42 45 0.0238024326392212
42 48 0.125196177556301
42 49 0.0500112052391037
42 51 0.107516975024861
42 52 0.041553704812873
42 56 0.0453477657827524
42 102 0.163210263094556
42 130 0.0210236441686436
42 154 0.0132393819118841
42 196 0.0350602571100263
42 217 0.0220168953492257
42 333 0.0301525991557022
42 346 0.0329232198936987
42 359 0.223696291561172
42 432 0.0742724253814753
42 476 0.0826838931343698
42 485 0.329783906124554
42 501 0.266949162483754
42 506 0.331622811369467
42 550 0.151557395524639
42 559 0.0340797439646585
42 594 0.219020485301531
42 611 0.000443076962783325
42 643 0.035521790524644
42 646 0.105296777836502
42 671 0.0212597782111401
42 687 0.113377406605509
42 734 0.0504264511253071
43 19 0.00295032644319256
43 30 0.193261759680318
43 31 0.0996623602710419
43 33 0.0310374180504728
43 35 0.11225827574074
43 37 0.200810015070289
43 38 0.0388446823166093
43 40 0.307738769852005
43 41 0.168798490139203
43 46 0.0122895532366717
43 48 0.00390198454218869
43 51 0.0605849792010477
43 53 0.0117608426675426
43 56 0.0924766470773642
43 57 0.141024611694637
43 58 0.0245661747571212
43 59 0.0692160260427589
43 79 0.0134071339268564
43 88 0.0348785176362585
43 94 0.00198846903221775
43 110 0.0518817428607898
43 168 0.0295883460975136
43 382 0.314138533200408
43 392 0.000135272172063355
43 442 0.130071787426784
43 446 0.247015770275894
43 484 0.0583364106295289
43 500 0.0285434789632737
43 564 0.0179907196323297
43 620 0.027936437689872
43 639 0.127873936856009
43 646 0.226183396388014
44 7 0.20734716198241
44 27 0.194970597527786
44 32 0.398224469148073
44 34 0.0814358536454151
44 35 0.00177968367457121
44 37 0.0673760541085258
44 40 0.0120791482884056
44 41 0.37312895803023
44 46 0.139969145407416
44 47 0.63058359351139
44 49 0.225742393138883
44 53 0.139653361824112
44 57 0.256925384816198
44 58 0.0704274235542424
44 59 0.0987125612830424
44 100 0.193073847582621
44 111 0.0732975341938691
44 243 0.182950791519147
44 356 0.139548253157605
44 446 0.0730894318336272
44 519 0.107935626946023
44 525 0.0845261086772843
44 544 0.29873138341668
44 548 0.0592486556721401
44 561 0.000905258232580616
44 621 0.268904450865203
44 623 0.070030717312435
44 626 0.0374519888620257
44 669 0.0920517514068625
44 730 0.0247796728436467
45 29 0.164180901604992
45 30 0.0147925386126249
45 31 0.0162638983621613
45 32 0.00399224422047926
45 33 0.021999782648501
45 34 0.00541575667423034
45 35 0.0255536800457478
45 37 0.00200309496496413
45 42 0.0238024326392212
45 46 0.128377334965669
45 51 0.0362980502901194
45 52 0.05063896505309
45 53 0.158804501555012
45 54 0.136150001127966
45 56 0.032819878322077
45 57 0.236523261368503
45 59 0.0936895197609336
45 60 0.0149466945053073
45 61 0.0119957386663314
45 65 0.0818593128363149
45 211 0.0406994983306435
45 229 0.0238035851301517
45 269 0.0533771156727366
45 273 0.0534781084697371
45 348 0.0922583845902569
45 351 0.532356110257678
45 386 0.208371896785713
45 567 0.0810680721983512
45 577 0.0138042222599098
45 620 0.0247939057423819
45 661 0.0106719488119277
45 680 0.0147025702196404
45 741 0.026800303757542
46 9 0.0987175469997634
46 32 0.0018084752023007
46 33 0.140814252839682
46 35 0.033487239198619
46 38 0.256294898709074
46 40 0.188649210425734
46 41 0.0839624549381369
46 43 0.0122895532366717
46 44 0.139969145407416
46 45 0.128377334965669
46 47 0.0771170593979057
46 51 0.0753251574570308
46 53 0.0397088383489209
46 54 0.05981456264722
46 59 0.0257886734862636
46 61 0.0292044740609599
46 83 0.0357338910369248
46 134 0.0480755033629194
46 184 0.331082860440586
46 207 0.0137178923206099
46 303 0.0143240698600405
46 336 0.149651351812331
46 366 0.0885850952903328
46 368 0.00651011177701386
46 388 0.0378138455855112
46 402 0.221924523340898
46 417 0.0137232137351753
46 451 0.0726774739802448
46 531 0.0492796419798702
46 540 0.0845698670987462
46 603 0.0364977846407336
46 633 0.150892462545934
47 4 0.203030910581218
47 34 0.0242498913629363
47 35 0.0842232535379515
47 37 0.0521989556486133
47 38 0.0522053348438392
47 40 0.08491466726511
47 41 0.0283579690547541
47 44 0.63058359351139
47 46 0.0771170593979057
47 49 0.0375233404264099
47 50 0.0209778274446224
47 51 0.0346939199384521
