0 3 0.0217012712546269
0 11 0.487373663018802
0 19 0.0287746332557762
0 22 0.108036188274586
0 102 0.272295734242091
0 198 0.0149817777456859
0 207 0.0344627975930345
0 281 0.0290852215204367
0 298 0.0347195634392889
0 356 0.0981845816459371
0 452 0.00409027535218697
0 511 0.0159683139233482
0 542 0.113533853130677
0 554 0.0054429484560627
0 679 0.0236589734055426
0 742 0.0197738689941917
0 762 0.571864117392158
0 830 0.179908890337128
0 928 0.0119289453781423
0 967 0.016012451570098
0 984 0.00328419249716483
0 985 0.0144132015873917
0 987 0.0579432744352067
0 988 0.171834570818606
1 5 0.0275855792589201
1 6 0.014537684510194
1 7 0.16773111331127
1 8 0.0276830637392509
1 9 0.0661522535989943
1 14 0.01527070323579
1 16 0.187655510535778
1 31 0.00390782527418763
1 171 0.249533498305027
1 184 0.113818885289426
1 196 0.0966376519256398
1 215 0.25130968681319
1 223 0.0315092995624137
1 224 0.131046344855013
1 298 0.0864350740009543
1 312 0.0490703703594746
1 379 0.185470027180288
1 385 0.0614761503832872
1 407 0.00053501994698772
1 408 0.0586904261967443
1 417 0.187959675301311
1 452 0.127552152838368
1 518 0.118741383561727
1 520 0.165784368523143
1 573 0.0596590650689604
1 589 0.0862851389911101
1 634 0.0493673665257397
1 657 0.119421024205452
1 685 0.00559910912360103
1 688 0.109225931169139
1 715 0.0779691580676544
1 724 0.0547470778224022
1 745 0.0576552805413822
1 748 0.222787015965606
1 765 0.0802175096425778
1 775 0.0364043099387754
1 778 0.18151838871733
1 872 0.108332587105776
1 890 0.13529527322933
1 908 0.171283082121137
1 919 0.0154836807474495
1 945 0.103977500926849
1 987 0.031264216046957
1 993 0.285575628080068
1 998 0.0340186141390869
2 6 0.135099172766585
2 12 0.0868762301672509
2 13 0.00614437117092835
2 15 0.0896610844153854
2 258 0.031202005657534
2 260 0.0898451584183698
2 265 0.266389520416615
2 363 0.0315592901781826
2 406 0.205902265227373
2 412 0.0877650208955004
2 445 0.0275232180419714
2 473 0.00808920216769203
2 499 0.212783184355177
2 520 0.00558869512390885
2 528 0.0260263823773117
2 610 0.153223347925174
2 655 0.0297441482903985
2 689 0.00855051398473308
2 725 0.159104135557432
2 731 0.064368708856599
2 804 0.0834150490881611
2 838 0.118171692331562
2 842 0.184041038356656
2 851 0.0492660817802865
2 868 0.00783183386988064
2 869 0.196483423596585
2 990 0.000619429439977903
2 993 0.13753358174642
2 995 0.135011283672897
2 996 0.0836282666644774
3 0 0.0217012712546269
3 11 0.0351533013112803
3 18 0.0094599811266213
3 52 0.0653094521523768
3 60 0.0659263795805541
3 81 0.00967155127590368
3 94 0.0354003147209323
3 108 0.0764919631205615
3 112 0.134834870440996
3 216 0.149358247228073
3 271 0.0292817017273858
3 296 0.0697833182194677
3 340 0.0805943231869161
3 365 0.10727416096185
3 376 0.0215368359824978
3 388 0.012503033373965
3 407 0.00319364492206633
3 502 0.011165360043074
3 528 0.00709152165154245
3 547 0.00586501436247483
3 642 0.0456659538386203
3 659 0.000412937823989655
3 666 0.17449943027208
3 694 0.0232192051146213
3 729 0.0324710175956952
3 737 0.110715358808122
3 772 0.180744026889051
3 808 0.0921658167271437
3 834 0.106811326791372
3 877 0.00158009691668925
3 935 0.020580706195085
3 942 0.130921683124296
3 979 0.0261767982918075
3 988 0.320189213538611
3 995 0.0103152124270676
3 999 0.134373920346594
4 6 0.271049129709961
4 12 0.180309878830168
4 20 0.201664988149712
4 62 0.0182732513294858
4 65 0.00144581966468754
4 82 0.0198926594300819
4 111 0.000153113029539686
4 173 0.157667056213113
4 339 0.169454041269706
4 358 0.0670980579396239
4 534 0.258355770069134
4 550 0.0317087337039184
4 551 0.202788823791661
4 576 0.0724260328493983
4 593 0.0678532331442168
4 600 0.0591807470367897
4 608 0.297963898763129
4 636 0.157545760198495
4 648 0.127800616560405
4 658 0.0429759453291822
4 778 0.00593827237599026
4 789 0.265176468177761
4 840 0.223870686180969
4 847 0.164415325003437
4 881 0.0255263452220047
4 904 0.0749298478319503
4 985 0.0434882281039546
4 991 0.027350982709602
4 992 0.699448295471856
4 993 0.0586219295713889
4 995 0.105902794653509
5 1 0.0275855792589201
5 6 0.0930893430062978
5 11 0.182846182497456
5 16 0.0291143325766729
5 17 0.0375060316974638
5 21 0.114061099781588
5 89 0.142831326561493
5 117 0.16348861222632
5 131 0.0568164070387605
5 143 0.112596769047449
5 149 0.00872071806698934
5 221 0.0136630313551321
5 239 0.223371835628207
5 304 0.160662240364622
5 365 0.0325473209158735
5 432 0.0639660543890492
5 520 0.0244129760223836
5 603 0.00576288190700619
5 667 0.0608092101736083
5 671 0.0593535618780438
5 713 0.00454718125665877
5 716 0.00450362163849444
5 734 0.12168224657561
5 745 0.0154343383487914
5 748 0.0149730087047823
5 755 0.04173794545029
5 843 0.0905130493724688
5 871 0.0374275199357797
5 906 0.262040367876658
5 985 0.110429507636415
5 996 0.0100320082816759
6 1 0.014537684510194
6 2 0.135099172766585
6 4 0.271049129709961
6 5 0.0930893430062978
6 8 0.00645491348977884
6 17 0.0957094465926411
6 18 0.00301514093230018
6 94 0.315755445360893
6 102 0.00175602578688036
6 125 0.0107523918244246
6 134 0.247446951828453
6 172 0.145728044550771
6 280 0.0728798017081639
6 286 0.053664370590569
6 360 0.0850191189766593
6 378 0.00617673202694704
6 385 0.0858178739359176
6 432 0.00324067215174749
6 447 0.0318557347043959
6 474 0.222068409896581
6 499 0.0125580865862459
6 541 0.137117229771201
6 544 0.0177805093337378
6 552 0.0528533859707123
6 560 0.071361888021241
6 580 0.188160957151566
6 603 0.0904799272656366
6 634 0.0115492519991975
6 669 0.225089052793779
6 734 0.0885631721038857
6 845 0.0240720233847249
6 872 0.0437939440262381
6 968 0.216963961991692
6 973 0.0144209765449882
6 995 0.119371260792423
6 999 0.159222891264647
7 1 0.16773111331127
7 8 0.0782974531399098
7 9 0.0162172263238509
7 10 0.0867375336962064
7 14 0.174630305505571
7 15 0.0487067200591927
7 19 0.0535429438040694
7 21 0.0771476492914255
7 22 0.0996547945333683
7 51 0.310226591069832
7 70 0.0161758816529838
7 83 0.0456377866897333
7 145 0.220439364869935
7 193 0.126551852591785
7 258 0.119955174788175
7 261 0.0588201941230197
7 343 0.0337423338498973
7 347 0.183091362937983
7 483 0.0156238482031313
7 493 0.00973761003474372
7 563 0.246059461365396
7 592 0.0235114179611449
7 671 0.0404391892612376
7 690 0.130720704580938
7 741 0.0251974022931025
7 802 0.110823176686445
7 862 0.0192946678521804
7 954 0.216554545158143
7 991 0.000187085610713314
7 993 0.0510367251580054
7 998 0.216863394054894
7 999 0.0509914215197175
8 1 0.0276830637392509
8 6 0.00645491348977884
8 7 0.0782974531399098
8 11 0.00450970970610991
8 12 0.00963155326850339
8 14 0.0910823916381777
8 16 0.0515944061737035
8 19 0.0586334097143254
8 24 0.0518786668270425
8 59 0.0560382482082226
8 63 0.0633860523660612
8 92 0.116719219971927
8 94 0.0183436926459814
8 134 0.0330117559312464
8 156 0.0156751100952098
8 197 0.0615625987577876
8 221 0.0682089671336267
8 260 0.120840144103333
8 294 0.0564686236231087
8 330 0.25109706015765
8 348 0.00942805010879531
8 354 0.0029355417885815
8 374 0.0323677624329342
8 445 0.0706823155300789
8 451 0.144030650355407
8 482 0.215079635837438
8 549 0.0886097587347979
8 581 0.456173818884791
8 622 0.0640551022588791
8 651 0.00562719293420559
8 657 0.00535432359586213
8 693 0.0437172386182609
8 726 0.0218061746163119
8 887 0.532122912674566
8 925 0.00224963413601445
8 992 0.0984059964850295
8 994 0.0203088215624598
8 996 0.0192241928432511
8 999 0.0237542970995708
9 1 0.0661522535989943
9 7 0.0162172263238509
9 13 0.0121539739223825
9 14 0.0349503646346517
9 15 0.113763239650456
9 17 0.085317135480092
9 25 0.169508930903998
9 70 0.120600214095586
9 105 0.150872814342651
9 112 0.130499201031354
9 120 0.134022984219048
9 126 0.0837225972928809
9 145 0.0117957909123504
9 146 0.160082579605218
9 225 0.0676094005700229
9 238 0.00131554745081819
9 277 0.0077605077835854
9 311 0.298307613686532
9 313 0.0744518847480579
9 315 0.00445907659440108
9 324 0.012277734391877
9 327 0.0900385970625762
9 331 0.0688351530851589
9 347 0.0420081394119353
9 467 0.0684393018055074
9 541 0.00961529022192447
9 629 0.0244078022927052
9 666 0.00275456256161817
9 714 0.0688249348930832
9 735 0.00696520939832736
9 757 0.0765939782112565
9 798 0.10546088965535
9 883 0.181549225746945
9 956 0.0367293136920083
9 968 0.0065950008756424
9 987 0.48670056601408
9 993 0.201944384193119
9 996 0.104975999266724
9 997 0.141326765915719
10 7 0.0867375336962064
10 13 0.00531277988406965
10 15 0.119281523331622
10 18 0.10420391893196
10 26 0.278042916400382
10 74 0.0117902970438718
10 81 0.039428434551506
10 144 0.0895752772795239
10 181 0.198173192392358
10 236 0.0299979772181644
10 250 0.0432399434410434
10 266 0.145401808462768
10 290 0.0103992318221051
10 304 0.310538713868282
10 321 0.0296239391726612
10 326 0.0128814001668319
10 336 0.127605509079774
10 338 0.168917750054451
10 369 0.00598242351868173
10 381 0.275000919738027
10 391 0.0752600879216172
10 399 0.00537807363773264
10 403 0.0720331896186464
10 419 0.039929102651615
10 449 0.0264202379123016
10 454 0.0385545271654627
10 497 0.0189241737390833
10 552 0.060340350474202
10 555 0.0218702389418305
10 559 0.143740133766397
10 592 0.047536388023434
10 692 0.133506939633296
10 734 0.0170971053256494
10 745 0.253422282893481
10 756 0.0449472142979026
10 788 0.0907720905955003
10 842 0.0309200218320965
11 0 0.487373663018802
11 3 0.0351533013112803
11 5 0.182846182497456
11 8 0.00450970970610991
11 18 0.0272826394163539
11 27 0.276203375885828
11 173 0.225621363070654
11 176 0.1140079647199
11 213 0.0626036594424851
11 339 0.164833747973005
11 479 0.0682683581568205
11 492 0.0346398028555783
11 494 0.0460807551466101
11 540 0.0015248564761439
11 541 0.0342973370276612
11 548 0.116074856655533
11 571 0.255219605867097
11 627 0.125545487738284
11 648 0.0970865285097481
11 667 0.00197498215040126
11 677 0.0243095466755655
11 705 0.189512568017551
11 712 0.0338234629384687
11 782 0.184209112276823
11 876 0.103285169620279
11 901 0.180361069781281
11 924 0.110713830362043
11 976 0.491654208385179
11 995 0.0850643244482266
11 998 0.220619812231336
11 999 0.245842034934658
12 2 0.0868762301672509
12 4 0.180309878830168
12 8 0.00963155326850339
12 19 0.0349813778333645
12 23 0.00850312356342344
12 24 0.145046064799866
12 27 0.0576440831601149
12 28 0.0285590755471062
12 52 0.199328664669465
12 53 0.209692653785827
12 167 0.0996265466921072
12 280 0.218912680437167
12 315 0.21460747047177
12 329 0.105815680203033
12 370 0.00482999801034522
12 397 0.103885894394527
12 449 0.00568491574153252
12 471 0.0107538954643596
12 483 0.142975505306554
12 568 0.00407903191286783
12 620 0.154047749724916
12 633 0.0507916729673476
12 726 0.0202244108435306
12 764 0.0590043032897247
12 774 0.0915828114681659
12 789 0.0312330089935748
12 792 0.0288561558466334
12 793 0.113345735335049
12 841 0.106540394496768
12 857 0.185341106996203
12 897 0.0396895314912357
12 957 0.107229923613584
12 972 0.0430540781240203
12 998 0.00125865364985008
13 2 0.00614437117092835
13 9 0.0121539739223825
13 10 0.00531277988406965
13 18 0.181190974230896
13 20 0.0577701326432532
13 23 0.0707564783176999
13 29 0.232875611932158
13 82 0.348869780934178
13 140 0.218579042363241
13 249 0.134683104586875
13 268 0.159690949181622
13 298 0.0197036427954402
13 318 0.110770775209771
13 352 0.114061762298322
13 425 0.00936304441800661
13 512 0.108917872866557
13 540 0.0723128803140774
13 546 0.0932250388818315
13 548 0.0061510754467687
13 599 0.0453172883073803
13 645 0.165832722013595
13 700 0.280861331592024
13 815 0.0181124748650307
13 850 0.0020436032835195
13 905 0.253861260597716
13 914 0.0761452195749534
13 922 0.0112310010050618
13 982 0.125674513903731
13 988 0.16721845032378
13 997 0.0629970688587758
14 1 0.01527070323579
14 7 0.174630305505571
14 8 0.0910823916381777
14 9 0.0349503646346517
14 16 0.00141043471418398
14 20 0.00409409832493114
14 25 0.143227045726502
14 26 0.0480947462782882
14 28 0.0767851007196178
14 125 0.0173904290730971
14 180 0.143511074852379
14 193 0.0400817020904125
14 221 0.0144141750177621
14 228 0.0154548199725999
14 237 0.0787014783116569
14 250 0.246217193549332
14 259 0.0889388826014968
14 288 0.0196375055503344
14 304 0.0166338965429522
14 335 0.0529413109286939
14 372 0.117427517219539
14 404 0.134333861291854
14 515 0.0661291089886466
14 543 0.0395722974492458
14 567 0.0201415215126884
14 592 0.0302892952563271
14 632 0.200063183341196
14 639 0.059963554525048
14 701 0.0138988837386043
14 707 0.112359623217244
14 728 0.0373377921218183
14 736 0.0215356698787174
14 742 0.100893873849226
14 751 0.395039743192624
14 771 0.0179853350804161
14 876 0.170325444856224
14 954 0.0410614906194366
14 962 0.0741583491475576
14 977 0.30348237282652
14 998 0.00199848893815561
15 2 0.0896610844153854
15 7 0.0487067200591927
15 9 0.113763239650456
15 10 0.119281523331622
15 20 0.207483277572209
15 27 0.0567243380030292
15 46 0.0358676141469909
15 49 0.0494161104632491
15 55 0.141359445846533
15 91 0.00566148021085625
15 133 0.0336332116514718
15 147 0.0032998628213906
15 302 0.0585496561058938
15 314 0.409068122509747
15 386 0.00987904579505487
15 415 0.22597037660003
15 482 0.0205744594184277
15 516 0.0549608358834116
15 618 0.24245194395504
15 627 0.057769651311731
15 665 0.0804988135687738
15 727 0.0961366630166304
15 796 0.057415466730539
15 829 0.26630557366641
15 847 0.126137108241929
15 856 7.04868517736734e-05
15 890 0.0105982058992038
15 894 0.0929531848366038
15 901 0.0694525946438658
15 911 0.406084163879413
15 912 0.11719947357037
15 954 0.00181271904360382
15 961 0.0684495529675419
15 999 0.09623296050432
16 1 0.187655510535778
16 5 0.0291143325766729
16 8 0.0515944061737035
16 14 0.00141043471418398
16 22 0.019140717381215
16 24 0.0509734393201672
16 25 0.121761346297645
16 30 0.0275067445192764
16 56 0.0238475920921333
16 62 0.119726892629107
16 128 0.148808253762092
16 137 0.0355727440685061
16 152 0.00780174705097914
16 166 0.132061648416904
16 175 0.0390835306933016
16 184 0.107080572738381
16 192 0.0512457458732719
16 200 0.0247378422678253
16 203 0.01359932677901
16 247 0.10264438820763
16 250 0.0158221250654042
16 423 0.102305401454779
16 464 0.12999522533052
16 480 0.284370607199324
16 551 0.192432877010715
16 588 0.0542131944331196
16 691 0.068075024081842
16 765 0.172645576370282
16 772 0.0349056768245219
16 788 0.373291865398107
16 834 0.0117556799508173
16 846 0.0002905670965662
16 860 0.0244495063446646
16 915 0.0106356399989669
16 918 0.0592998498800043
16 939 0.084372886402105
16 992 0.244347449259597
17 5 0.0375060316974638
17 6 0.0957094465926411
17 9 0.085317135480092
17 30 0.0986746076878858
17 39 0.0911661798840747
17 43 0.00969142903428918
17 95 0.285264500780379
17 123 0.407652850088653
17 190 0.00293629906209356
17 225 0.048988946259803
17 290 0.0440512654067919
17 302 0.0738274251307085
17 392 0.0179699528024589
17 458 0.0171162976765744
17 460 0.0556743260847704
17 547 0.00518956994841624
17 552 0.0298679678476272
17 561 0.064930844802732
17 579 0.00743691052938529
17 612 0.0416323005229407
17 649 0.0121736031334044
17 665 0.183306559458869
17 695 0.0189542808216431
17 704 0.185510876163133
17 712 0.0523700476725501
17 720 0.0887760573124974
17 758 0.130407358964556
17 783 0.00181746276245218
17 810 0.209125774405428
17 852 0.00520266656920194
17 859 0.19368974088189
17 875 0.429101218661239
17 912 0.0405509703092293
18 3 0.0094599811266213
18 6 0.00301514093230018
18 10 0.10420391893196
18 11 0.0272826394163539
18 13 0.181190974230896
18 21 0.0528590596611047
18 29 0.107219888749175
18 34 0.0461042023064054
18 50 0.0660341280219559
18 83 0.0709481843737259
18 124 0.0898730297812382
18 164 0.0528715368766411
18 221 0.0563169136750381
18 224 0.00792061847235741
18 231 0.0822395118117804
18 254 0.012803183626254
18 277 0.0571762633459246
18 281 0.0613925174267431
18 313 0.0647277503618799
18 360 0.215610733132129
18 420 0.156848697642404
18 426 0.0288516263564723
18 503 0.132254623362702
18 505 0.000419991349944083
18 564 0.0139414601399309
18 681 0.0276165843683765
18 703 0.195031172248237
18 813 0.140449724886906
18 827 0.00105111015482212
18 868 0.143750508138285
18 883 0.0290025261873377
18 898 0.00269978058702616
18 934 0.0340685639562157
18 953 0.254838776526277
18 955 0.217969123884215
18 971 0.0361474293489947
18 972 0.263084220414423
19 0 0.0287746332557762
19 7 0.0535429438040694
19 8 0.0586334097143254
19 12 0.0349813778333645
19 27 0.0659468712924979
19 31 0.0235538176649256
19 35 0.0982668270219376
19 58 0.0997030258393772
19 70 0.135001354419822
19 88 0.00620112942351316
19 170 0.00491070011879184
19 376 0.0888388943148602
19 414 0.13855470955529
19 477 0.167752105380572
19 519 0.00850410015344928
19 529 0.0310664104711755
19 534 0.00717957789758527
19 555 0.00589795825900817
19 577 0.0527481529499687
19 610 0.0181960906228524
19 612 0.013932639703921
19 627 0.120515713688109
19 633 0.0397269391762742
19 640 0.116677904554709
19 643 0.0328378053860412
19 659 0.0351631105478496
19 722 0.0528110965612383
19 734 0.0162692688587444
19 763 0.0497865450619784
19 820 0.260566994234044
19 832 0.156102564400041
19 895 0.304914491629656
19 910 0.0189653319789202
19 914 0.0361827371635295
19 942 0.158900687709077
19 957 0.0648574715497048
19 984 0.133349122845748
19 991 0.00393084341131901
20 4 0.201664988149712
20 13 0.0577701326432532
20 14 0.00409409832493114
20 15 0.207483277572209
20 21 0.00331616833654609
20 26 0.0847325686242782
20 28 0.0239447450481071
20 29 0.0507429183236606
20 31 0.378401734597216
20 32 0.165092198833816
20 35 0.123474408948506
20 42 0.03174697246417
20 130 0.360276450838696
20 136 0.0108715449722904
20 185 0.0584830730002986
20 229 0.00167526861603996
20 254 0.0653119531499416
20 267 0.070927225798501
20 351 0.0222806037907611
20 395 0.434281360292464
20 415 0.242713171583278
20 420 0.276759374383976
20 440 0.132602912420108
20 441 0.053080821129932
20 496 0.028995675439511
20 514 0.125975345675092
20 620 0.0334307270305997
20 629 0.194137251028616
20 673 0.0327625261309655
20 701 0.0598652601022699
20 744 0.0250306761021715
20 782 0.0404777499976791
20 866 0.0674506073279507
20 958 0.00285765597731047
20 969 0.0062804423534709
20 997 0.0657936250795879
21 5 0.114061099781588
21 7 0.0771476492914255
21 18 0.0528590596611047
21 20 0.00331616833654609
21 28 0.145480574891391
21 32 0.00959564200859539
21 35 0.0284166751504414
21 75 0.0329561919251078
21 133 0.0105801329749203
21 171 5.58529810191426e-05
21 178 0.192415697472857
21 239 0.0213451714687196
21 253 0.102264051576214
21 276 0.06522035021687
21 319 0.0279082907173919
21 347 0.00352446276338276
21 431 0.00706573437386688
21 443 0.0447515119136592
21 475 0.227928003376027
21 514 0.000654893439054181
21 524 0.153940799336551
21 567 0.182394721400731
21 569 0.197175860263615
21 728 0.0390828066830082
21 732 0.149399347780557
21 743 0.0643648255232269
21 752 0.00496117334526692
21 784 0.255152298167138
21 788 0.000587586343978475
21 872 0.185109456398282
21 897 0.0275368514725522
21 960 0.240710038485957
21 975 0.0117243588294819
22 0 0.108036188274586
22 7 0.0996547945333683
22 16 0.019140717381215
22 32 0.204871407152435
22 34 0.154068645684631
22 35 0.22495374960506
22 96 0.0447538804967022
22 162 0.08097270679465
22 200 0.0492245821635638
22 294 0.0224145518794816
22 368 0.0378424601862222
22 386 0.0691882787899695
22 523 0.0892199361551918
22 572 0.0221082283130835
22 626 0.030269682064395
22 628 0.0321656058669977
22 663 0.115207080174233
22 669 0.0626751303858439
22 675 0.042412195441977
22 766 0.114907589305456
22 776 0.0291043016890177
22 806 0.050026622329317
22 813 0.0463894179159619
22 822 0.00613866964681436
22 843 0.0577699082573927
22 893 0.0726069088809436
22 957 0.0163287404774416
22 982 0.126395223248578
22 993 0.257067877022201
23 12 0.00850312356342344
23 13 0.0707564783176999
23 29 0.0749294666068417
23 30 0.0333030442019868
23 33 0.0455752661387355
23 35 0.0212720480809997
23 38 0.0232806846959409
23 69 0.025675100583403
23 92 0.415765092016055
23 113 0.531748359850504
23 273 0.24645423534146
23 279 0.0193249053016339
23 311 0.103297719099841
23 347 0.0429566778918565
23 390 0.00253822384123211
23 454 0.0358524546784925
23 523 0.0308210154226722
23 615 0.0533082881811339
23 635 0.0475154661044433
23 726 0.115563674572446
23 774 0.0362883724455168
23 810 0.185656886077697
23 822 0.136916929604779
23 879 0.0102809899461452
24 8 0.0518786668270425
24 12 0.145046064799866
24 16 0.0509734393201672
24 29 0.097599788601779
24 40 0.0661726277863863
24 82 0.0655637418806171
24 113 0.246233164001572
24 258 0.252214960761869
24 288 0.0961736200489403
24 297 0.0821809091996017
24 326 0.0993579653740942
24 327 0.00675901669255813
24 334 0.0696986257510056
24 367 0.0245075640496532
24 430 0.068954808136663
24 475 0.0300365187670762
24 478 0.0574871632832575
24 502 0.0174219373763148
24 538 0.00893365231969795
24 578 0.00491918743270549
24 613 0.120998682940911
24 685 0.0713149907188856
24 757 0.271723328902857
24 761 0.146697970127034
24 762 0.0712206994951615
24 824 0.223113427828459
24 901 0.018634415566727
24 911 0.00941221321177195
24 926 0.0978568952726416
25 9 0.169508930903998
25 14 0.143227045726502
25 16 0.121761346297645
25 30 0.0654812931795256
25 34 0.0107755531700854
25 39 0.0649608851948412
25 40 0.103891714913028
25 61 0.0255033893490872
25 88 0.0663942910815789
25 174 0.0246399837235303
25 188 0.0488268217020808
25 255 0.0121674201286081
25 321 0.0711808763534377
25 433 0.0072843252545122
25 485 0.0290465551361585
25 517 0.0485120914594326
25 529 0.0479714740574959
25 560 0.0249860751915043
25 565 0.0590376325381346
25 597 0.0396330772129241
25 617 0.0181269665439978
25 631 0.136127386123986
25 638 0.0806143389557081
25 646 0.0187974746481336
25 712 0.000255675817984213
25 724 0.149189643128967
25 728 0.0755022009560361
25 743 0.0567623109026713
25 764 0.250625720819655
25 795 0.000827051948469668
25 800 0.0175509573816442
25 810 0.226437580410086
25 814 0.0352726883957454
25 850 0.0679563620757831
25 857 0.0894415097768714
25 893 0.0780298197458945
25 895 0.100559334735515
25 933 0.13446570279907
25 952 0.00942091370976001
25 955 0.194929573920436
25 958 0.0663777061488791
25 966 0.0246526950257913
26 10 0.278042916400382
26 14 0.0480947462782882
26 20 0.0847325686242782
26 32 0.0444240225372321
26 33 0.0294916880930269
26 34 0.186114217182762
26 35 0.026283143525702
26 36 0.0221597281901274
26 42 0.0488154416580651
26 47 0.0882250195952627
26 145 0.011152867043495
26 178 0.104944977641308
26 183 0.0957165263861878
26 208 0.0807778899179383
26 262 0.0357358411369299
26 285 0.105390653284564
26 305 0.117681343452504
26 325 0.0445367092709913
26 346 0.426278637434337
26 356 0.0107339113711421
26 403 0.21999883794274
26 419 0.0151119331026544
26 492 0.122682606755832
26 539 0.0630911653031812
26 577 0.0227591236179868
26 604 0.215783525344134
26 613 0.0711494966522869
26 690 0.00616526725435715
26 799 0.0223169455639657
26 800 0.0704055935808338
27 11 0.276203375885828
27 12 0.0576440831601149
27 15 0.0567243380030292
27 19 0.0659468712924979
27 31 0.0312247191218295
27 32 0.0132889433003957
27 36 0.0941900912607742
27 40 0.251254933466848
27 42 0.170260678704862
27 98 0.063519204148755
27 100 0.0795533479587832
27 143 0.156769493990908
27 199 0.0745735796505397
27 265 0.0218922592863603
27 293 0.0466177723112725
27 347 0.0792163538672082
27 349 0.0792314030986543
27 402 0.0764433578570908
27 412 0.125621259783
27 481 0.142729576451089
27 496 0.0533773437235761
27 580 0.139489365081903
27 581 0.0196051472915115
27 710 0.135790577531156
27 746 0.0298382327124853
27 858 0.143452246431831
27 865 0.105903538637891
27 870 0.0222557923054034
27 912 0.0988701238339941
27 913 0.1167712908394
27 934 0.0857306676847607
28 12 0.0285590755471062
28 14 0.0767851007196178
28 20 0.0239447450481071
28 21 0.145480574891391
28 31 0.376967809398068
28 33 0.089869306479145
28 37 0.039613660158236
28 38 0.0131649208389103
28 39 0.178603421866241
28 41 0.0251847722722593
28 47 0.0330348766654432
28 58 0.0188328757589843
28 135 0.0254615561432562
28 156 0.0393595319463169
28 168 0.185508943206233
28 170 0.119944553734466
28 235 0.336777007749903
28 292 0.182830273337819
28 302 0.0408703318650959
28 306 0.125666813300955
28 349 0.0129590738848791
28 467 0.0250469513654308
28 516 0.251757068033725
28 518 0.194149659639334
28 539 0.0563406103386585
28 543 0.103975099546404
28 583 0.0200502463865302
28 591 0.150268503647448
28 664 0.112030735723752
28 689 0.0365433472599512
28 752 0.0154663523525689
28 767 0.00586876072457125
28 809 0.131097329931652
28 867 0.0218654391467034
29 13 0.232875611932158
29 18 0.107219888749175
29 20 0.0507429183236606
29 23 0.0749294666068417
29 24 0.097599788601779
29 35 0.00886363839909053
29 36 0.0926270019627954
29 42 0.104259195223313
29 51 0.0773380853969726
29 59 0.0864039294645256
29 207 0.225532331789636
29 242 0.109471850470031
29 289 0.0154235985056742
29 337 0.0678375134509566
29 354 0.00209063211501362
29 360 0.0703309981519807
29 369 0.208128563872619
29 378 0.17020939034637
29 420 0.131259814248268
29 443 0.126435398518039
29 469 0.0203099139164744
29 550 0.105821125742596
29 600 0.0280486050748643
29 609 0.173537205056082
29 614 0.0649522650427825
29 635 0.0123787562110505
29 658 0.0720991073417675
29 671 0.0117770682422565
29 706 0.00835112891180819
29 752 0.0577961449170985
29 840 0.0149179881206526
29 871 0.0236679651038656
29 895 0.0187091427953381
29 899 0.00472824497422406
29 987 0.0728071476527895
30 16 0.0275067445192764
30 17 0.0986746076878858
30 23 0.0333030442019868
30 25 0.0654812931795256
30 32 0.0171618775964913
30 35 0.0212226062198862
30 39 0.125310158731015
30 128 0.169314101515194
30 145 0.127900726739739
30 150 0.292965254807174
30 222 0.169594108362893
30 234 0.00245288229430539
30 248 0.152968452167849
30 259 0.0796560520033994
30 284 0.156735749931151
30 288 0.0524440658274477
30 305 0.228441688469529
30 317 0.00702093455301279
30 321 0.149915282577771
30 354 0.120562601733227
30 367 0.0388999784075492
30 406 0.0168375198851233
30 427 0.0837219212399355
30 428 0.102087636091316
30 510 0.104450769603543
30 832 0.0383870873841939
30 847 0.00701300808470505
30 855 0.151567073726782
30 877 0.0168644662055843
30 967 0.125348179315894
30 997 0.0160758799602175
31 1 0.00390782527418763
31 19 0.0235538176649256
31 20 0.378401734597216
31 27 0.0312247191218295
31 28 0.376967809398068
31 38 0.175163829014894
31 39 0.332071550788962
31 45 0.0259834562074969
31 50 0.039560937896234
31 73 0.00573717419710469
31 95 0.0882469234614369
31 115 0.0762578316353594
31 124 0.637128343071394
31 158 0.286036896994556
31 162 0.00545149672312797
31 177 0.137834293931507
31 203 0.0446943856936926
31 213 0.0495488182551108
31 261 0.0664870944534003
31 271 0.0027809390533201
31 312 0.0738064509201839
31 394 0.031463973628659
31 525 0.287832980633728
31 556 0.0183720644983259
31 607 0.165804161912323
31 709 0.0691251098239791
31 742 0.28273264535117
31 758 0.0161763185871315
31 848 0.0219846823431141
31 904 0.115826337694645
31 996 0.0184939638411481
32 20 0.165092198833816
32 21 0.00959564200859539
32 22 0.204871407152435
32 26 0.0444240225372321
32 27 0.0132889433003957
32 30 0.0171618775964913
32 35 0.119940565146273
32 37 0.0029247479520506
32 38 0.0966353712018161
32 39 0.0189762645662576
32 43 0.00521252354761029
32 48 0.211833903817186
32 52 0.123506239746808
32 84 0.327173029224888
32 185 0.0173401151032071
32 193 0.207488818949854
32 270 0.0492112351254719
32 271 0.00125686905037006
32 408 0.0170891958751478
32 447 0.120273500489238
32 504 0.0537706845084605
32 514 0.00277913832424389
32 515 0.00188222866810968
32 540 0.00932642123185151
32 598 0.0104199197154246
32 638 0.0413973462599634
32 694 0.142294053779143
32 774 0.166192786323054
32 795 0.296714673482031
32 842 0.0150847081595721
32 848 0.0476692063286909
32 863 0.0293703879670484
32 912 0.0487623624663462
32 933 0.111231802502126
32 945 0.111014443846162
32 958 0.0338575908992018
33 23 0.0455752661387355
33 26 0.0294916880930269
33 28 0.089869306479145
33 34 0.11341452710315
33 38 0.0213350014039564
33 39 0.0495292692747444
33 45 0.0504914497464347
33 49 0.0743525722573904
33 113 0.205186758497364
33 205 0.105174585219353
33 251 0.0232648342493459
33 355 0.0880352788953441
33 362 0.111138115591031
33 404 0.163210805086604
33 434 0.162008248188161
33 528 0.0473478177375051
33 539 0.0146892454759237
33 655 0.130526060353362
33 673 0.193693224630211
33 692 0.00597596513316497
33 729 0.188067524752042
33 858 0.189237181417225
33 909 0.191094942436813
33 951 0.0250290989562876
33 991 0.141273006843424
34 18 0.0461042023064054
34 22 0.154068645684631
34 25 0.0107755531700854
34 26 0.186114217182762
34 33 0.11341452710315
34 35 0.0477708383409611
34 36 0.0174277778617268
34 97 0.0275659741360994
34 104 0.0944067799761034
34 208 0.410123329654568
34 234 0.0261176831361441
34 417 0.19116968820262
34 418 0.0918686255113063
34 426 0.315757218427202
34 476 0.0524846336461565
34 631 0.186319954145986
34 707 0.162071135008314
34 714 0.0823578073498694
34 726 0.0397379863441311
34 752 0.107696075350217
34 778 0.0452667740024595
34 812 0.145803679229748
34 813 0.114784588621248
34 858 0.0266116321833917
34 881 0.14428726178577
34 908 0.184972995312808
34 955 0.232932496856416
35 19 0.0982668270219376
35 20 0.123474408948506
35 21 0.0284166751504414
35 22 0.22495374960506
35 23 0.0212720480809997
35 26 0.026283143525702
35 29 0.00886363839909053
35 30 0.0212226062198862
35 32 0.119940565146273
35 34 0.0477708383409611
35 40 0.0484409116403539
35 43 0.286326548182398
35 47 0.0986394214451786
35 49 0.00257965758682206
35 212 0.00751606948865819
35 332 0.0683383393281255
35 348 0.0599886284634583
35 416 0.074935001737421
35 426 0.00236900734013534
35 459 0.182646686711143
35 557 0.14837100117134
35 567 0.00598097175040899
35 603 0.0926987149997694
35 633 0.20268891424388
35 653 0.0622459128513943
35 699 0.0714477217880565
35 780 0.0513396039165788
35 840 0.0042365190587372
35 887 0.0107288957548156
35 919 0.062046200276255
35 979 0.190390027937087
36 26 0.0221597281901274
36 27 0.0941900912607742
36 29 0.0926270019627954
36 34 0.0174277778617268
36 39 0.525563153005394
36 41 0.00535008805548749
36 42 0.0158938829205744
36 46 0.109703821998603
36 49 0.0139245789288566
36 58 0.0255953952366557
36 91 0.0199752642016696
36 137 0.0380771850168683
36 373 0.0125705217347062
36 375 0.134562798666319
36 380 0.139161607034822
36 396 0.0992656448512478
36 443 0.0152861376035959
36 484 0.0106117944654873
36 522 0.151865762264706
36 564 0.137731636602029
36 571 0.312946045557073
36 573 0.0982011317071422
36 619 0.11831174899336
36 654 0.00509641563433595
36 675 0.02936939055206
36 763 0.00381169703516728
36 765 0.00749400184047843
36 780 0.116021096951453
36 830 0.169827854815915
36 884 0.0510014048331511
36 969 0.0368007952225024
37 28 0.039613660158236
37 32 0.0029247479520506
37 40 0.115791482632007
37 42 0.0727739326180603
37 44 0.02100412821294
37 49 0.0214261140095039
37 50 0.00126092269289153
37 56 0.289105082484728
37 82 0.0303771082115503
37 139 0.0742995661137357
37 151 0.00471526047862752
37 165 0.0143048963143141
37 185 0.0676572557273324
37 289 0.00180700817099879
37 335 0.0690295057964966
37 368 0.10299922155914
37 472 0.0362086125463917
37 554 0.182259705464871
37 592 0.013392880996607
37 593 0.00712172299295928
37 632 0.0939070899256313
37 794 0.0633233170238509
37 820 0.367322342395918
37 823 0.174394806251816
37 930 0.0339874014907512
37 951 0.050183112908377
37 954 0.029131645662182
37 964 0.0735752506796017
37 969 0.0712211614129004
38 23 0.0232806846959409
38 28 0.0131649208389103
38 31 0.175163829014894
38 32 0.0966353712018161
38 33 0.0213350014039564
38 39 0.0400704626350094
38 47 0.262103409986078
38 53 0.095113185340143
38 102 0.00557150034146567
38 115 0.147748382837523
38 132 0.0600299846982689
38 290 0.10203039344289
38 375 0.0626118380028602
38 383 0.208516045009829
38 404 0.00566601470881454
38 421 0.116113331222666
38 440 0.0410868035353143
38 504 0.0488625512218365
38 522 0.108190348043083
38 569 0.18862760519323
38 608 0.0866470340081637
38 641 0.22792929876103
38 661 0.0742639613549901
38 718 0.0936626230555286
38 732 0.0638698639968583
38 797 0.0851613373751513
38 841 0.0473206269073594
38 842 0.143669688105792
38 848 0.0235251080043247
38 866 0.17435759642287
38 899 0.127478627854023
38 918 0.0199076445465572
38 948 0.0467178519293203
39 17 0.0911661798840747
39 25 0.0649608851948412
39 28 0.178603421866241
39 30 0.125310158731015
39 31 0.332071550788962
39 32 0.0189762645662576
39 33 0.0495292692747444
39 36 0.525563153005394
39 38 0.0400704626350094
39 43 0.056503206421658
39 44 0.148984848224781
39 49 0.144664507846262
39 51 0.0734334075597001
39 53 0.0365788867717207
39 56 0.0825875555027707
39 88 0.22448209660066
39 105 0.0228344335287867
39 130 0.0448310066694643
39 203 0.117618597845428
39 219 0.00188887035361214
39 251 0.481279376641492
39 257 0.0466241172402253
39 261 0.0210404803078876
39 320 0.0610084424729149
39 352 0.0969101268932054
39 355 0.145962901071169
39 384 0.0372071175644574
39 497 0.0397662012836242
39 607 0.0685257408446462
39 641 0.242065022165072
39 657 0.129684976296099
39 663 0.0980035999092698
39 674 0.0201472157295561
39 694 0.102156963918444
39 760 0.154119028265116
39 800 0.0809679504927437
39 868 0.200684115275087
39 876 0.050091466148939
39 934 0.0552491502483567
40 24 0.0661726277863863
40 25 0.103891714913028
40 27 0.251254933466848
40 35 0.0484409116403539
40 37 0.115791482632007
40 41 0.0220045112899137
40 42 0.182656922170983
40 44 0.00355183682554
40 47 0.0216063730542772
40 50 0.209734107400278
40 52 0.00561421935084271
40 56 0.0496984940910342
40 62 0.03260086424181
40 66 0.00463277709664521
40 81 0.0527718438013947
40 138 0.155493405322745
40 215 0.00760083396826261
40 225 0.0937563281855542
40 272 0.0646894669659085
40 302 0.0563602059567531
40 339 0.0131061469006384
40 386 0.0799462397711372
40 477 0.0638602623705821
40 500 0.029398105353577
40 604 0.0658375215621045
40 771 0.291752318589234
40 823 0.197905960220098
40 855 0.00929512762642023
40 936 0.100542747163647
41 28 0.0251847722722593
41 36 0.00535008805548749
41 40 0.0220045112899137
41 42 0.000247622932454415
41 51 0.0532277009196498
41 55 0.0347012995150987
41 56 0.0157531622550223
41 65 0.0203230325528185
41 119 0.102526451454056
41 120 0.139642550780706
41 122 0.00297861694907693
41 124 0.0286293404196799
41 158 0.0537951854650344
41 161 0.042099714991666
41 193 0.0137438951269041
41 214 0.111624256549325
41 234 0.00394789459779177
41 255 0.022423619025075
41 322 0.0888432319297768
41 326 0.083939982602552
41 331 0.00373584531474593
41 369 0.0194819493312292
41 382 0.15911254740229
41 404 0.0193562136826171
41 465 0.0385674618635309
41 492 0.314446196365364
41 513 0.013865899664904
41 551 0.0146242997402445
41 563 0.174266755529864
41 600 0.135822896868942
41 659 0.21948642736649
41 674 0.00195880887625282
41 784 0.396816734419737
41 852 0.167445860140803
41 931 0.0738646688951151
41 940 0.00671758133698455
41 961 0.173093741799513
41 989 0.00808589664485428
41 996 0.0244673764808626
42 20 0.03174697246417
42 26 0.0488154416580651
42 27 0.170260678704862
42 29 0.104259195223313
42 36 0.0158938829205744
42 37 0.0727739326180603
42 40 0.182656922170983
42 41 0.000247622932454415
42 43 0.234282323745335
42 56 0.0951850252276279
42 57 0.00793476185818613
42 103 0.0437183062597943
42 160 0.0141975984481418
42 172 0.0644048614752723
42 229 0.0101989388529636
42 296 0.015276552585522
42 327 0.0203174679208967
42 388 0.00869785632076999
42 424 0.06493538275161
42 503 0.0164987490911762
42 540 0.136291475939087
42 610 0.0444018099796683
42 699 0.172037303173415
42 748 0.215236393951493
42 778 0.0398641070423844
42 790 0.113131127305986
42 900 0.0466129469611834
42 962 0.0607627850576057
42 965 0.0710656130797622
42 992 0.0682048699155372
42 996 0.142586419126659
43 17 0.00969142903428918
43 32 0.00521252354761029
43 35 0.286326548182398
43 39 0.056503206421658
43 42 0.234282323745335
43 45 0.000769413176538362
43 54 0.00672692151351594
43 55 0.0415465581250014
43 57 0.0898375375407812
43 58 0.056649711570724
43 137 0.0944386850213506
43 147 0.0626933525030744
43 155 0.0201666537280814
43 182 0.125673410281164
43 282 0.0157995118145678
43 488 0.421253113951733
43 597 0.019518966561645
43 599 0.06687086521589
43 625 0.0122722070716974
43 647 0.0201912095788235
43 910 0.0849325948011957
43 945 0.0355882533931096
43 992 0.0453143684821273
44 37 0.02100412821294
44 39 0.148984848224781
44 40 0.00355183682554
44 48 0.0770198257981092
44 49 0.0641915427789551
44 53 0.0556652359239298
44 71 0.43064825338955
44 115 0.00289464636093645
44 116 0.0986408891324545
44 157 0.113062311837642
44 258 0.00737849669736416
44 267 0.0919166968170576
44 383 0.0651283714161636
44 426 0.00982863331964116
44 452 0.100398452207073
44 463 0.134719502800873
44 477 0.0307539654951573
44 485 0.056226698146337
44 536 0.0264405779204826
44 563 0.287039467348503
44 602 0.142416964109633
44 659 0.199951381280704
44 675 0.00161347312959907
44 681 0.0154350567264892
44 722 0.312428736060121
44 770 0.0182159035415676
44 782 0.159426854281278
44 835 0.0196491915832124
44 839 0.232519553879431
44 973 0.0553956746748006
44 978 0.0596767382555152
44 998 0.071133802738032
45 31 0.0259834562074969
45 33 0.0504914497464347
45 43 0.000769413176538362
45 49 0.0702270699724046
45 51 0.0110654307576226
45 54 5.97631780691691e-05
45 60 0.0468238559388559
45 68 0.0692094070150953
45 137 0.158060179949141
45 179 0.0254162726500314
45 181 0.00139644747694797
45 221 0.025321897856798
45 240 0.115067358741477
45 243 0.0398099562462816
45 253 0.159152488713009
45 295 0.0399876665828477
45 299 0.171613897439947
45 301 0.395718691550632
45 370 0.132027139023823
45 385 0.265140628103284
45 402 0.31131010038927
45 429 0.156448325071007
45 496 0.0196779565637796
45 512 0.105036530500667
45 537 0.00728148388803251
45 540 0.00131241294470288
45 591 0.0919840922919708
45 598 0.0288179197850072
45 623 0.0834987472731154
45 670 0.0550462258439234
45 696 0.15404326034135
45 744 0.00836497208538523
45 748 0.0115752129343781
45 751 0.0670020258707126
45 760 0.00109359110760729
45 766 0.0170543867982784
45 772 0.108274887361583
45 779 0.055619164741921
45 823 0.0169736191263294
45 854 0.0347615999349921
45 895 0.132609163995518
45 950 0.141179689774784
45 987 0.0752153207915827
46 15 0.0358676141469909
46 36 0.109703821998603
46 54 0.0264339939482753
