0 3 0.111873729361584
0 4 0.062408330137813
0 8 0.113095460927166
0 16 0.151110704117732
0 87 0.0635357352611003
0 152 0.0164470324402685
0 181 0.0435907211727212
0 224 0.0123619153484051
0 247 0.0112670191577987
0 251 0.157360825515879
0 258 0.154669602569081
0 311 0.0172478625672541
0 325 0.292410996484999
0 371 0.00367942349358235
0 393 0.081218212682575
0 413 0.0940503774437762
0 446 0.314140964104943
0 509 0.181931538142769
0 541 0.189737343848056
0 545 0.119451705142863
0 585 0.099880458161411
0 601 0.017207170772887
0 649 0.0766773815539883
0 672 0.395786297994817
0 690 0.00895686723885591
0 702 0.137082278327202
0 712 0.118785378030215
0 727 0.164310017373472
0 781 0.119363658365009
0 782 0.00402324327204796
0 896 0.0568355590778916
0 967 0.0629340544798774
0 983 0.0126159319689524
0 984 0.087753075467912
0 991 0.0720738893136903
0 992 0.0582630458410464
0 993 0.159938338655535
1 2 0.00329396221238167
1 8 0.167767049018034
1 9 0.0837743402652631
1 11 0.0274314974982675
1 16 0.188649962904679
1 21 0.315462789395294
1 48 0.308635742260616
1 56 0.125810353026066
1 141 0.393241226212251
1 144 0.0022225394954326
1 161 0.0350861960370105
1 242 0.0245566567146402
1 258 0.0186043352556193
1 389 0.00278199857511643
1 401 0.210290703655811
1 438 0.00957626679184016
1 441 0.107208430115857
1 491 0.188795396839183
1 560 0.595007230923598
1 596 0.109461619654257
1 610 0.0357014808946397
1 626 0.353260032304664
1 652 0.487554919201906
1 696 0.0894261778493045
1 701 0.0337125190872023
1 800 0.0451587639529881
1 862 0.0307943962730794
1 882 0.0160444635655497
1 934 0.321499974182132
1 960 0.0458473203346793
1 982 0.0120373527762049
1 984 0.102479875846217
1 985 0.0747444016703065
1 992 0.0215249988381485
1 995 0.124769857588358
1 998 0.0809010137770818
2 1 0.00329396221238167
2 9 0.0126484305549227
2 37 0.0605390243881566
2 213 0.018650277128765
2 249 0.0883393836932104
2 256 0.201286665498718
2 257 0.0292515113374126
2 258 0.0882127133219646
2 315 0.0900686118588092
2 339 0.120208140514964
2 342 0.0701345678442289
2 361 0.217719730654622
2 367 0.0334575005459908
2 391 0.468164570464083
2 465 0.0175916114409263
2 562 0.0199267918209658
2 565 0.0323935325061127
2 568 0.134176493362011
2 608 0.235963703953302
2 648 0.0728063633202628
2 703 0.0370407966864068
2 758 0.367647426443479
2 800 0.0162597125521076
2 819 0.26688997313236
2 832 0.0707661913167972
2 913 0.356560543668315
2 965 0.0611235561616754
2 976 0.193766986060962
2 987 0.0694811662315552
2 998 0.537351258890452
3 0 0.111873729361584
3 7 0.0536671794468418
3 8 0.0876526392386704
3 12 0.0653023875803768
3 13 0.0046309698780241
3 14 0.109727394491477
3 20 0.0623933631676429
3 21 0.1862347265965
3 41 0.0178947359768222
3 53 0.00815127039809725
3 87 0.26464386997257
3 110 0.125052837808597
3 131 0.127207635298954
3 136 0.0241263201442122
3 532 0.350672729603964
3 654 0.0120859387684828
3 670 0.0705191371116726
3 679 0.017762192421383
3 696 0.121017852075029
3 835 0.12654481365804
3 876 0.0132200391329911
3 903 0.0233038450466291
3 985 0.239162129413652
3 987 0.131259049461318
3 992 0.178009921925955
3 993 0.209023001950904
3 996 0.304863614655173
4 0 0.062408330137813
4 5 0.12126411976956
4 11 0.0293177590155855
4 15 0.315558837796615
4 22 0.0170874600835693
4 90 0.0270515310121474
4 184 0.0447365921982353
4 198 0.0194677762299577
4 271 0.249389037311242
4 287 0.0923318218086596
4 327 0.0707209505865111
4 335 0.0680344604918152
4 365 0.0904018165210607
4 418 0.0277575769158813
4 419 0.0850263129239187
4 451 0.129091431457297
4 487 0.0345792218156743
4 513 0.00884962639083074
4 516 0.124168857312298
4 530 0.317939770388158
4 539 0.0937401677624161
4 569 0.070489589441218
4 576 0.308569023704405
4 630 0.182572830687486
4 680 0.0239016399680368
4 699 0.0399903115999368
4 782 0.0547828217640525
4 785 0.218967100546143
4 877 0.0110858088081266
4 895 0.0725881897226993
4 907 0.385056372410413
4 931 0.153279999288042
4 989 0.0769823745365955
4 990 0.237846298298426
5 4 0.12126411976956
5 6 0.0210430368851011
5 7 0.0533119865801926
5 8 0.107159596779073
5 12 0.020022667331255
5 18 0.108390553974912
5 22 0.203193268660548
5 23 0.0634801970468805
5 31 0.387738084610322
5 41 0.0516200012370512
5 80 0.0254568097037122
5 156 0.0825993038050552
5 172 0.0534546017233706
5 183 0.0361745706195285
5 204 0.00104387929594346
5 291 0.0523263931832946
5 449 0.102572652461086
5 499 0.135590651107762
5 515 0.0195425522465344
5 517 0.0917235766578641
5 531 0.0310413565939003
5 636 0.164835289445237
5 690 0.0130230699233146
5 726 0.0754418669505767
5 733 0.0386979534756914
5 750 0.316788996583988
5 760 0.0101299524554092
5 763 0.0719433519187227
5 788 0.293273724226111
5 842 0.0679974582812016
5 850 0.127918468821223
5 875 0.0736971441190796
5 883 0.049757420264392
5 899 0.182691253700838
5 987 0.321395164934741
5 988 0.220742168630329
5 994 0.0242872378044166
5 995 0.0167723951591679
5 997 0.444226845041249
6 5 0.0210430368851011
6 11 0.124080942624585
6 13 0.00122412958324787
6 15 0.191977030445875
6 37 0.061103419362602
6 45 0.0567388271693098
6 75 0.000122588780462606
6 216 0.00693704889996514
6 268 0.0133497339228082
6 282 0.00209538220215788
6 365 0.0203479449236639
6 445 0.314017304850154
6 448 0.0985064209025513
6 489 0.128037884847252
6 493 0.0371007210711532
6 503 0.0184496420211276
6 514 0.0201142503977614
6 544 0.00285941007479522
6 547 0.00424171470215416
6 571 0.0205324576689435
6 635 0.476602391898616
6 657 0.204213726879911
6 680 0.192500256091177
6 686 0.0381725779237562
6 687 0.250354558115821
6 713 0.0549045069175296
6 718 0.0984579260288008
6 747 0.0799245734695841
6 805 0.0153459748615432
6 808 0.00525196791521881
6 817 0.146119398481614
6 820 0.0718183069888467
6 844 0.229114928287659
6 902 0.220316491317112
6 922 0.112199530699761
6 976 0.203202793692787
6 991 0.205807040916212
6 993 0.0300980488418341
6 998 0.0023611621784079
7 3 0.0536671794468418
7 5 0.0533119865801926
7 8 0.0497938219116704
7 9 0.00958130382886102
7 17 0.0394523187818915
7 53 0.0610726571773369
7 65 0.158292908427856
7 83 0.073885789117407
7 183 0.00947801724977947
7 186 0.0800749646896521
7 203 0.0873116705400513
7 223 0.121149534382651
7 235 0.0843839732388418
7 250 0.12466211420178
7 316 0.149921998300718
7 459 0.300371512357895
7 507 0.212653737769976
7 579 0.410368848679592
7 586 0.0752592687806108
7 661 0.325624465599882
7 688 0.190481891646448
7 691 0.0209234644697605
7 693 0.0476292569577383
7 701 0.033807045893953
7 703 0.235160546274925
7 758 0.0863580237762751
7 776 0.184666166527028
7 783 0.226177651169361
7 806 0.104601097771792
7 990 0.0404886593638234
7 992 0.0312521895957034
7 994 0.0774608362673975
7 996 0.173772739938788
7 998 0.149913342956132
8 0 0.113095460927166
8 1 0.167767049018034
8 3 0.0876526392386704
8 5 0.107159596779073
8 7 0.0497938219116704
8 11 0.098736243241244
8 15 0.141574057964422
8 16 0.256821802340753
8 19 0.460356246849483
8 20 0.0491850928593586
8 23 0.0425959488509622
8 25 0.0914290170728859
8 53 0.000162920920228852
8 206 0.0142946340061347
8 218 0.103929710705787
8 294 0.281961758558861
8 304 0.0355291449113873
8 311 0.120777079218883
8 380 0.0365409554805481
8 425 0.191330200110352
8 433 0.197722761285003
8 533 0.00920635841972888
8 718 0.173936507961651
8 742 0.225841828126854
8 781 0.0769015405752743
8 815 0.218972146697054
8 818 0.0382270332649342
8 837 0.0317788771130276
8 840 0.0129404305571743
8 850 0.128935978140215
8 940 0.0862230694132551
8 957 0.0190897589647643
8 982 0.0122896289439978
8 991 0.069560433770799
8 995 0.164570200121911
8 997 0.236426986876922
9 1 0.0837743402652631
9 2 0.0126484305549227
9 7 0.00958130382886102
9 15 0.114470961349059
9 16 0.0329651305892773
9 18 0.0848092920506929
9 22 0.00142006143336856
9 40 0.235844159280298
9 87 0.0166853587888518
9 103 0.00832162918390607
9 106 0.00367072474116014
9 192 0.0232467321621958
9 234 0.00607923303789959
9 251 0.0539224967858811
9 268 0.0292455155504832
9 295 0.16673071075868
9 301 0.0805637254403898
9 353 0.0172824664424067
9 370 0.109045016899735
9 378 0.146597519237726
9 393 0.0365548069716224
9 418 0.14467104020578
9 461 0.0853709313118509
9 463 0.00861110084432182
9 505 0.293661336021999
9 537 0.173033836093053
9 555 0.030402475791999
9 561 0.18416669168691
9 603 0.113893826771628
9 709 0.0699909263575708
9 718 0.34781663186717
9 788 0.0426484700164544
9 789 0.271179277102356
9 807 0.0567321846004157
9 924 0.0591289106453181
9 977 0.077062484608533
9 982 0.259122982989184
9 994 0.0821184505979724
9 995 0.037716908936187
9 997 0.00233874491503979
9 998 0.204282246297709
9 999 0.132392529373377
10 15 0.127621266850485
10 24 0.0430133479014651
10 46 0.229257575118409
10 79 0.00191659734004194
10 97 0.0952250132507752
10 101 0.184937398259666
10 114 0.0139148767999606
10 137 0.0246447859216962
10 142 0.218040621700094
10 236 0.0877043999931236
10 280 0.000497427466709922
10 370 0.0683688295965906
10 421 0.0539751928756084
10 425 0.0199322224376094
10 430 0.0575971728938975
10 436 0.460032790833737
10 469 0.00167512271205859
10 493 0.0865350914892166
10 497 0.178605936507054
10 593 0.0625319362814526
10 642 0.0125192050289795
10 650 0.0302309415049216
10 687 0.0209161469549168
10 719 0.110870227227479
10 729 0.00427672707153576
10 773 0.0543168340758482
10 792 0.0136921830747952
10 793 0.0455321935010099
10 805 0.0170888046681874
10 894 0.0752296190994413
10 975 0.325682367164801
10 998 0.000290265270458515
10 999 0.0665617487583297
11 1 0.0274314974982675
11 4 0.0293177590155855
11 6 0.124080942624585
11 8 0.098736243241244
11 14 0.0550150110926235
11 19 0.0997463414810978
11 22 0.0551993401723481
11 24 0.04344390391573
11 25 0.0525122140765738
11 27 0.253016693613528
11 56 0.0263865838288339
11 65 0.000391819833944081
11 74 0.147466667841145
11 129 0.0836986213998273
11 156 0.00152436534807997
11 190 0.0131290339155739
11 202 0.0899749625955428
11 279 0.0386234425381731
11 295 0.0172633442364669
11 309 0.34448169593359
11 350 0.0683493465938665
11 360 0.0879358256816251
11 392 0.0274825266461725
11 405 0.0387358970314278
11 424 0.138584263366998
11 446 0.108667818329008
11 490 0.12448440365154
11 514 0.0230584882230317
11 581 0.048368524917694
11 602 0.097996455094236
11 652 0.073184782978241
11 662 0.000852158030886583
11 669 0.0731007928497972
11 694 0.0173363269345514
11 808 0.0927608639876401
11 870 0.0605214061929477
11 876 0.162533272805602
11 956 0.0313913765685663
11 998 0.0671635192834491
12 3 0.0653023875803768
12 5 0.020022667331255
12 20 0.186924015526578
12 21 0.219589025488929
12 108 0.41936247379967
12 151 0.10672110066786
12 164 0.1133852212892
12 167 0.2057233956247
12 205 0.0371673053630779
12 234 0.163995759506998
12 268 0.041897149223464
12 278 0.0198799038256341
12 323 0.121271748212115
12 324 0.400425945380105
12 381 0.0751634102638516
12 391 0.128154513358651
12 392 0.0166689583931015
12 402 0.0250020606012856
12 487 0.0346001869780592
12 531 0.0599562790043328
12 543 0.201702559945848
12 546 0.0377070472445728
12 667 0.0800262645964566
12 776 0.0488458315421358
12 797 0.0335359949592951
12 813 0.0071739262036552
12 878 0.0288721035834704
12 949 0.0994410628811023
12 996 0.270567184280416
12 997 0.0925429624904329
12 998 0.0441270378699926
13 3 0.0046309698780241
13 6 0.00122412958324787
13 15 0.0114309284197136
13 19 0.057421703309809
13 23 0.0301062008815811
13 26 0.222714098692894
13 35 0.239014087159258
13 113 0.187559615737452
13 140 0.137803545129395
13 143 0.18978328901227
13 150 0.183391619690817
13 184 0.0589627138682981
13 216 0.038328230069457
13 248 0.0897155552126389
13 291 0.0437137389553351
13 332 0.0821968408059729
13 440 0.0032038490053756
13 444 0.184138768523094
13 545 0.15695673966646
13 550 0.172458824037208
13 591 0.0746804908476792
13 607 0.0386565501965465
13 622 0.043525846433716
13 658 0.0469253588546697
13 690 0.00124748817358452
13 749 0.0434518958663014
13 783 0.0183570863120381
13 795 0.185538234135695
13 820 0.29105714300504
13 825 0.0914079142715088
13 839 0.0192137222342324
13 842 0.0189503646785773
13 886 0.0697360844559576
13 908 0.232704611137675
13 925 0.00649083508696761
13 967 0.290039817679009
13 973 0.341450571264881
13 999 0.0109925162961231
14 3 0.109727394491477
14 11 0.0550150110926235
14 24 0.0729364083941513
14 26 0.00292163248792756
14 29 0.321220466521912
14 31 0.134319314502487
14 126 0.00764375038268218
14 141 0.143077549532601
14 183 0.140953175231025
14 232 0.00746425865931234
14 234 0.0454719156590862
14 239 0.101451555964855
14 255 0.06893244579844
14 287 0.0304047457730013
14 289 0.19586089007623
14 422 0.0011708547809639
14 442 0.1003352501878
14 493 0.0344295781518472
14 524 0.0309942994326191
14 578 0.0812956970893789
14 585 0.23228583815508
14 630 0.0751125659488561
14 653 0.141365939768066
14 734 0.302453453530972
14 738 0.00777569066933503
14 764 0.208580776179791
14 769 0.0263563263465187
14 833 0.0176383701874692
14 866 0.223751264155856
14 897 0.808946106804807
14 996 0.264615279091471
15 4 0.315558837796615
15 6 0.191977030445875
15 8 0.141574057964422
15 9 0.114470961349059
15 10 0.127621266850485
15 13 0.0114309284197136
15 16 0.0485489645788486
15 23 0.084955882431922
15 27 0.128333223405076
15 32 0.0158957203548971
15 90 0.000267764946852618
15 133 0.138976919097193
15 235 0.0284176512720682
15 274 0.357541359018183
15 312 0.104707125967176
15 332 0.104514653753407
15 361 0.0473905287676468
15 403 0.190895225259138
15 433 0.05142458261321
15 464 0.099350215756628
15 473 0.0683429581620771
15 508 0.482828747102124
15 534 0.0127387480016724
15 571 0.0351709929975571
15 591 0.0741925841840611
15 609 0.0633230930528822
15 709 0.442095053998187
15 774 0.0552246923898494
15 793 0.0598190396595441
15 809 0.224663684386223
15 869 0.0115260411991693
15 898 0.208231572742921
15 912 0.0833418397288748
15 949 0.0163721543156443
15 958 0.0183837566477521
15 983 0.0155464209209499
15 998 0.299680734689798
16 0 0.151110704117732
16 1 0.188649962904679
16 8 0.256821802340753
16 9 0.0329651305892773
16 15 0.0485489645788486
16 20 0.0788687433291187
16 23 0.127654825484331
16 28 0.0599914759015899
16 30 0.108255038384035
16 34 0.0352224110962114
16 53 0.00863166579072204
16 159 0.0819392116560134
16 175 0.0832065918998093
16 200 0.0808080286172374
16 318 0.0947682957083105
16 330 0.0985696164508684
16 433 0.175727082871175
16 511 0.192052639615368
16 536 0.131084862947706
16 559 0.0210010371233833
16 603 0.00880259946685824
16 610 0.107744770062229
16 634 0.225879461059902
16 646 0.152969933600081
16 708 0.0453576126779528
16 738 0.0631908042347367
16 740 0.00915236027732887
16 809 0.0257296963384886
16 820 0.103540427083717
16 828 0.0493643805303633
16 897 0.0197882130801611
16 905 0.117192539364072
16 935 0.0163388850571259
16 944 2.16807376222329e-05
16 999 0.0319401546167282
17 7 0.0394523187818915
17 20 0.156093492328286
17 21 0.0212654729164266
17 22 0.233199621479773
17 24 0.262751339634781
17 27 0.143806960353474
17 29 0.0310339919648565
17 31 0.197798594564011
17 32 0.097992686282722
17 33 0.010586568351801
17 40 0.171588654281395
17 75 0.00588555133619354
17 76 0.189447766891619
17 85 0.0578933024617224
17 90 0.408104753509051
17 107 0.0596463412910965
17 160 0.00414954743512604
17 167 0.0911877933927653
17 262 0.0864111032748076
17 289 0.0038179109796988
17 309 0.153901557045403
17 319 0.0512147514479641
17 324 0.197675571667857
17 347 0.0774625059267083
17 361 0.0969965031771172
17 440 0.0545631732551546
17 564 0.192372919233269
17 614 0.193377931990875
17 652 0.0735088783225617
17 676 0.187907976009174
17 797 0.197124457201476
17 822 0.315152486426639
17 857 0.046500730357317
17 868 0.00455939396567788
17 923 0.0423018308825245
17 947 0.0329328633642062
17 987 0.297074382289547
17 999 0.367357076640341
18 5 0.108390553974912
18 9 0.0848092920506929
18 19 0.218020966862445
18 20 0.3612304574506
18 23 0.00506928339035663
18 24 0.0551664371358348
18 25 0.0570291386258068
18 26 0.189980135630064
18 28 0.0122090239130458
18 30 0.12846670225872
18 32 0.0358807955754142
18 129 0.0289738752449203
18 145 0.0120409034874714
18 197 0.136660088102701
18 265 0.0774276550716445
18 272 0.00114801115368505
18 314 0.00858322209652504
18 326 0.0260793183387199
18 347 0.00552798207519099
18 355 0.012944873816563
18 363 0.0595577054725165
18 419 0.0155801200811825
18 434 0.486229651827707
18 442 0.112273979812667
18 461 0.138616124312315
18 485 0.0421743396049639
18 486 0.180647333307434
18 588 0.138496483228243
18 599 0.0186479605957147
18 638 0.0248962350204693
18 671 0.168227328082871
18 693 0.0219161854254497
18 696 0.0121366919916449
18 712 0.0684004775945273
18 720 0.0757367538131355
18 756 0.175835723024304
18 759 0.122026097533237
18 761 0.107435454283076
18 771 0.0515182138097298
18 773 0.0698287133499341
18 804 0.252765979397951
18 847 0.369265977223709
18 916 0.11646690070939
18 919 0.157911727699832
18 920 0.00646982960997687
18 947 0.024463189629571
19 8 0.460356246849483
19 11 0.0997463414810978
19 13 0.057421703309809
19 18 0.218020966862445
19 21 0.00379661538866732
19 27 0.00114755157404287
19 28 0.0447618045495393
19 37 0.03558819529706
19 168 0.0257431941987871
19 176 0.0295264462900947
19 239 0.0457684855585902
19 308 0.00720065569910889
19 323 0.00512108389923672
19 336 0.25824788872372
19 348 0.013819844348941
19 366 0.293955968729208
19 466 0.0558661647770861
19 468 0.0215162281024305
19 489 0.109304510251415
19 502 0.0627510859946012
19 532 0.0101271229040372
19 543 0.435839525062959
19 545 0.0545902632122781
19 553 0.182203766087354
19 654 0.0478992762309767
19 715 0.0274600289818885
19 758 0.230200750009537
19 765 0.0471857505595911
19 864 0.206090833513632
19 898 0.147113569736662
19 903 0.0404539148265991
20 3 0.0623933631676429
20 8 0.0491850928593586
20 12 0.186924015526578
20 16 0.0788687433291187
20 17 0.156093492328286
20 18 0.3612304574506
20 21 0.0809145923082434
20 24 0.0923011350369024
20 25 0.168000556181673
20 28 0.364934895617283
20 30 0.101703162244682
20 32 0.113500406370809
20 116 0.0230525645172142
20 143 0.0196871626532614
20 146 0.128733469150368
20 173 0.118313545501117
20 201 0.264218487035681
20 223 0.0987170567277352
20 244 0.353164997234978
20 250 0.0199629264159984
20 317 0.102280343867653
20 322 0.107881813647406
20 396 0.0317186198488192
20 407 0.144196315298673
20 433 0.122813270559387
20 478 0.0498281518821163
20 485 0.164437776978996
20 497 0.00628636065174867
20 542 0.407457657702108
20 594 0.277684401258073
20 634 0.160015744572465
20 736 0.00753384044131488
20 802 0.0556987607251509
20 810 0.248622434533251
20 838 0.042410186236384
20 841 0.0880482579821207
20 876 0.0700934232646292
20 889 0.436988182668029
20 999 0.0226173881681443
21 1 0.315462789395294
21 3 0.1862347265965
21 12 0.219589025488929
21 17 0.0212654729164266
21 19 0.00379661538866732
21 20 0.0809145923082434
21 25 0.0724417957261504
21 29 0.0146354688847923
21 30 0.0440383165216718
21 32 0.100800035431373
21 75 0.0198896713395688
21 120 0.0189798116860165
21 138 0.0354147008974796
21 190 0.148761304830658
21 200 0.0830898593972868
21 230 0.295193736274654
21 267 0.122244282708087
21 294 0.0493623835355598
21 377 0.0707174146228894
21 390 0.00532854889439098
21 395 0.00299505141636093
21 428 0.00547931587147613
21 434 0.196936974898144
21 475 0.415904200014235
21 482 0.0809016944740766
21 483 0.0128882079361047
21 495 0.202807871244053
21 497 0.0352477189563595
21 597 0.209763991481325
21 668 0.0369254998658005
21 680 0.0290548134552972
21 700 0.323073553485898
21 738 0.10741879804806
21 746 0.158472469637818
21 874 0.0459754044712316
21 933 0.0883767628166883
21 949 0.0537371933769017
22 4 0.0170874600835693
22 5 0.203193268660548
22 9 0.00142006143336856
22 11 0.0551993401723481
22 17 0.233199621479773
22 23 0.0402027176137951
22 34 0.0972677931808645
22 35 0.0955178580373223
22 36 0.0932453030129901
22 67 0.0414699871156566
22 114 0.125838950213549
22 174 0.0236710170703355
22 219 0.036479083125033
22 250 0.072826327926342
22 269 0.0408181439333272
22 274 0.0782263070902812
22 313 0.00332312811401867
22 330 0.00871332210313679
22 367 0.0579092371159382
22 380 0.0161100096573382
22 400 0.200051666830358
22 576 0.0232723244719533
22 593 0.0926215285916735
22 660 0.073816154435979
22 704 0.141133279449743
22 706 0.0357112906088557
22 722 0.0233915608671267
22 756 0.178342314942983
22 775 0.152930960966715
22 777 0.095270451231413
22 800 0.102648455349776
22 816 0.227248395398994
22 887 0.0306214651364319
22 892 0.0687944363096308
22 921 0.0476359777861821
22 936 0.231140686595703
22 960 0.0251535988882398
22 993 0.291185668007334
23 5 0.0634801970468805
23 8 0.0425959488509622
23 13 0.0301062008815811
23 15 0.084955882431922
23 16 0.127654825484331
23 18 0.00506928339035663
23 22 0.0402027176137951
23 30 0.109484216351024
23 32 0.013157490701665
23 38 0.0876746351079065
23 132 0.229868532389831
23 183 0.0856394039065899
23 228 0.00445911614530178
23 230 0.311627650792512
23 275 0.159677235891471
23 304 0.0821997290515472
23 308 0.00955700388114934
23 318 0.00744152309501852
23 322 0.737018795172037
23 394 0.048274915562266
23 456 0.145240499881941
23 490 0.0661124419701031
23 496 0.275139228643983
23 523 0.169873405958091
23 547 0.0604498448757422
23 552 0.0107980189887546
23 572 0.274539432360762
23 597 0.139359321384359
23 702 0.353548390868932
23 727 0.0661661707008017
23 793 0.00427261107663818
23 850 0.0893862022594668
23 926 0.0298449277059824
23 946 0.0980422914089363
23 977 0.13263789923292
24 10 0.0430133479014651
24 11 0.04344390391573
24 14 0.0729364083941513
24 17 0.262751339634781
24 18 0.0551664371358348
24 20 0.0923011350369024
24 29 0.0919693970030123
24 35 0.00474054695152873
24 62 0.00536699190623134
24 75 0.0417805491646548
24 128 0.19868689101264
24 214 0.0258746503678343
24 278 0.219590886294666
24 364 0.221391780676255
24 382 0.030126687592607
24 409 0.00852832826784335
24 434 0.0953627675005917
24 447 0.138341928785087
24 481 0.0834061650623298
24 506 0.522374719574394
24 530 0.14065454081869
24 555 0.259982170949165
24 599 0.263582590674827
24 643 0.139508732692315
24 652 0.144057673951071
24 668 0.182719611856939
24 700 0.228607769200446
24 709 0.175230617174138
24 755 0.0770509979445305
24 821 0.0464109839237908
24 828 0.0441297941591199
24 920 0.0933191242084345
24 926 0.0329972807434843
25 8 0.0914290170728859
25 11 0.0525122140765738
25 18 0.0570291386258068
25 20 0.168000556181673
25 21 0.0724417957261504
25 27 0.169397730069745
25 30 0.0659220268114578
25 32 0.0669613949372055
25 42 0.0440569347043555
25 115 0.0741494675890881
25 142 0.078162279823674
25 186 0.0043130007984625
25 201 0.0835217479006486
25 274 0.307537428562445
25 281 0.0656476226646767
25 306 0.219990925622443
25 321 0.0490626423081054
25 334 0.21773555513482
25 345 0.0956183926880104
25 373 0.0186049740179137
25 412 0.222392663779625
25 498 0.0147127276701427
25 499 0.0397915914727472
25 505 0.378840625510117
25 556 0.00248337499073586
25 614 0.0868858436353494
25 619 0.10545189429499
25 717 0.282902538090514
25 823 0.0684173244660994
25 881 0.0844745249551428
25 986 0.0127837005113148
26 13 0.222714098692894
26 14 0.00292163248792756
26 18 0.189980135630064
26 28 0.122833316858669
26 30 0.395233959112483
26 35 0.36435985689349
26 37 0.056702760188187
26 38 0.154411624753468
26 79 0.0794236149346916
26 145 0.0877897519395922
26 164 0.582405248460064
26 165 0.010359657070201
26 169 0.00156414138551042
26 186 0.243475314080225
26 205 0.167148227869661
26 241 0.00727781169224667
26 338 0.202871628774678
26 396 0.126791152565103
26 413 0.00614401497570831
26 414 0.127304280846537
26 421 0.0557171736107662
26 433 0.0346757588249787
26 563 0.180162190453602
26 595 0.0562379329346673
26 608 0.0873763960920412
26 793 0.0695628845241066
26 800 0.0255005073005687
26 810 0.0296830472556629
26 856 0.0786106985048286
26 880 0.0612818860098986
26 905 0.0521259401953852
26 978 0.00194905385277844
26 998 0.0688566578942879
27 11 0.253016693613528
27 15 0.128333223405076
27 17 0.143806960353474
27 19 0.00114755157404287
27 25 0.169397730069745
27 36 0.180134323014615
27 41 0.133734388961114
27 43 0.0592763650775172
27 68 0.0146482744769225
27 75 0.142450124770938
27 131 0.0186219929107503
27 192 0.15224783066943
27 207 0.0297311635562549
27 214 0.00686534424174142
27 243 0.128059193167397
27 317 0.551472969958404
27 321 0.155114211359167
27 322 0.0802017484672198
27 367 0.173595960331378
27 397 0.0371928554188114
27 441 0.163910171968335
27 466 0.0915800488905876
27 495 0.0186501656155273
27 501 0.00984970025417874
27 672 0.288943087711108
27 681 0.386218890471484
27 683 0.0464221623820519
27 705 0.0413198831823939
27 706 0.0187615053170085
27 753 0.00781858086927423
27 767 0.106763276096388
27 807 0.00534319608179618
27 865 0.0253210356686169
27 907 0.0527603601454514
27 948 0.148427664800605
27 987 0.0741191986902516
28 16 0.0599914759015899
28 18 0.0122090239130458
28 19 0.0447618045495393
28 20 0.364934895617283
28 26 0.122833316858669
28 45 0.124672692883449
28 70 0.147661409681878
28 72 0.0685241206358632
28 153 0.0197574783380697
28 164 0.210258442514733
28 170 0.0122039938048022
28 172 0.124727729342136
28 185 0.220953841382386
28 235 0.252756091698358
28 242 0.297557980211221
28 313 0.174796599675659
28 317 0.283733280783897
28 358 0.165848543886733
28 394 0.0784145680284481
28 441 0.000703885713975594
28 497 0.0276435959116969
28 500 0.0715195276040609
28 502 0.125348328251191
28 541 0.000579936164641664
28 550 0.00254175490719508
28 551 0.023454461932974
28 573 0.345059860357717
28 581 0.223894167527456
28 600 0.126858249531194
28 601 0.182862001505655
28 645 0.206817793662783
28 665 0.326434900200257
28 680 0.201514138914062
28 703 0.067238226597826
28 781 0.0851571968441014
28 791 0.108971763666071
28 869 0.157137902360126
28 970 0.159245548848891
29 14 0.321220466521912
29 17 0.0310339919648565
29 21 0.0146354688847923
29 24 0.0919693970030123
29 31 0.107747343139253
29 34 0.0319643353040497
29 37 0.141088422461478
29 44 0.0381917217968029
29 46 0.00651491459614041
29 51 0.130870626956033
29 70 0.282464501153072
29 77 0.0219140634705671
29 122 0.21513321502156
29 152 0.0108233488277295
29 181 0.289128181916422
29 184 0.486624079681292
29 185 0.107657190092796
29 195 0.120192307201458
29 287 0.0842014518130396
29 352 0.203376143607198
29 390 0.524878392022569
29 443 0.075156805366891
29 475 0.0695779142603338
29 527 0.019680979063232
29 661 0.0746167897419626
29 743 0.00872649556798228
29 749 0.0128524592583312
29 822 0.0474454286425209
29 830 0.374576178643313
29 839 0.0642340643346299
29 936 0.000788752923646313
29 956 0.202720356248255
29 999 0.146673618917529
30 16 0.108255038384035
30 18 0.12846670225872
30 20 0.101703162244682
30 21 0.0440383165216718
30 23 0.109484216351024
30 25 0.0659220268114578
30 26 0.395233959112483
30 38 0.0179672389352225
30 40 0.0219608973055452
30 41 0.181812778027282
30 46 0.0576985803060129
30 47 0.0234282239162972
30 72 0.0399075374468525
30 91 0.160890995433298
30 99 0.022510313786504
30 189 0.111839820325599
30 342 0.289131096019854
30 361 0.0437683139339143
30 386 0.0591787397616652
30 396 0.100858974183525
30 464 0.00043324297449052
30 484 0.108569721702065
30 563 0.177056905897687
30 604 0.0223080123426341
30 660 0.232929945804305
30 690 0.0448306241004083
30 697 0.0934288246624994
30 740 0.0558759113770354
30 743 0.197258644333786
30 789 0.208926826584884
30 803 0.0840518951668741
30 849 0.192393799593039
30 887 0.681610199965794
30 940 0.0352373111401802
30 946 0.00270902204890563
31 5 0.387738084610322
31 14 0.134319314502487
31 17 0.197798594564011
31 29 0.107747343139253
31 35 0.0602227941744289
31 36 0.186175204240926
31 39 0.172103407265338
31 45 0.102175505454302
31 46 0.171512592685115
31 140 0.0455047875948244
31 206 0.303880975651346
31 287 0.0584285613315632
31 309 0.062598999172025
31 328 0.0220756336826045
31 330 0.353950303097612
31 428 0.0824606595335312
31 444 0.0572741177832815
31 462 0.0598612834187346
31 477 0.217952602606306
31 493 0.00753467038193384
31 512 0.00192472382808802
31 535 0.0650984807570934
31 666 0.0834706753822065
31 720 0.0434182071728828
31 727 0.0158725449778305
31 752 0.0142941359834645
31 795 0.00720858788678837
31 854 0.0923947819117923
31 899 0.0154364312160108
31 942 0.00870174508989717
31 961 0.0922333721397486
32 15 0.0158957203548971
32 17 0.097992686282722
32 18 0.0358807955754142
32 20 0.113500406370809
32 21 0.100800035431373
32 23 0.013157490701665
32 25 0.0669613949372055
32 35 0.0502416986307478
32 44 0.173903074788403
32 55 0.186155639394036
32 99 0.0275225920509883
32 134 0.0215750990173205
32 252 0.170240503891922
32 304 0.0467604684062828
32 305 0.0447736719163478
32 316 0.0637609608031666
32 321 0.163654658011018
32 333 0.0588093225463286
32 379 0.489194521377047
32 386 0.0371497283519945
32 397 0.0172942107334136
32 509 0.123376070296384
32 656 0.0808791923741689
32 670 0.0124596162418704
32 680 0.0951412370835289
32 709 0.0295043665297001
32 817 0.246848386951474
32 973 0.364759288576902
33 17 0.010586568351801
33 43 0.0178792703013311
33 44 0.119233839385955
33 50 0.0357787008469988
33 79 0.0526673329681346
33 129 0.142896671147705
33 222 0.00533387499476535
33 236 0.0585950815327671
33 246 0.322253266055417
33 294 0.00143641428264911
33 331 0.282152705220893
33 492 0.173537267117429
33 514 0.0951112848973203
33 518 0.184863612720903
33 533 0.0307587422620355
33 556 0.0909406556843455
33 565 0.12311954186799
33 581 0.0764410743822441
33 615 0.160483809063357
33 642 0.304852033121949
33 695 0.0954091851145161
33 723 0.0649952726107134
33 730 0.0268697841692624
33 754 0.0818350897484994
33 864 0.0177551377751521
33 876 0.278027763057214
33 904 0.0814078346000262
33 926 0.169969999113844
33 999 0.2732492410049
34 16 0.0352224110962114
34 22 0.0972677931808645
34 29 0.0319643353040497
34 35 0.000574349894971074
34 36 0.0462742911512836
34 46 0.00027381013772381
34 48 0.0712364433591713
34 49 0.0704303396244203
34 68 0.0175391561212897
34 96 0.0211006221313169
34 123 0.0283275610536614
34 138 0.0275796850014352
34 170 0.0664951969948804
34 193 0.0349998515881983
34 243 0.12579533171392
34 275 0.310296782415933
34 353 0.104913906341562
34 415 0.0680756667436678
34 462 0.093861054740468
34 476 0.175487508995397
34 501 0.165811326251535
34 521 0.0959894878474906
34 557 0.0040298218645164
34 571 0.48702770409496
34 594 0.146030605341346
34 610 0.0268692269892001
34 638 0.317462322067131
34 654 0.0103396195841037
34 668 0.00824385967314806
34 716 0.115490099630958
34 742 0.248455745246072
34 743 0.0820502035484279
34 747 0.0221719958462124
34 771 0.133861069327423
34 835 0.0284427093604364
34 931 0.155882543459349
34 933 0.00660321970554605
34 940 0.0687669164252983
34 953 0.00729562717089068
34 954 0.322422822359044
34 955 0.0502612100396316
34 963 0.0125945239251735
35 13 0.239014087159258
35 22 0.0955178580373223
35 24 0.00474054695152873
35 26 0.36435985689349
35 31 0.0602227941744289
35 32 0.0502416986307478
35 34 0.000574349894971074
35 36 0.0490397063067729
35 37 0.168404631300267
35 41 0.314845714430458
35 48 0.103133178318693
35 51 0.0351056166978868
35 76 0.0262930636096164
35 149 0.0752855114390081
35 169 0.0454150402013674
35 180 0.189838517568887
35 255 0.0295229781591499
35 268 0.0315360668314427
35 269 0.194160032407534
35 330 0.0362371480264266
35 345 0.0605017363392011
35 440 0.033717471523405
35 456 0.100041825598435
35 461 0.0813415647109369
35 478 0.229022177365445
35 549 0.061376189250163
35 551 0.0803401723244065
35 561 0.0140617834952639
35 615 0.150232494048571
35 687 0.0527513793409803
35 699 0.219274841371728
35 763 0.0158444777855688
35 820 0.435930910137374
35 854 0.127285171593984
35 878 0.0170627021919208
35 905 0.0708918499697883
35 918 0.0907511216299104
35 940 0.00829815586293664
36 22 0.0932453030129901
36 27 0.180134323014615
36 31 0.186175204240926
36 34 0.0462742911512836
36 35 0.0490397063067729
36 37 0.0859646351957801
36 38 0.0066583914452918
36 40 0.128102795878684
36 41 0.028135231424892
36 42 0.0168538476313188
36 43 0.227071021153042
36 46 0.201463962103743
36 66 0.0239177347957705
36 151 0.0653929870081082
36 231 0.0183021434986133
36 332 0.0570461857166844
36 348 0.56766546312563
36 387 0.00655315117970962
36 421 0.412496335095363
36 430 0.329657769380295
36 444 0.406355972760908
36 568 0.0355479229350135
36 618 0.341081134441778
36 691 0.114329284498648
36 701 0.149985842857356
36 712 0.0182751969233089
36 717 0.0491548154374128
36 830 0.519233924289163
36 836 0.247996095616317
36 858 0.071045033220256
36 892 0.101702808764542
36 920 0.0389167312392058
36 928 0.0620106151071246
36 934 0.246998198663788
36 993 0.0615308801343943
37 2 0.0605390243881566
37 6 0.061103419362602
37 19 0.03558819529706
37 26 0.056702760188187
37 29 0.141088422461478
37 35 0.168404631300267
37 36 0.0859646351957801
37 39 0.0433751508745295
37 47 0.0303346692698735
37 55 0.27140299223403
37 58 0.203664167626697
37 104 0.0844436900429644
37 110 0.00456710446308461
37 144 0.0113599421473307
37 163 0.04225386789694
37 171 0.0873963853748038
37 183 0.384374177141042
37 198 0.0911900608285016
37 219 0.0666009965950958
37 247 0.0195112340033187
37 275 0.0225875794561424
37 339 0.14202844575167
37 373 0.116517140443135
37 393 0.00101347009181549
37 414 0.0160597611062211
37 544 0.00515701764605283
37 578 0.0637758740664714
37 627 0.0920066026765117
37 628 0.0600788118825342
37 640 0.109147408210544
37 642 0.0153591913361035
37 656 0.00742304133740292
37 696 0.0662729087235057
37 746 0.220301458625725
37 798 0.0348271589616427
37 803 0.0910153180891551
37 804 0.0532272086964417
37 887 0.0617515574085169
37 960 0.141641522215134
37 969 0.358047621429569
37 988 0.0829872499987132
37 993 0.181146937848363
38 23 0.0876746351079065
38 26 0.154411624753468
38 30 0.0179672389352225
38 36 0.0066583914452918
38 48 0.040761635103467
38 51 0.0775035991594855
38 52 0.216473317322066
38 55 0.00367638838123857
38 56 0.143257112507274
38 67 0.0214822647013025
38 173 0.0148500149120551
38 186 0.0467766881721021
38 199 0.240353312779867
38 227 0.0951316954973059
38 276 0.0428654441604873
38 292 0.0652764776057864
38 316 0.217112586262269
38 346 0.225023417525436
38 365 0.107832094252198
38 395 0.0338322107710423
38 444 0.0997035071402872
38 481 0.176142918889017
38 504 0.0855874807385317
38 539 0.0408392132849922
38 540 0.090584551475187
38 547 0.0509461776295637
38 591 0.269633618104528
38 641 0.00410608680479399
38 706 0.0354937117453958
38 791 0.000781381080805537
38 795 0.00663645758750231
38 854 0.0219260724523295
38 911 0.0578449308017756
38 922 0.104995654159224
38 960 0.16179332030197
38 968 0.0265739825042538
38 974 0.129745614970027
38 996 0.118993055825513
39 31 0.172103407265338
39 37 0.0433751508745295
39 41 0.217310408646688
39 43 0.0285361546489875
39 46 0.0297023299833673
39 48 0.16027182919621
39 54 0.00791855745020419
39 55 0.0107770619022801
39 61 0.164156531686254
39 86 0.0301562262080955
39 130 0.0934097824076791
39 138 0.0136983465449731
39 172 0.511050815710199
39 177 0.0153675839949694
39 246 0.10319427141791
39 285 0.0350783928746593
39 291 0.0449600040107111
39 387 0.193328103617806
39 515 0.0442938696152178
39 527 0.053788404202618
39 611 0.290365378170833
39 636 0.0417157833403755
39 642 0.215566435233458
39 690 0.0550241256123561
39 747 0.145758264643402
39 830 0.0484370755610126
39 854 0.139706832158274
39 889 0.158457745325077
39 969 0.119545466833152
39 983 0.0855116773021408
40 9 0.235844159280298
40 17 0.171588654281395
40 30 0.0219608973055452
40 36 0.128102795878684
40 41 0.00957833685082327
40 42 0.0601449403487589
40 45 0.0823677971122648
40 51 0.0680130679905697
40 57 0.184418678333962
40 72 0.14397213485467
40 77 0.0833728425589637
40 86 0.00137179779765492
40 128 0.0517270606311562
40 163 0.0913572346506274
40 186 0.0803029698565285
40 205 0.14980542593761
40 323 0.135940473773734
40 334 0.0241881188480011
40 409 0.0204493812028126
40 484 0.48146441321042
40 541 0.175679290631293
40 581 0.104136191484158
40 598 0.0194432949748188
40 619 0.0888587947550593
40 678 0.0944983601114679
40 811 0.0164348164321023
40 835 0.17553955101459
40 836 0.0473463911109663
40 876 0.0538068151828284
40 883 0.098084431186543
40 903 0.0544356678328567
40 950 0.0320290248992059
40 963 0.00128740236837427
41 3 0.0178947359768222
41 5 0.0516200012370512
41 27 0.133734388961114
41 30 0.181812778027282
41 35 0.314845714430458
41 36 0.028135231424892
41 39 0.217310408646688
41 40 0.00957833685082327
41 42 0.081983038427204
41 43 0.0450313741172474
41 45 0.00336464056183599
41 46 0.00460165185664464
41 49 0.195607006453741
41 52 0.0369046160139571
41 58 0.098837828381526
41 122 0.00330994868359206
41 174 0.203155491974659
41 176 0.883025602518611
41 198 0.208871593921617
41 206 0.0523115318299397
41 213 0.0143047694990043
41 231 0.131002505313523
41 234 0.158446821175488
41 269 0.0768511831160509
41 279 0.0337429539087374
41 346 0.306235981218476
41 358 0.0249081187929547
41 394 0.25560473663727
41 434 0.0809109460704007
41 438 0.0452765657503441
41 446 0.0927062280400913
41 452 0.158748153433249
41 454 0.073672521946258
41 489 0.0498911466221768
41 491 0.182540635382299
41 597 0.0258783728070735
41 623 0.0375538599965217
41 655 0.0904923636159651
41 673 0.0408031534932491
41 714 0.0315844136450406
41 764 0.278898125569181
41 812 0.0929257543271448
41 836 0.0495344731706631
41 847 0.0471875120617188
41 861 0.14803321949034
41 909 0.0389373891096529
41 934 0.059456084795179
41 947 0.135283894250198
41 951 0.00921822432654474
41 999 0.0684676205714284
42 25 0.0440569347043555
42 36 0.0168538476313188
42 40 0.0601449403487589
42 41 0.081983038427204
42 45 0.0852049854543891
42 53 0.0789747405045405
42 55 0.103991304002931
42 57 0.0431703519229853
42 112 0.285976263454517
42 159 0.0808089970165367
42 172 0.0650968354087988
42 215 0.292514319791251
42 219 0.0914598801876193
42 227 0.00468121034702631
42 251 0.0521870822212158
42 286 0.066838734788324
42 333 0.00390846565092576
42 405 0.0113259756300518
42 452 0.0352436108654356
42 468 0.130093109472376
42 472 0.0378160231205654
42 565 0.859904986111227
42 628 0.0498574618732413
42 685 0.0952191526026878
42 724 0.167142228708325
42 751 0.0430592189536997
42 834 0.0305362569036643
42 851 0.0360332262848204
43 27 0.0592763650775172
43 33 0.0178792703013311
43 36 0.227071021153042
43 39 0.0285361546489875
43 41 0.0450313741172474
43 51 0.039919617892102
43 53 0.243826569266435
43 95 0.107935339625188
43 101 0.122970121856903
43 259 0.0206997578270167
