0 11 0.0432143049054883
0 16 0.0120918813512573
0 28 0.0683555611039782
0 32 0.239196483623935
0 50 0.012761140238048
0 51 0.135134651991931
0 85 0.0632490945383605
0 88 0.0870732297059107
0 143 0.0271552220612945
0 192 0.0278494874186303
0 201 0.00967385183683321
0 235 0.0503970275826158
0 274 0.020952589915207
0 280 0.298318714404637
0 322 0.00164266986072281
0 325 0.0409864799992733
0 412 0.0173502974093723
0 431 0.0148147025771329
0 440 0.0355563827612233
0 484 0.0436052833016217
0 488 0.0121756151404463
0 496 0.208914397796912
0 528 0.0322903280540753
0 565 0.11371226747379
0 613 0.052609472467822
0 631 0.014845978427273
0 676 0.0322082794386476
0 709 0.00445380817902568
0 719 0.138584634071358
0 749 0.17269325777178
1 5 0.28622218269444
1 6 0.239993144817111
1 12 0.0273554648780378
1 17 0.0790006449523177
1 56 0.0161558844124628
1 69 0.222523305645039
1 70 0.0216682138983387
1 91 0.0410537246546626
1 108 0.00534682635822945
1 145 0.252159119310822
1 181 0.0153751105618113
1 190 0.00598563048922561
1 198 0.0491156271724509
1 240 0.077080900709121
1 250 0.0101736527773803
1 319 0.187692082190757
1 349 0.0866645874419983
1 382 0.18144906581246
1 408 0.075294449603315
1 450 0.00320165635474745
1 483 0.0439395706750599
1 503 0.0857833891391434
1 539 0.0646709862500568
1 550 0.0199585536702197
1 585 0.0891429470216307
1 592 0.0530990004564397
1 610 0.00636849719768435
1 643 0.0120819965783739
1 649 0.00107565060119752
1 679 0.135134549634317
1 714 0.0100035753085581
1 735 0.112025750929409
1 741 0.137617786731008
1 744 0.142032783809632
2 7 0.0980327738128012
2 62 0.0122708544003855
2 75 0.0895150623213559
2 107 0.117624640074462
2 115 0.361898387135434
2 140 0.101207363410487
2 152 0.0388013206345618
2 156 0.0614075326427843
2 242 0.00947994461935689
2 303 0.154469484573604
2 307 0.201952849158036
2 339 0.179264926295991
2 348 0.14800549073343
2 362 0.0635564820044113
2 365 0.038095757655549
2 366 0.0112160596011489
2 407 0.0875809992715735
2 418 0.0439624318108655
2 424 0.0183688772730711
2 445 0.0226375109638346
2 481 0.214287328225271
2 494 0.00665342026516176
2 535 0.0238516417306325
2 565 0.0789598080168821
2 578 0.0226249268487516
2 585 0.305145323126018
2 604 0.16118831464941
2 642 0.0876745396126174
2 643 0.157001948238787
2 697 0.0790009522436818
2 728 0.0247615764017055
2 740 0.0139166855655049
2 744 0.0144479697603202
2 746 0.0458859919329851
2 749 0.0426424389626192
3 7 0.0316865117349383
3 82 0.0462657663644999
3 128 0.00549594980240618
3 165 0.00196281460604965
3 223 0.0316399228256877
3 234 0.135963708417401
3 240 0.000927931702447596
3 287 0.190720307843245
3 288 0.0900141990754304
3 405 0.166295204068561
3 417 0.314000490911818
3 428 0.163772127911721
3 441 0.117642605204637
3 442 0.0593301655341571
3 470 0.162674497227178
3 472 0.0222709314706325
3 512 0.0201842810741599
3 526 0.0158534197420608
3 580 0.0839560765138282
3 622 0.101301621053991
3 737 0.0568871735235291
3 738 0.102059561494992
3 740 0.255954839671777
3 743 0.169684120757564
4 5 0.331749827428299
4 7 0.046659709271421
4 10 0.0398289876533793
4 14 0.0448096318502432
4 15 0.0677211670504951
4 61 0.0325220005058777
4 89 0.053234964558688
4 96 0.0249227590374962
4 158 0.16904990368446
4 162 0.131587458602635
4 164 0.230858349533158
4 192 0.155254732654933
4 200 0.0457325133308019
4 218 0.000468201628695246
4 245 0.121155088754159
4 251 0.0824129840456274
4 287 0.0079635290938112
4 357 0.217913374703552
4 387 0.0324794311356116
4 407 0.0593477129026943
4 415 0.0136905716329825
4 444 0.0987715558933574
4 451 0.0366246693219118
4 493 0.0317717932714791
4 529 0.0776011142866153
4 548 0.0124693797447177
4 549 0.115634134740954
4 580 0.0897074488608602
4 620 0.0935528449693864
4 623 0.103622841844938
4 669 0.154957685800257
4 683 0.141745828534198
4 700 0.04125114570928
4 714 0.00767819541333756
5 1 0.28622218269444
5 4 0.331749827428299
5 7 0.0482069472470394
5 20 0.0882040380534284
5 25 0.153403505059025
5 26 0.0293099121219062
5 37 0.434895747778032
5 54 0.079626983069717
5 69 0.0812812339360666
5 98 0.0427440381235237
5 181 0.252310514307741
5 276 0.0812817033217659
5 322 0.0893967037889283
5 327 0.0728002467233326
5 359 0.278070501635703
5 373 0.0918586133402427
5 378 0.114155014719606
5 397 0.00999160387040569
5 403 0.0133557805115869
5 406 0.29886274439481
5 515 0.0836650125097946
5 529 0.0787484390913882
5 534 0.069898069483033
5 538 0.178667811081597
5 564 0.671470776720055
5 573 0.141287522897645
5 595 0.0638995706863805
5 613 0.305512953878879
5 621 0.374349036825454
5 693 0.00804052373457263
5 702 0.0155850091522681
5 716 0.0490335463866009
5 726 0.0358592125902776
5 742 0.0727096584122333
6 1 0.239993144817111
6 8 0.235145287959569
6 70 0.0443078054662713
6 95 0.177409260825597
6 113 0.0600109256083932
6 144 0.17184537490989
6 147 0.12199031113488
6 251 0.0885127125292777
6 254 0.022969670683379
6 268 0.0111186171818877
6 299 0.141986354761447
6 339 0.0236828859946497
6 373 0.00381025163194777
6 386 0.239167579002372
6 419 0.128063624691484
6 435 0.20788556377548
6 460 0.0442796786280714
6 508 0.0224532742266291
6 533 0.0118661344952985
6 575 0.0261627018614627
6 576 0.284970175897738
6 661 0.0250145009104188
6 678 0.0454093799647395
6 694 0.411838288462375
6 707 0.0807818814805178
6 730 0.175460654824778
6 742 0.0924160317897188
7 2 0.0980327738128012
7 3 0.0316865117349383
7 4 0.046659709271421
7 5 0.0482069472470394
7 9 0.17349669174679
7 37 0.0665152977399015
7 38 0.00930438233938573
7 109 0.145416251792831
7 123 0.136206325524273
7 142 0.0120080675344667
7 177 0.0933736139661406
7 222 0.00773480774305139
7 239 0.039056875874708
7 263 0.347803820744088
7 264 0.00559514331813781
7 282 0.0363917123718335
7 284 0.294443151869977
7 324 0.0615148026637513
7 333 0.134384836934349
7 355 0.0237218290040978
7 371 0.117205979099946
7 382 0.0304500785776639
7 421 0.183847788181298
7 457 0.0201217955243802
7 459 0.311043819030295
7 466 0.0324540819906772
7 521 0.0866961303990036
7 552 0.046101345585025
7 634 0.0690920917038343
7 648 0.106724292878779
7 706 0.0347894791975592
7 710 0.0739804885716823
7 725 0.0187943531057227
7 745 0.431787427999019
8 6 0.235145287959569
8 12 0.0966872897587182
8 59 0.0594046255134962
8 263 0.0098668464069455
8 273 0.06885719058684
8 281 0.100470986859208
8 306 0.0253355719195885
8 334 0.00664387541670476
8 355 0.0245706816927883
8 358 0.0238029322546036
8 365 0.304185393246776
8 407 0.0942018423987784
8 409 0.150569774027766
8 441 0.0180367091594915
8 468 0.058879761441356
8 477 0.044357308239649
8 490 0.0104899282634825
8 556 0.180946846309282
8 558 0.0093790595880137
8 560 0.213588840016345
8 577 0.0225200445834254
8 587 0.0269808718233362
8 592 0.0291435742508271
8 652 0.0801554630830108
8 665 0.0268898473972603
8 711 0.0629581447134791
8 716 0.0319351902164152
8 723 0.313287780013971
8 727 0.0255550007060316
8 728 0.0475046218495103
8 742 0.0410056727485829
8 747 0.285404319382271
9 7 0.17349669174679
9 14 0.224569404849187
9 18 0.0780480056217741
9 21 0.102241055480834
9 24 0.0378686127566203
9 40 0.349328161671367
9 64 0.0266838787460418
9 85 0.590813005981496
9 143 0.0300416816374952
9 155 0.0926066992306819
9 161 0.234722813385584
9 211 0.0457063052548356
9 225 0.152152395391116
9 281 0.0254319134572858
9 326 0.02686739303465
9 353 0.0303980530743503
9 363 0.131297845754365
9 383 0.0082357371936153
9 452 0.00358496861411184
9 554 0.0411849735762058
9 565 0.0274295277730125
9 588 0.0186618557901502
9 607 0.293805641152321
9 617 0.07519833524553
9 622 0.0514644962521054
9 651 0.00375790475709819
9 671 0.00343480591723233
9 724 0.10282168062843
9 746 0.159098292546941
10 4 0.0398289876533793
10 20 0.371261416985357
10 80 0.186677529050711
10 113 0.0577042273227342
10 148 0.100921933412376
10 165 0.0254125097140731
10 219 0.080513356036289
10 252 0.0703022241371986
10 273 0.123009056225468
10 339 0.0179563999949186
10 342 0.279861786579397
10 359 0.107037763895658
10 402 0.0775316936739669
10 408 0.0442554934175139
10 430 0.05508004638036
10 453 0.032032768703753
10 518 0.00251464473906683
10 553 0.0255522049302639
10 556 0.0435136875600846
10 593 0.00590710066262212
10 609 0.00824465427125313
10 661 0.0148996558027717
10 701 0.0073517203771165
10 706 0.0766227009540975
10 749 0.391008177895409
11 0 0.0432143049054883
11 15 0.00970444440626173
11 18 0.0192505546019414
11 23 0.0710291653512065
11 35 0.0550841499017717
11 67 0.117690297190036
11 71 0.022925317787385
11 136 0.0531530870470195
11 262 0.0545765572265428
11 282 0.189714890781938
11 303 0.180200397310834
11 313 0.338038740822802
11 382 0.0438632901748226
11 478 0.132143606364888
11 479 0.260596294313145
11 499 0.051770283619115
11 510 0.0391887931617048
11 516 0.0552094197457944
11 518 0.0435569474803366
11 592 0.312366333831664
11 599 0.158231065384916
11 629 0.0689003719420697
11 653 0.314855868956261
11 669 0.123759120919716
11 683 0.0141580039028942
11 709 0.00917444821234279
11 720 0.0211348250902415
11 741 0.0706834297994161
12 1 0.0273554648780378
12 8 0.0966872897587182
12 19 0.238976665043364
12 26 0.125451883563153
12 27 0.0626098662436678
12 69 0.113760821637842
12 99 0.204103659169745
12 110 0.0128749431235531
12 111 0.0307027163209888
12 129 0.0907134152701895
12 149 0.442490629605124
12 169 0.0484394982034044
12 186 0.144925559826254
12 222 0.156859543274917
12 235 0.122534999109497
12 291 0.015673428910026
12 294 0.0325315116660817
12 307 0.01811762944431
12 318 0.111936630430395
12 370 0.203067635461517
12 372 0.0339204641494324
12 380 0.0425699521362362
12 439 0.0374929435930103
12 482 0.0394972151779405
12 487 0.0971335734600931
12 514 0.163132687128333
12 523 0.190696164277364
12 562 0.102778965093262
12 564 0.116046047683025
12 605 0.134557872204299
12 622 0.00857078330028025
12 652 0.00926585767494679
12 674 0.147969689083374
12 681 0.110545562915561
12 689 0.0630445026309205
12 700 0.0156699515777887
12 728 0.0165958361023981
12 738 0.0505861390585403
12 747 0.128102374501416
13 14 0.15628376553372
13 29 0.162543102766108
13 54 0.0113845762287964
13 56 0.262742670824571
13 57 0.00743237201547329
13 81 0.0155718207747278
13 85 0.155880464273335
13 115 0.00353326530527456
13 142 0.0729564024828412
13 148 0.0722936596538547
13 173 0.138903845679616
13 178 0.0789609170473523
13 261 0.0933464556881753
13 275 0.0429605263430918
13 306 0.245925124052722
13 349 0.0315674266936477
13 375 0.0931573585547559
13 428 0.0400580527407692
13 443 0.00793859995739003
13 471 0.0480767465838757
13 477 0.0382229075003759
13 480 0.0110487010164183
13 488 0.0675699845803154
13 581 0.0878469612274036
13 589 0.00780919063636761
13 594 0.305072467119573
13 609 0.0272994513790213
13 673 0.113708830731814
13 688 0.0598977338653192
13 727 0.00412164372436693
14 4 0.0448096318502432
14 9 0.224569404849187
14 13 0.15628376553372
14 23 0.0471478735857918
14 67 0.00240608738955577
14 74 0.161642601642622
14 106 0.130651418550035
14 112 0.0141147172166665
14 113 0.174469719405071
14 139 0.22586193063454
14 145 0.181162912637582
14 184 0.476054531885776
14 191 0.244263359972027
14 208 0.0146474243652694
14 248 0.0177029609025758
14 274 0.276114098998284
14 284 0.0165710641758365
14 290 0.00747579085475255
14 338 0.013337590483874
14 365 0.0269750317910508
14 409 0.00413935517456857
14 413 0.000497520000535686
14 462 0.016788714073402
14 477 0.211615373097728
14 481 0.0212032965904083
14 493 0.101941989423277
14 509 0.0129567295650227
14 532 0.0710018100767648
14 536 0.316420098117494
14 543 0.00537327568365657
14 557 0.0042337596581609
14 609 0.0406503973087911
14 614 0.00983066141822291
14 701 0.00545435990834459
15 4 0.0677211670504951
15 11 0.00970444440626173
15 21 0.192801562409994
15 22 0.0248902111086199
15 28 0.164997404379653
15 50 0.0165306748566167
15 89 0.0201282203442792
15 101 0.0623175838033338
15 144 0.0270745345297265
15 223 0.0427697974300129
15 229 0.0421460873567671
15 273 0.291249740681483
15 278 0.0427837558591664
15 334 0.0589844471697867
15 360 0.138307867888564
15 381 0.00583620398988133
15 385 0.146372751607456
15 405 0.0837099309997572
15 413 0.601615805578239
15 440 0.397494550821262
15 481 0.0201646878372311
15 496 0.0459230193464201
15 583 0.133716304032365
15 591 0.0539753672876295
15 611 0.0873511554561498
15 678 0.0734587397151443
15 684 0.0568013391431126
15 706 0.0129791056595608
16 0 0.0120918813512573
16 17 0.251899000622763
16 26 0.0385967085470378
16 30 0.0170753852275615
16 32 0.02058991071625
16 70 0.00821320381061694
16 136 0.10665082545281
16 140 0.187931615860441
16 150 0.0452910761642272
16 160 0.0823078940754422
16 170 0.0218688600100271
16 177 0.0981520893784573
16 189 0.114636267661546
16 198 0.112539820530529
16 241 0.25422418046185
16 250 0.132478064479704
16 315 0.0476919987835851
16 345 0.0271990329490502
16 365 0.0264796807099331
16 382 0.118891646948223
16 412 0.000732526573414903
16 420 0.0948880360348485
16 473 0.156655051454678
16 493 0.138851864267711
16 530 0.0507279305365064
16 568 0.0123172154408533
16 572 0.0973088783233517
16 578 0.0492893081203933
16 652 0.0931471630467223
16 664 0.028500519875447
16 672 0.0249190340343793
16 685 0.386002851131096
16 723 0.198481403218817
16 740 0.0510104754619285
16 744 0.0541662066194872
17 1 0.0790006449523177
17 16 0.251899000622763
17 18 0.151046605490634
17 34 0.270495108114761
17 35 0.00661877963397051
17 48 0.0876969362687093
17 115 0.0204196829894251
17 145 0.0320390405191862
17 162 0.0346020580906747
17 163 0.136381384496249
17 215 0.153549189267916
17 221 0.0258553890220734
17 254 0.626420874317073
17 306 0.0304305482134255
17 402 0.0614407932530747
17 426 0.136173098745224
17 436 0.425047689248142
17 461 0.117260269043112
17 541 0.123670676910968
17 583 0.0105311535242452
17 603 0.078192023848237
17 646 0.382608429092738
17 656 0.202248860791806
17 683 0.160183085667169
17 686 0.0783135894128156
17 735 0.0751720272562433
17 749 0.0713507296530959
18 9 0.0780480056217741
18 11 0.0192505546019414
18 17 0.151046605490634
18 19 0.0656799945273973
18 22 0.0367716614709463
18 75 0.0247867006262266
18 84 0.00756825287527018
18 127 0.0369175152204484
18 153 0.0699551724841531
18 190 0.00649899802237169
18 204 0.221033968067231
18 207 0.0828881837776893
18 241 0.0207429386917772
18 250 0.0526476788167053
18 257 0.0215418703002463
18 265 0.0393813056926019
18 272 0.0157633779976999
18 302 0.189792238283211
18 309 0.0577954283055567
18 311 0.109886117614321
18 323 0.09662957005976
18 325 0.0757389247461623
18 377 0.111799680967941
18 395 0.200903917334572
18 400 0.0610561457380687
18 431 0.495374268695445
18 456 0.0499307474324312
18 512 0.19016829552425
18 515 0.00673323217758995
18 518 0.286378090377015
18 530 0.248117663738688
18 536 0.156560711372084
18 548 0.0129715723981888
18 610 0.0582351251150854
18 653 0.0168866161812494
18 659 0.0421073636524297
18 674 0.09270331105247
18 720 0.0438662366161175
18 725 0.136050865195481
18 727 0.123019838099907
19 12 0.238976665043364
19 18 0.0656799945273973
19 26 0.0496892938633805
19 35 0.0892974264610696
19 45 0.0206957418024285
19 89 0.264662303336137
19 96 0.0549870686873047
19 128 0.0203383980696478
19 170 0.0403206146196531
19 181 0.363335342168978
19 206 0.0208705424982643
19 214 0.0689125058338154
19 272 0.0982739893791877
19 276 0.0124117028594341
19 425 0.0245748535851682
19 465 0.318122124166798
19 575 0.0294331704828887
19 597 0.0779392373300539
19 645 0.186184663108844
19 660 0.459776634419346
19 698 0.165253676679951
19 719 0.0516725077774845
19 735 0.272500727027282
20 5 0.0882040380534284
20 10 0.371261416985357
20 28 0.0792274629265605
20 29 0.0369545928172087
20 37 0.0229550473326744
20 45 0.0496973466282335
20 93 0.0182501376117156
20 145 0.078043954186692
20 191 0.024398218146322
20 205 0.0118244334071134
20 250 0.0203933011131192
20 261 0.0302578241193118
20 273 0.0712398468580606
20 301 0.0109339336919941
20 308 0.241186847906143
20 318 0.217559577629648
20 406 0.108618746426914
20 418 0.0132650892711612
20 437 0.29546544333842
20 442 0.0553237436340553
20 446 0.00924156070498468
20 465 0.235960512255698
20 471 0.537520117524102
20 509 0.213070629154662
20 584 0.111606689401375
20 592 0.0126704337592161
20 626 0.0534034235826499
20 647 0.00740842453720693
20 665 0.423443838855309
20 697 0.0279413123266661
20 749 0.00288245579930831
21 9 0.102241055480834
21 15 0.192801562409994
21 25 0.0079449220477555
21 36 0.0768200403684873
21 55 0.00381872665738265
21 68 0.0266187893462617
21 85 0.163494253075652
21 118 0.00655021189885277
21 147 0.115005593986282
21 187 0.0445693776298866
21 194 0.000119285681130004
21 197 0.00992056107638263
21 200 0.123267077596869
21 202 0.162476729283462
21 207 0.0488787339759628
21 221 0.0101886039332879
21 228 0.572872994232843
21 233 0.175102323142274
21 234 0.146082809905125
21 274 0.205648515145974
21 295 0.134438704174842
21 341 0.0103061617720659
21 358 0.0111948676959497
21 373 0.0937592908466304
21 376 0.0114612224135677
21 404 0.0156202164146101
21 477 0.0350739294480976
21 496 0.034512787880037
21 503 0.0651542492112177
21 510 0.11116326333474
21 535 0.0223254707390127
21 551 0.0449633158915691
21 586 0.20610779879825
21 589 0.0181320201232216
21 596 0.185237218443165
21 597 0.492040550351193
21 600 0.0933403913161447
21 624 0.0527589213604006
21 633 0.00407704478661339
21 644 0.0612194830741792
21 669 0.0373547136774353
21 680 0.0731411462325283
21 738 0.0563110144022609
21 744 0.126709983895658
22 15 0.0248902111086199
22 18 0.0367716614709463
22 24 0.0593909894600133
22 38 0.232490295071244
22 99 0.0404114774045014
22 102 0.00482566296283907
22 107 0.0777532183361535
22 145 0.201339986828928
22 233 0.0916884653619333
22 263 0.106476785598067
22 271 0.0538066552959757
22 277 0.0652703074828639
22 279 0.177757599083927
22 307 0.00602999883613972
22 314 0.124966743345682
22 336 0.0738264199198795
22 418 0.0931576091910179
22 568 0.102203469019641
22 623 0.189107931409102
22 654 0.132413492552755
22 660 0.0850603599012373
22 662 0.00807262250603621
22 707 0.00984418072690089
22 709 0.137430170312154
22 749 0.0380141772830734
23 11 0.0710291653512065
23 14 0.0471478735857918
23 25 0.0747902880895981
23 28 0.0262915373909405
23 45 0.047759913878028
23 65 0.00277323876828631
23 73 0.15612660606463
23 74 0.124161642260068
23 93 0.0193796070662322
23 98 0.0738141309246336
23 127 0.0011825002845957
23 147 0.255438903497868
23 156 0.0977877382358306
23 160 0.164885847568926
23 171 0.114610104149095
23 192 0.0395116152537495
23 199 0.0595745025756012
23 240 0.206597526189299
23 244 0.0465397466903239
23 287 0.099205960214036
23 295 0.022404259957954
23 334 0.34588830621096
23 380 0.0930803788251855
23 384 0.0310919092199085
23 395 0.0286624883718798
23 450 0.0702416218979159
23 451 0.0209096890737863
23 496 0.115211688566536
23 539 0.0493708166708353
23 561 0.0366559654264436
23 568 0.365366861394948
23 607 0.0621933382356109
23 614 0.016142152792507
23 670 0.106669508478224
23 685 0.0202167762939178
24 9 0.0378686127566203
24 22 0.0593909894600133
24 37 0.0790457712388495
24 49 0.0878504728097824
24 130 0.344682153732748
24 138 0.00850379435108671
24 140 0.077007436625526
24 228 0.0970349370532824
24 252 0.112924197634549
24 270 0.0392468219317889
24 301 0.0453050743536695
24 314 0.0601697061369784
24 348 0.042342322071791
24 349 0.0554509943399312
24 368 0.163041167933433
24 383 0.0971989931571378
24 411 0.0852812634674685
24 438 0.00322561796991672
24 439 0.396159989989067
24 440 0.0973510850750394
24 472 0.0631418002278606
24 489 0.0677293055447943
24 516 0.107244797365311
24 518 0.0509864112059091
24 591 0.0261140726070691
24 651 0.113449262600838
24 654 0.0505537280240841
24 666 0.0826262725903374
24 691 0.00180173006396455
24 718 0.0778385510618877
25 5 0.153403505059025
25 21 0.0079449220477555
25 23 0.0747902880895981
25 51 0.116629465045672
25 68 0.0352310109192317
25 134 0.20722483022398
25 175 0.0651030700463876
25 204 0.0639256935745293
25 205 0.00718291046931572
25 211 0.0271631980175058
25 248 0.0441059534491353
25 251 0.149902121798766
25 264 0.000925392156108188
25 284 0.0253346116533559
25 295 0.122376288455924
25 325 0.0176538096569317
25 340 0.0838469674804202
25 358 0.0294423182600429
25 396 0.207853150833533
25 424 0.230965449163401
25 431 0.0295003385936897
25 434 0.0265970314266716
25 439 0.0814853777168097
25 462 0.2252810193755
25 487 0.213058315316653
25 523 0.00760597127427314
25 546 0.0527916371727857
25 592 0.00238819757321439
25 651 0.0228241395153746
25 680 0.0423611367195889
25 688 0.0601171688015579
25 698 0.0497453278938109
26 5 0.0293099121219062
26 12 0.125451883563153
26 16 0.0385967085470378
26 19 0.0496892938633805
26 54 0.0495780275220187
26 87 0.0847058791044862
26 169 0.100074414026043
26 222 0.0170672261276923
26 261 0.195047282394763
26 264 0.0736393069792237
26 307 0.000791934120079905
26 332 0.0125348805887444
26 375 0.0528969732126192
26 377 0.129665606749315
26 388 0.00514871689112956
26 391 0.0765143213086957
26 397 0.0402055668190318
26 398 0.00508680493373405
26 405 0.0502893557501128
26 418 0.118569108472192
26 441 0.149773688904315
26 443 0.192464598771235
26 476 0.252027762669977
26 480 0.207886516905973
26 523 0.124573476783429
26 634 0.107171272449421
26 637 0.57614036654801
26 671 0.0291760215798446
26 688 0.102113263724927
26 701 0.00887781827225692
26 704 0.0275837549126982
26 728 0.0370912134057636
27 12 0.0626098662436678
27 41 0.00857422327017334
27 117 0.00513752294230962
27 118 0.266161151518943
27 154 0.0506233531512026
27 158 0.149688806996591
27 231 0.0160696106739288
27 256 0.0307882477836841
27 290 0.0568796686011406
27 367 0.101928638807082
27 375 0.00174164462244113
27 476 0.0229036635854516
27 486 0.0732133760896633
27 498 0.0519900046900502
27 530 0.0732169361105081
27 553 0.0723471154565053
27 586 0.184325439408853
27 599 0.0375582990463878
27 608 0.0489349030597654
27 651 0.0271422686265794
27 688 0.138715941777512
27 699 0.0157957626475583
27 723 0.133294479620436
28 0 0.0683555611039782
28 15 0.164997404379653
28 20 0.0792274629265605
28 23 0.0262915373909405
28 32 0.0347330847893437
28 37 0.0868448428779278
28 60 0.0436853457968611
28 67 0.0327630828392316
28 115 0.0416308670647997
28 149 0.0148419941831402
28 150 0.00616753662748799
28 157 0.063997768723068
28 214 0.138171794118189
28 217 0.038812759066861
28 240 0.0139358808742388
28 244 0.0210377423135802
28 247 0.0579101521898357
28 278 0.282760454416588
28 345 0.0442799658015103
28 439 0.0330838084324961
28 481 0.016385028110746
28 500 0.0768492073777765
28 584 0.0795374385255788
28 585 0.0150188548483381
28 610 0.246698706901658
28 646 0.027454692112865
28 651 0.0335854288886155
28 706 0.249647073201738
28 714 0.187970018028178
28 716 0.00556742801296056
29 13 0.162543102766108
29 20 0.0369545928172087
29 30 0.307270998915166
29 43 0.0436687509089767
29 69 0.057520427091382
29 89 0.0918167401678391
29 102 0.0452409110469969
29 113 0.188271374085414
29 166 0.158635904115282
29 169 0.117930045607125
29 192 0.104876487447388
29 250 0.0267371952369967
29 273 0.146507793932011
29 281 0.0871156196886282
29 282 0.0958222446654052
29 306 0.0111837830748148
29 312 0.0433463318689201
29 320 0.0659895801227662
29 385 0.0432789179824182
29 395 0.0188746317436382
29 397 0.131331908033571
29 411 0.214186020328441
29 431 0.0234194540576461
29 435 0.12643762130872
29 469 0.0302203477080536
29 483 0.166567001269183
29 539 0.037004350642645
29 548 0.040124954362788
29 609 0.0582590756562806
29 670 0.0382709794292814
29 696 0.163536710913177
29 700 0.0618066655595217
29 732 0.0165062147531996
30 16 0.0170753852275615
30 29 0.307270998915166
30 42 0.0521601342719539
30 45 0.117171981523057
30 47 0.00341303921425604
30 53 0.0731505230489752
30 66 0.00328392771470293
30 89 0.0043920568075615
30 112 0.171075406127926
30 182 0.0868143025246588
30 194 0.0740933053291294
30 201 0.0187007314336537
30 234 0.00959543304273005
30 239 0.0321179465411703
30 240 0.019232949380371
30 261 0.47921004844192
30 321 0.0422775628054105
30 325 0.0225172528314897
30 348 0.00358754305066507
30 396 0.173034967355195
30 436 0.343468702443027
30 445 0.00788670244445388
30 473 0.0544975433755177
30 488 0.00348755822211669
30 520 0.0432890140798645
30 529 0.0514326277870038
30 530 0.0300144484692605
30 536 0.0140961767879334
30 593 0.0571577306546089
30 604 0.0366618297322295
30 606 0.00962196120505975
30 611 0.0619870996245508
30 626 0.0172090050433423
30 657 0.0487402394649882
30 682 0.122887844060825
31 39 0.00139675224090602
31 42 0.0582369438990319
31 57 0.101546125993478
31 104 0.0344180585044457
31 147 0.0339127833019397
31 159 0.033409492977162
31 183 0.0525871220596147
31 204 0.0269759655869357
31 239 0.413049975177105
31 305 0.140802885206848
31 328 0.0745358449151725
31 348 0.0354409424276186
31 405 0.0233152355670336
31 415 0.0826612430625608
31 419 0.190074572723086
31 488 0.229175865701136
31 565 0.118827127815413
31 594 0.137517712360504
31 624 0.0975897145986742
31 670 0.0444653323755555
31 697 0.177415470185444
31 706 0.0356829337439138
31 732 0.30675176837748
32 0 0.239196483623935
32 16 0.02058991071625
32 28 0.0347330847893437
32 47 0.0248756171549396
32 56 0.00208192188986728
32 72 0.151931834084115
32 89 0.0307807991139055
32 93 0.0102286920575049
32 111 0.00378357949415904
32 132 0.00872324953589503
32 153 0.011026554959007
32 155 0.0199781298105786
32 168 0.0287577083955077
32 179 0.0606177929956912
32 192 0.0661388492846108
32 267 0.0386213645626846
32 274 0.0788793426446601
32 313 0.0818299931608621
32 341 0.107742309044046
32 375 0.0127534183896353
32 381 0.163099452538295
32 416 0.174900426291204
32 424 0.207579214932077
32 431 0.179454942887791
32 442 0.0210366813993597
32 497 0.0501550757501737
32 523 0.166672857574994
32 600 0.00828937674544955
32 638 0.0991394839851473
32 664 0.140544341884012
32 682 0.0939616244709328
32 725 0.0158078515990486
33 34 0.00332348664828114
33 37 0.110877844963236
33 40 0.0689168974151736
33 43 0.220912901149444
33 63 0.051971607496752
33 64 0.0101052909835915
33 75 0.173289878551296
33 121 0.00335851084942227
33 131 0.0728613634806854
33 144 0.0410016205242423
33 148 0.0414686167757052
33 155 0.0369312744267003
33 157 0.0155818881902095
33 168 0.0712576130601548
33 173 0.0381238914140794
33 207 0.0125926852876187
33 279 0.203221288566089
33 341 0.159131018334779
33 395 0.0293744085176701
33 445 0.0420882045040192
33 483 0.0227971186765504
33 501 0.0262411835472244
33 515 0.0780737972997816
33 528 0.0520343504699567
33 560 0.0447984294721467
33 562 0.0123696075921819
33 568 0.237696146130728
33 653 0.115121434122236
33 677 0.120461903409357
33 710 0.0889235005970423
33 731 0.232878260720009
33 742 0.592816591232547
34 17 0.270495108114761
34 33 0.00332348664828114
34 47 0.204537443923436
34 53 0.0766934593689602
34 79 0.0453216312097249
34 123 0.0788535523444827
34 171 0.0145738447046995
34 217 0.145681145398722
34 223 0.0699001948545382
34 228 0.0696633145588398
34 306 0.128730416402158
34 443 0.101290060956557
34 469 0.0787651301411147
34 477 0.0319495983150963
34 494 0.0723495454404729
34 508 0.0136881300361291
34 511 0.00636664493154178
34 599 0.295756735339603
34 632 0.0295660120439931
34 645 0.043407263300858
34 675 0.0957593505047084
35 11 0.0550841499017717
35 17 0.00661877963397051
35 19 0.0892974264610696
35 40 0.0557722129004559
35 75 0.0941008607487161
35 78 0.10285752446587
35 99 0.0779701072470237
35 149 0.0771877231036847
35 158 0.0512484113980803
35 200 0.0490384561881135
35 215 0.0311673332502724
35 225 0.108428054296437
35 232 0.16051080704953
35 285 0.100860659165861
35 290 0.00828347121549611
35 294 0.0435258561331989
35 317 0.419884014972318
35 336 0.0245933809248767
35 365 0.0193649519262851
35 429 0.0884442929029099
35 470 0.0307770288867849
35 506 0.0684644432525116
35 513 0.045188828823231
35 527 0.0981200214045286
35 535 0.0147691318808017
35 567 0.188361550200497
35 572 0.234369093892824
35 593 0.0294295852844433
35 640 0.193900609407504
35 673 0.0966151539734272
35 681 0.476153736923526
35 690 0.052850915223664
35 693 0.109126293959157
35 695 0.130456692376106
35 706 0.267622743598866
35 719 0.247396532420623
35 731 0.0944149352371487
35 739 0.00679984993102716
36 21 0.0768200403684873
36 37 0.0462776717736582
36 40 0.0678570180149838
36 45 0.0373845350665824
36 80 0.172018656673865
36 98 0.034989211739045
36 141 0.0497212758455915
36 142 0.00866669895394994
36 152 0.0137432881072545
36 156 0.200566257302463
36 157 0.00178882659715615
36 175 0.0508997000653723
36 181 0.199650572389725
36 186 0.0398058365757687
36 197 0.344994062061616
36 226 0.0587261994089938
36 230 0.0597792276243888
36 243 0.0530742282789724
36 320 0.139753408581461
36 435 0.0409760599604792
36 453 0.0651236368922513
36 473 0.0562366340151676
36 476 0.00161007874292214
36 483 0.250063930214234
36 515 0.0177443604605369
36 520 0.154438378286292
36 542 0.190543710661906
36 555 0.0801006272659587
36 569 0.137803504992228
36 595 0.128116888411397
36 611 0.0034901480106079
36 623 0.113864183554503
36 625 0.260553149871174
36 635 0.0990479059453872
36 653 0.249900752335097
36 667 0.216863169690544
36 691 0.00582243377698258
36 695 0.161528851101984
36 703 0.0710128970878322
37 5 0.434895747778032
37 7 0.0665152977399015
37 20 0.0229550473326744
37 24 0.0790457712388495
37 28 0.0868448428779278
37 33 0.110877844963236
37 36 0.0462776717736582
37 38 0.0491410089241119
37 49 0.0580287559102586
37 65 0.0914181110764066
37 73 0.0418517803508572
37 77 0.0646239126410574
37 82 0.0804353189608308
37 91 0.120746423972218
37 108 0.0162232287138822
37 167 0.00212908996978016
37 170 0.0726385039971696
37 184 0.048035198336254
37 334 0.247075972869233
37 390 0.072796463679547
37 403 0.00035348905757561
37 476 0.0114404067815718
37 528 0.0204401129430539
37 540 0.0234982639005978
37 625 0.0149582254417674
37 639 0.222073861551618
37 640 0.0490768801478684
37 642 0.00243023749149346
37 645 0.131471301924638
37 671 0.0426729648728646
37 709 0.456960277162828
37 717 0.156812973806279
38 7 0.00930438233938573
38 22 0.232490295071244
38 37 0.0491410089241119
38 41 0.236014767865412
38 45 0.098882899080095
38 47 0.15682682905967
38 53 0.113825233544489
38 55 0.0435616365144917
38 63 0.179519656057765
38 115 0.0320868675689411
38 121 0.0843174516828349
38 176 0.101612732022416
38 179 0.0794155972645254
38 195 0.0203296356456923
38 213 0.0354100485258715
38 220 0.00287719352899506
38 224 0.271282982251743
38 247 0.0776265673470785
38 256 0.0469340897119285
38 365 0.0413372895869774
38 387 0.130415497513805
38 394 0.0456111751084785
38 398 0.0150919626057497
38 409 0.0815886071274203
38 418 0.0588560065322099
38 419 0.18634862999356
38 421 0.111437054173752
38 471 0.0434610204608164
38 563 0.0289763465199011
38 569 0.319575256617468
38 579 0.0800394996487143
38 588 0.00774888134708861
38 630 0.391680503573448
38 634 0.172957580881509
38 635 0.184445187483815
38 679 0.085174252205397
38 683 0.0155344704376066
38 694 0.197760278521768
38 698 0.0968497167302951
38 739 0.0568218413718198
38 746 0.000835875757644897
39 31 0.00139675224090602
39 41 0.0182584331402522
39 47 0.0462185736442906
39 104 0.517648954368023
39 167 0.123996579013918
39 196 0.0329519416624535
39 264 0.0199132248440203
39 297 0.181080369465651
39 302 0.0636731528377684
39 315 0.0478779225770605
39 332 0.132814705318835
39 375 0.0759855730527021
39 403 0.110481790226806
39 420 0.0651162756384356
39 422 0.0201475191322875
39 425 0.264706932414462
39 497 0.00160959279661585
39 511 0.00442733252157609
39 586 0.0505303554464156
39 596 0.0157679006565113
39 619 0.103115635308487
39 644 0.089014417717507
39 671 0.185621378398256
39 739 0.30290902574003
39 747 0.00873251191392263
40 9 0.349328161671367
40 33 0.0689168974151736
40 35 0.0557722129004559
40 36 0.0678570180149838
40 43 0.0241427073109425
40 52 0.115480815461124
40 60 0.0670692555280481
40 63 0.028970531103682
40 70 0.0490229522464983
40 119 0.00129628644746517
40 156 0.00823248125660925
40 157 0.0140691498500514
40 186 0.108815181441941
40 208 0.0225326321181122
40 214 0.0108224989326285
40 254 0.039085873660607
40 275 0.200671749894252
40 348 0.00761174779104255
40 352 0.0613743021291016
40 358 0.139646221489153
40 365 0.0160086007172432
40 467 0.144581669626181
40 484 0.0153890841278801
40 510 0.0726436478732609
40 562 0.131453652176436
40 589 0.0702396791045975
40 697 0.0337781671873672
40 703 0.0860338339008068
40 704 0.00313293890697348
41 27 0.00857422327017334
41 38 0.236014767865412
41 39 0.0182584331402522
41 151 0.189397791687186
41 153 0.0978824745554906
41 157 0.0372661117442526
41 162 0.0214701120681082
41 178 0.0572727960529833
41 185 0.0471539141965382
41 222 0.235727587794455
41 224 0.0908856691521085
41 233 0.0495785587151322
41 270 0.0455252016286285
41 298 0.0382292160647739
41 331 0.342779007921973
41 332 0.00662164742506761
41 356 0.182750421802376
41 361 0.0453720520016931
41 389 0.213336517419979
41 397 0.0878384617256266
41 399 0.0654424886627806
41 407 0.0822881946303237
41 419 0.0353269121533882
41 425 0.120903895998487
41 427 0.150198381797668
41 446 0.142775434767557
41 450 0.0338364003927407
41 504 0.199711960655392
41 508 0.103413721097094
41 510 0.078475394471716
41 654 0.0178671434858476
41 656 0.0833376419599354
41 667 0.183665297654003
41 691 0.312919102726659
41 707 0.170803900349337
41 728 0.0069820162343194
42 30 0.0521601342719539
42 31 0.0582369438990319
42 44 0.292776412372976
42 50 0.140086578130086
42 73 0.110689155991656
42 89 0.136677455979642
42 99 0.0554536748587472
42 181 0.120892336047897
42 220 0.150768697191989
42 268 0.0454750762435958
42 283 0.0813677581203771
42 386 0.0110435737859481
42 425 0.023267882648358
42 468 0.015486109427376
42 542 0.0956657357528735
42 622 0.00854944755780911
42 638 0.0839880666168439
42 646 0.0834486550066576
42 670 0.0595745340849816
42 671 0.194840478898415
42 674 0.0122594965352433
42 692 0.03775836459956
42 734 0.328678732182649
42 748 0.185990728155818
42 749 0.227317493967139
43 29 0.0436687509089767
43 33 0.220912901149444
43 40 0.0241427073109425
43 82 0.167649659515774
43 85 0.0512168675854741
43 89 0.224770425091496
43 91 0.0622689355000321
43 93 0.0137192011979851
43 135 0.108917958655053
43 145 0.17987839353825
43 174 0.00348189638802081
43 219 0.115791187012279
43 225 0.0910467840357123
43 230 0.0390902570935036
43 291 0.0149351888129222
43 296 0.108326710391905
43 312 0.105963584910474
43 334 0.000466471027640085
43 418 0.0165764328643717
43 445 0.0194280907401348
43 457 0.119606454092388
43 495 0.0155940286040774
43 502 0.173827517038381
43 518 0.101773720482742
43 526 0.252769687644314
43 553 0.0706058006498569
43 586 0.0262978025690119
43 635 0.0064404432042958
43 694 0.124377178166652
43 732 0.0439177991753065
43 745 0.0429302967624683
43 749 0.0330753750091799
44 42 0.292776412372976
44 51 0.0512151115548637
44 57 0.0750941382734283
44 90 0.0319748726332269
44 100 0.110759537628585
44 141 0.0894802076206618
44 179 0.0726030831432447
44 188 0.148800609089044
44 220 0.166123319280256
44 229 0.0810370625143261
44 239 0.399564990395243
44 253 0.0444673987054034
44 266 0.149467542119965
44 287 0.0127474650196911
44 302 0.176956746283882
44 314 0.0679546309778671
44 353 0.113074014253131
44 386 0.219202771627286
44 456 0.00290286945100681
44 470 0.0299727528223777
44 489 0.113047888434431
44 491 0.172449993409608
44 504 0.113423797118361
44 542 0.0716597064020868
44 558 0.00057421873647325
44 567 0.0511036112775726
44 578 0.0837818173402476
44 588 0.0822890553284579
44 619 0.0920690898002242
44 631 0.0200686308842785
44 652 0.098046734163422
44 657 0.0279269210730651
44 671 0.0719222190177331
44 688 0.196462770567167
44 722 0.060191807261803
45 19 0.0206957418024285
45 20 0.0496973466282335
45 23 0.047759913878028
45 30 0.117171981523057
45 36 0.0373845350665824
45 38 0.098882899080095
45 48 0.0989122993816728
45 51 0.0319099286637545
45 55 0.0252770315036952
45 101 0.0535635579731059
45 111 0.00271478391909976
45 126 0.169145862405302
45 129 0.139406715537959
45 162 0.0100511504744403
45 180 0.157188632528828
45 197 0.277579884380561
45 232 0.0643980664896069
45 262 0.000532810212973866
45 301 0.120253052908413
45 347 0.00086098892379449
45 350 0.0166254859687777
45 376 0.120317004223628
45 386 0.145951924863755
45 418 0.160150073057127
45 432 0.196828493256278
45 453 0.117302298770764
45 466 0.057484472558371
45 491 0.0903654468669769
45 534 0.133116324320016
45 567 0.188931127220224
45 569 0.124646944246128
45 605 0.175003200765186
45 645 0.107211527949656
45 658 0.0797542011090546
45 662 0.0428455030831343
45 679 0.20811091253808
45 720 0.0592836754422716
45 745 0.0282401559840516
46 50 0.00781030847962297
46 58 0.123774229651745
46 68 0.00855165364821767
46 74 0.0250570302765997
46 88 0.166263184453971
46 107 0.076792941327199
46 137 0.104467364252448
46 139 0.0766840952632682
46 140 0.013527722454273
46 144 0.0969252643829156
46 150 0.138796699039203
46 170 0.167738234644698
46 177 0.0072266904030727
46 188 0.0176596192674118
46 198 0.0129279483181839
46 212 0.0619841000842367
46 220 0.059356222323841
46 249 0.100731436400618
46 281 0.117007384126804
46 291 0.091867927044998
46 381 0.176545668436762
46 405 0.187839274533167
46 427 0.0548270572372355
46 475 0.00599576971196463
46 502 0.236484236605744
46 539 0.0995950536578164
46 542 0.00582720176510521
46 574 0.0251934088945012
46 576 0.0234857481262919
46 617 0.0338614693010476
46 709 0.0437022115840719
46 714 0.180493435717154
46 735 0.0165119600209689
47 30 0.00341303921425604
47 32 0.0248756171549396
47 34 0.204537443923436
47 38 0.15682682905967
47 39 0.0462185736442906
47 89 0.0253278625111132
47 151 0.0689389144984743
47 190 0.00173178073763697
47 234 0.107946313939704
47 251 0.0478185874015852
47 254 0.000393929033278564
47 283 0.0372365859886769
47 292 0.0146696336329904
47 304 0.00790287406694667
47 358 0.305476217050667
47 409 0.01266882138485
47 411 0.130540415910108
47 427 0.102545786515058
47 446 0.0580095796756036
47 540 0.113577656922765
47 565 0.0296421093945514
47 588 0.000989086157458397
47 605 0.0504157751946688
47 616 0.0879105484285916
47 622 0.0323753438200328
47 623 0.0102518185304873
47 642 0.337415022107977
47 662 0.00341895613740358
47 704 0.0570698600133661
47 710 0.0676140524756397
47 732 0.0937700302172171
48 17 0.0876969362687093
48 45 0.0989122993816728
48 51 0.0492546851932817
48 54 0.0177458489572664
48 67 0.0261914266738587
48 85 0.011122754942636
48 95 0.104824410450123
48 101 0.0194781169293782
48 169 0.000931384235359907
48 193 0.167591899126855
