0 7 0.00431811903590826
0 10 0.149974755078768
0 33 0.00660291686740615
0 130 0.0141641370003102
0 141 0.160553434945262
0 165 0.0393332414455479
0 190 0.0280992238153994
0 198 0.0592329889751867
0 200 0.109975074307115
0 203 0.0569041963834522
0 244 0.0877358126613309
0 254 0.119338632749094
0 282 0.0987646713835985
0 314 0.0593421511132154
0 340 0.0683655645974191
0 363 0.0355883349927614
0 420 0.0102433940139259
0 449 0.0270976677931069
0 479 0.129765748908467
0 672 0.111617639423264
0 680 0.079338039529399
0 727 0.0327151876533798
0 756 0.00223199161484839
0 808 0.010398646422606
0 825 0.166643842696327
0 846 0.120090429013074
0 885 0.250438064344251
0 890 0.0962410351679466
0 932 0.0672069951730045
0 986 0.0172141195497386
0 990 0.00957429382604801
1 16 0.016409038758473
1 101 0.134675497081393
1 131 0.108070487505079
1 139 0.0454961629921923
1 153 0.319193044482452
1 171 0.0236397061059479
1 174 0.244282521624564
1 207 0.0388221685273904
1 215 0.122323388186769
1 273 0.013760071256986
1 285 0.0253734072195151
1 302 0.212178546280842
1 394 0.0306726244303173
1 397 0.0250919361328955
1 408 0.0228159817076975
1 416 0.0850514416389418
1 528 0.0334899131478869
1 572 0.123221556700966
1 629 0.0505098964934084
1 646 0.0980549801372441
1 658 0.00936612635642412
1 721 0.00763159489703744
1 743 0.0316997317123732
1 773 0.0200667094661215
1 816 0.0312690758950939
1 833 0.0732788706377828
1 849 0.0926980084173184
1 851 0.382715614121139
1 953 0.123014961209165
1 975 0.113269361941571
1 985 0.0541134323001813
1 994 0.0413568975220665
1 999 0.00555315501596595
2 6 0.0662185756952534
2 8 0.0949134609807951
2 186 0.0848713906407989
2 246 0.0666402839020919
2 334 0.0481047024735065
2 366 0.0378499672998478
2 416 0.250606845885368
2 472 0.0249228375758291
2 486 0.0567595603862503
2 525 0.0293625297230409
2 529 0.0932871247413285
2 565 0.0660197049492782
2 574 0.0301923715096595
2 595 0.0187161896663596
2 629 0.207759814614967
2 647 0.00259460840905194
2 671 0.0155715463652985
2 699 0.00938538631695569
2 721 0.0693376167705739
2 731 0.185517602673399
2 778 0.0198232584930556
2 873 0.121654043851073
2 875 0.222740594474881
2 881 0.0281349449404889
2 914 0.00191331372890145
2 929 0.00584976690563536
2 958 0.00739846896067814
2 959 0.0026322014653188
2 994 0.0493469757069257
2 998 0.160206217539598
2 999 0.00648749793921106
3 10 0.159098924784239
3 16 0.0521396540486866
3 30 0.00569461594856566
3 125 0.372833013494548
3 128 0.00406409630591867
3 183 0.107820252239713
3 211 0.130558935808337
3 239 0.239591221874669
3 240 0.00425860003725491
3 274 0.0866472987119102
3 318 0.0230051737092683
3 388 0.123645523228108
3 399 0.186680610140973
3 402 0.361726533181385
3 473 0.0021337138950666
3 560 0.195392696924506
3 570 0.0454389974585016
3 628 0.100588796283488
3 761 0.228012138097087
3 779 0.0619247112572324
3 808 0.00859170337415026
3 824 0.0282179485956834
3 845 0.0295478977037862
3 856 0.101920093045562
3 857 0.00430806080484107
3 907 0.0289699633382525
3 954 0.0520823556152009
3 989 0.022454448213919
4 9 0.0600668462831225
4 15 0.124176479444172
4 73 0.191916963159973
4 85 0.0827950245680648
4 87 0.118512659402926
4 183 0.0283428273099162
4 208 0.0409704444465874
4 213 0.00109628268783705
4 264 0.176072524517489
4 333 0.0490110814032219
4 388 0.119250481134876
4 539 0.167957157647109
4 554 0.118483086697942
4 555 0.0228260618945935
4 593 0.0374038906217158
4 621 0.00874307588316821
4 633 0.111458759217125
4 673 0.0858495081769825
4 697 0.216375095203924
4 728 0.149265680092804
4 768 0.19015998113986
4 847 0.00928830418431232
4 849 0.0172913938329914
4 851 0.132184756381537
4 916 0.0206954660075379
4 941 0.0542694359581452
4 948 0.0912497925323458
4 965 0.194303692157258
5 8 0.0221420234684179
5 39 0.0186302091540703
5 67 0.00559072002060396
5 73 0.00648169455902929
5 101 0.0260158721239526
5 118 0.151059970646538
5 123 0.123620517824974
5 159 0.0689283509493681
5 166 0.128830017805136
5 209 0.0659189850537946
5 234 0.0871905896433094
5 280 0.0498878852192396
5 342 0.00718857993985473
5 408 0.0419066728535545
5 423 0.0023687938939707
5 443 0.142256613864726
5 493 0.0786687325408374
5 514 0.111974597946276
5 517 0.0192485007752842
5 520 0.0489000224647855
5 525 0.0732271051081687
5 570 0.0662604610508933
5 622 0.32160254369585
5 635 0.155835604746413
5 710 0.110396717410442
5 729 0.0384637065797248
5 768 0.0910605320790146
5 847 0.112823542843149
5 861 0.158962880877297
5 921 0.213277093161325
5 995 0.0559592729505178
5 997 0.112006615264175
6 2 0.0662185756952534
6 22 0.0444684222582929
6 65 0.0354807672113166
6 73 0.0753359534153123
6 175 0.011416663328359
6 181 0.0222502060129681
6 244 0.109569514400193
6 254 0.159253589364371
6 301 0.129898700382137
6 318 0.564113996653098
6 331 0.0112694271932271
6 340 0.0137948117747486
6 359 0.0288446261939786
6 387 0.127682377284976
6 452 0.120362976026258
6 480 0.172267071669228
6 482 0.0109442273601041
6 484 0.00332857650471764
6 530 0.160885038009835
6 543 0.316964436269602
6 660 0.13250935241433
6 669 0.0314302849662298
6 675 0.0300194810053589
6 730 0.150743130849378
6 737 0.0871633137850612
6 797 0.00615138439604248
6 799 0.0621823490721266
6 858 0.0528322132143218
6 908 0.494747613830071
6 941 0.165703070446414
6 995 0.0344822111968093
7 0 0.00431811903590826
7 8 0.0465613094867053
7 9 0.0521964656791992
7 14 0.141437559407827
7 16 0.0514085282894897
7 17 0.140635763386012
7 25 0.00319847240495284
7 77 0.0125425550773537
7 145 0.00634559409124423
7 166 0.141442861449328
7 207 0.115354539547697
7 210 0.0498532506991972
7 223 0.0132244320146678
7 229 0.0428933161487451
7 302 0.0609907481453533
7 380 0.0117816677538227
7 413 0.109267606999132
7 440 0.212776431321045
7 445 0.0515334358575138
7 464 0.21502941067389
7 481 0.000773814510796046
7 497 0.0105608923675439
7 509 0.0908108503946113
7 515 0.0779264159377473
7 659 0.0256849556507135
7 675 0.0175554845042345
7 715 0.0499849568026507
7 717 0.00971976571501052
7 724 0.198620646480188
7 783 0.370911431765312
7 807 0.000468939843530536
7 809 0.0247108730477102
7 830 0.0245398131969627
7 839 0.051610035312041
7 890 0.36710963231609
8 2 0.0949134609807951
8 5 0.0221420234684179
8 7 0.0465613094867053
8 83 0.0208074525685895
8 85 0.281559149209553
8 92 0.00156741497156069
8 94 0.24639340111848
8 131 0.109606104456884
8 138 0.0108866787021251
8 162 0.301724882156092
8 170 0.0638330317546585
8 175 0.123574380189771
8 234 0.0464444926434321
8 354 0.0155226843448037
8 389 0.0324367259970919
8 413 0.00117465913301461
8 415 0.0849316793783592
8 419 0.256705888918023
8 442 0.344664261046998
8 521 0.317500535089444
8 523 0.0103517307430369
8 541 0.211379548217237
8 676 0.306604590375696
8 748 0.12658799325565
8 794 0.117675509462179
8 824 0.259894817548336
8 850 0.0240085064421986
8 919 0.247415916631528
8 962 0.0753330897515826
9 4 0.0600668462831225
9 7 0.0521964656791992
9 12 0.157692043267378
9 13 0.234469830522516
9 28 0.0371899311081722
9 35 0.00160043525185737
9 45 0.00175222340388942
9 254 0.0300577531957196
9 335 0.0877022420401649
9 375 0.102345947825863
9 418 0.0445258078945691
9 501 0.013605274739654
9 595 0.073751351134529
9 632 0.21582441781729
9 673 0.158449071254161
9 693 0.18247913016453
9 708 0.085533726928925
9 759 0.160485782145429
9 768 0.308985768156129
9 777 0.339701083154195
9 809 0.0985219349111201
9 843 0.0683525005360139
9 872 0.00166094670002294
9 888 0.174898033743293
9 943 0.0126178196747493
9 958 0.033119948150095
10 0 0.149974755078768
10 3 0.159098924784239
10 15 0.0305419254123126
10 22 0.100294238647177
10 75 0.0158005142241118
10 91 0.0452928280717024
10 232 0.0528230049140901
10 242 0.032782529597331
10 269 0.237233443735404
10 272 0.147944216258916
10 315 0.179091856719519
10 393 0.189122491518166
10 434 0.0350023698113272
10 445 0.0128405535533943
10 548 0.0954252038621448
10 747 0.0138117715639796
10 889 0.0360707749766928
10 913 0.165387091423586
10 993 0.0813315915029219
11 76 0.0477545372090963
11 127 0.203567455191983
11 233 0.147303167258086
11 259 0.0174180802252547
11 270 0.231983393789007
11 313 0.0652146908221969
11 319 0.00736479806450581
11 324 0.0740222642430775
11 347 0.0744545682140889
11 371 0.0339414737027751
11 441 0.0860587455860924
11 447 0.16853248632485
11 471 0.136551513858303
11 474 0.0694678301325843
11 477 0.0285241711383274
11 494 0.00954186910729632
11 497 0.0506870296817793
11 631 0.116055805310059
11 693 0.13309781044449
11 724 0.0769343540359111
11 737 0.0666460354580643
11 780 0.160960506758383
11 785 0.207014650527329
11 901 0.0312342834412881
11 904 0.0100061254447979
11 969 0.0462015955813684
12 9 0.157692043267378
12 17 0.186914131232235
12 26 0.0418942406891881
12 67 0.0640260730735676
12 95 0.034197378467945
12 173 0.0156556131345939
12 204 0.13885967231857
12 218 0.348603081482573
12 241 0.132199128819903
12 260 0.186194574401635
12 268 0.396809577649904
12 315 0.0566682616814064
12 424 0.296297055996376
12 429 0.247769110409061
12 439 0.0742443727035126
12 451 0.182925785829662
12 462 0.04818946640832
12 570 0.00591397392040648
12 593 0.0165541943687344
12 596 0.00912424574667596
12 615 0.0881066653577332
12 625 0.00902946857172285
12 632 0.012993926073227
12 637 0.121693868443013
12 661 0.0552508735620073
12 715 0.0604233525682356
12 765 0.00575132704057825
12 796 0.058109763608817
12 814 0.102677471551675
12 842 0.156772904374558
12 877 0.0199456290972471
12 907 0.00705045218052212
12 951 0.0193030474556178
12 957 0.014655378951191
12 987 0.139039890275207
13 9 0.234469830522516
13 14 0.197243413072628
13 18 0.179807686762358
13 24 0.0293838967931247
13 34 0.0383551053898637
13 55 0.000403764466502395
13 103 0.0417569029750111
13 141 0.182755272465848
13 142 0.153425663203007
13 178 0.108679469731801
13 223 0.0664416294648629
13 243 0.171042571397539
13 282 0.0217888051359103
13 303 0.049192781411615
13 351 0.0655023915662284
13 394 0.0708938935416636
13 408 0.0692020525557597
13 433 0.0457814988922196
13 484 0.0758755871027818
13 535 0.0391353585062819
13 635 0.0354100030805224
13 680 0.0198459340649977
13 697 0.0163921375393232
13 743 0.0213682564906398
13 810 0.195395633042766
13 842 0.0100013733672311
13 875 0.0442038469495942
13 885 0.155494802084437
13 894 0.0326472330649978
13 980 0.00212174765448544
14 7 0.141437559407827
14 13 0.197243413072628
14 26 0.0740239141587689
14 102 0.147557337079997
14 129 0.153415178034955
14 200 0.0153697169064346
14 212 0.124200419776998
14 339 0.0131878572986207
14 377 0.10813275999721
14 402 0.182791622819952
14 454 0.0855339926539213
14 464 0.297456033538206
14 473 0.210563131759051
14 479 0.195417014515278
14 539 0.0128369411494724
14 543 0.0392131784356468
14 546 0.0684654212598036
14 575 0.0538534301660545
14 597 0.0463286937743159
14 598 0.228151966664327
14 684 0.0144678554417921
14 719 0.0462286663617683
14 788 0.0712463457863036
14 796 0.00535251016687396
14 812 0.0449380989605587
14 835 0.0782681158530291
14 863 0.0688811461408453
14 892 0.0129688986494886
14 945 0.0395332449659522
14 954 0.0598266512043845
14 986 0.0858514402797961
15 4 0.124176479444172
15 10 0.0305419254123126
15 23 0.0647139988916202
15 62 0.0956612533766499
15 91 0.0896478785913034
15 100 0.195967483475272
15 123 0.0109580227984998
15 137 0.123529701915328
15 159 0.0323880955488592
15 163 0.13929672113501
15 258 0.0694452728398786
15 327 0.105995407245318
15 344 0.108995624799429
15 372 0.364848079576256
15 458 0.0226704866021115
15 499 0.314805493801538
15 568 0.000138741813424118
15 573 0.328328005100699
15 614 0.0280531742565597
15 650 0.1641054493733
15 656 0.184012571890304
15 706 0.0424825840564523
15 717 0.0179289137535962
15 729 0.0230127357325556
15 807 0.368562678506143
15 814 0.232282648857415
15 892 0.00381131021587272
15 962 0.0106765642017204
15 965 0.139700335518192
15 983 0.148266194997524
16 1 0.016409038758473
16 3 0.0521396540486866
16 7 0.0514085282894897
16 18 0.114049398321239
16 36 0.0186349893639028
16 103 0.0657969688831587
16 142 0.135467778588691
16 202 0.144299912891623
16 309 0.0564604403812275
16 335 0.00652211879252088
16 361 0.0419643158334266
16 442 0.0529324476618145
16 463 0.27972294231916
16 591 0.0498095322241858
16 632 0.0204847574282703
16 726 0.202051118018485
16 742 0.016673825102583
16 812 0.024649807334145
16 831 0.0896158747078161
16 851 0.00386553768581009
16 873 0.0270383531420313
16 955 0.0466949932514698
16 957 0.0161022231731908
17 7 0.140635763386012
17 12 0.186914131232235
17 30 0.0807856169037206
17 60 0.053317077223898
17 155 0.0959497096757903
17 245 0.168222105255679
17 286 0.025060399973569
17 303 0.046022390601721
17 348 0.0582054023768742
17 423 0.0281425649577326
17 425 0.203660120118504
17 430 0.0827573117330838
17 607 0.0658642850357354
17 608 0.00344008116295896
17 694 0.0731819124061975
17 722 0.0142718175746517
17 834 0.00120486768508343
17 972 0.0146957977458372
18 13 0.179807686762358
18 16 0.114049398321239
18 25 0.0153395360517172
18 45 0.0199320096025297
18 76 0.00517663046349582
18 133 0.0202796283877978
18 146 0.0744351617929226
18 202 0.00381722791451114
18 205 0.0464883256742741
18 207 0.0839355143151237
18 360 0.0438694906373106
18 422 0.0378075921473462
18 519 0.0604899660834809
18 530 0.0370760209865656
18 560 0.0447129672578719
18 563 0.220066402583786
18 599 0.147286473264987
18 655 0.00446877099001245
18 672 0.128528694500896
18 686 0.40604568878092
18 734 0.274999459496312
18 743 0.232931131885502
18 851 0.00390360822369699
18 874 0.246159686247038
18 885 0.00870081321040231
18 998 0.0589224429550032
19 38 0.0194036090166965
19 63 0.225142945953807
19 164 0.0732373758209103
19 261 0.0669330297490393
19 286 0.0202029299425072
19 431 0.0339399704968288
19 526 0.0295497611504049
19 666 0.0902327816869537
19 758 0.0015241023128206
19 797 0.0439187300206881
19 801 0.0104694914727623
19 906 0.0140799120032964
19 955 0.307021573980586
19 987 0.0182754315767324
20 21 0.0441616933329338
20 29 0.285543006180939
20 61 0.00999624439754431
20 65 0.190868103037243
20 86 0.0264185978161302
20 94 0.0171172512972068
20 162 0.177281287214678
20 170 0.0431780890595869
20 270 0.00266208090939908
20 292 0.0407817037554315
20 312 0.0177701216104618
20 326 0.225387826479507
20 332 0.0409384905406432
20 375 0.112244826472431
20 419 0.0550795452369149
20 444 0.0950471989338458
20 468 0.160747106118697
20 492 0.0238610222667512
20 504 0.0138902119879995
20 512 0.0212180683561034
20 609 0.0687035047522757
20 613 0.0188580122032393
20 614 0.434440138204699
20 630 0.0735024351262262
20 680 0.16843445920069
20 716 0.000461819945209191
20 753 0.179726887050912
20 798 0.00227976982471781
20 802 0.0793609782016566
20 833 0.283675180347155
20 905 0.0465565278815019
20 940 0.0499358383240434
20 944 0.00523817438651279
21 20 0.0441616933329338
21 24 0.0560653718345102
21 28 0.1044795189838
21 44 0.0268734723984373
21 152 0.000667513599642657
21 160 0.091665506626432
21 196 0.0816739295988088
21 246 0.129756736370133
21 272 0.0107071061063766
21 294 0.174526451053714
21 329 0.130431499166993
21 417 0.160787628492148
21 424 0.00835006411244687
21 435 0.0784388873324786
21 440 0.0215787638688421
21 441 0.203683142916984
21 454 0.112097596470884
21 483 0.0468691680111104
21 507 0.100333155319968
21 517 0.0367809072103667
21 705 0.161505866663737
21 720 0.123099045632381
21 737 0.0705430662685555
21 764 0.209555927074406
21 884 0.0533214875173979
21 900 0.167058747891015
21 923 0.0564326751990037
22 6 0.0444684222582929
22 10 0.100294238647177
22 25 0.160036292545674
22 30 0.04536686437504
22 33 0.0183960266959699
22 37 0.0564280637014309
22 156 0.517615512891805
22 185 0.0501612270815831
22 316 0.0238265901941457
22 380 0.133145919717472
22 412 0.00885525338752802
22 417 0.0442327005114767
22 443 0.263486446268996
22 467 0.0983013220594017
22 485 0.237817642150982
22 492 0.00456214020428834
22 510 0.0442637626385371
22 540 0.0295214402776803
22 604 0.0986466925134228
22 652 0.0356795655378034
22 724 0.0260370108690075
22 736 0.149362244723183
22 774 0.0212409558150153
22 799 0.0307560772346759
22 846 0.0352722482933307
22 847 0.0410995441899748
22 914 0.018246508436513
22 932 0.025264864809045
22 970 0.0861319676170969
22 973 0.115605684734146
22 989 0.109541148843103
23 15 0.0647139988916202
23 25 0.00236267649490239
23 43 0.0842600129936003
23 49 0.00187715832566294
23 121 0.388154097530671
23 127 0.0924269075962344
23 142 0.133031329455899
23 146 0.0293195372694069
23 202 0.027227923010272
23 235 0.0487372701328585
23 244 0.27509423717734
23 265 0.0656680959649178
23 299 0.220945624949437
23 380 0.124296610387868
23 458 0.00680981014577272
23 476 0.0135622019227965
23 655 0.0438762924285407
23 666 0.0606215209382137
23 670 0.14439698240805
23 708 0.0243407054704361
23 771 0.150261284983636
23 817 0.00688302039710365
23 832 0.0649637827029464
23 845 0.0364629369851611
23 894 0.028053956160265
23 909 0.0576232660212533
23 952 0.196327975937875
23 985 0.114065361445999
24 13 0.0293838967931247
24 21 0.0560653718345102
24 32 0.0421106186486852
24 35 0.15356740578708
24 42 0.0555828178915983
24 55 0.186544367826213
24 116 0.123357122985022
24 124 0.107381852343905
24 188 0.015787383837934
24 220 0.0230323225684521
24 238 0.0457688491061865
24 278 0.215828140766084
24 305 0.0315927765836192
24 339 0.0161190269446892
24 344 0.0569776997001114
24 379 0.146334590430495
24 385 0.0653572371824329
24 546 0.0268370682221748
24 561 0.185188918941688
24 587 0.122744258462303
24 592 0.00565694381167354
24 666 0.0905239622210579
24 670 0.0557568142597799
24 684 0.122882147584851
24 690 0.00767625260627726
24 703 0.0470383079890016
24 704 0.00555145569598476
24 717 0.292357260448382
24 729 0.0664573551372604
24 808 0.0407087287775854
24 830 0.00895392582638612
24 844 0.165593472764777
24 883 0.108807754544497
24 894 0.0401972663580476
24 954 0.112349663883815
25 7 0.00319847240495284
25 18 0.0153395360517172
25 22 0.160036292545674
25 23 0.00236267649490239
25 30 0.00443183488607961
25 84 0.242021537003232
25 119 0.0265684828742534
25 125 0.0165424143734779
25 221 0.0103123105290724
25 242 0.115807837379822
25 305 0.0266931683401463
25 367 0.0485353403727386
25 416 0.0865767440160258
25 512 0.121096597683433
25 541 0.0466348616670061
25 579 0.0687370295638268
25 616 0.00897875925015608
25 621 0.0285354544503559
25 631 0.00498861612280812
25 654 0.10347421742039
25 676 0.024810187567389
25 692 0.0424245015932013
25 721 0.0489125286431129
25 749 0.0252450226421269
25 811 0.0249233369107643
25 883 0.170584250068049
25 898 0.0217256312500682
25 934 0.133797623188531
25 961 0.134619777770424
25 988 0.410693422524494
26 12 0.0418942406891881
26 14 0.0740239141587689
26 27 0.0338456819415413
26 30 0.164408208892965
26 79 0.0941378146472759
26 170 0.0443887097141371
26 220 0.0655469025686203
26 273 0.191021315370904
26 296 0.00753516108258691
26 302 0.192582244195967
26 312 0.0944761739353189
26 321 0.0316189693682344
26 639 0.088519248496648
26 678 0.102674738333694
26 693 0.0361603457089607
26 717 0.126143126687964
26 726 0.0167335306264202
26 784 0.0810636495642156
26 793 0.00432140853943142
26 795 0.0236760141421094
26 816 0.0966322774169061
26 870 0.143818148571208
26 874 0.00228436613266005
26 961 0.0198285693196041
26 987 0.126777424746906
26 992 0.109008350024325
27 26 0.0338456819415413
27 29 0.0144203833418754
27 33 0.0599716181314373
27 38 0.0778005729372567
27 46 0.255782275279109
27 88 0.136114880900623
27 92 0.0393420181706023
27 165 0.111535232032741
27 187 0.0178216796423197
27 214 0.155748913740799
27 215 0.0310767779639077
27 220 0.0275929057366372
27 269 0.151169225523316
27 275 0.0426574070534559
27 296 0.0537212134597112
27 301 0.00467581839611508
27 309 0.0134292649602842
27 312 0.00527080815238844
27 387 0.0743193607021796
27 395 0.197285851634747
27 421 0.0225574528923099
27 431 0.0138415505898975
27 461 0.0732140420624424
27 489 0.417209794370492
27 517 0.00298079523991029
27 554 0.0496552307930177
27 600 0.070838884996351
27 650 0.0523674021654633
27 715 0.00396700392978714
27 747 0.0188371779801658
27 759 0.127576483274257
27 761 0.175351003203136
27 802 0.0180642456415627
27 903 0.0268519750775198
27 919 0.0508488865093306
28 9 0.0371899311081722
28 21 0.1044795189838
28 32 0.112348434880813
28 40 0.0606975083344751
28 145 0.110469171723641
28 147 0.140932876825023
28 239 0.0398930440641856
28 277 0.0166730628041795
28 332 0.0145484484659319
28 383 0.00626916500638404
28 384 0.0115588469776019
28 396 0.101691142394858
28 399 0.0016024965339343
28 403 0.00440117015962978
28 406 0.428545242814386
28 461 0.106350000272745
28 568 0.0318434619855362
28 577 0.66960712404485
28 602 0.378457098173048
28 626 0.0157775287459133
28 644 0.0689890040583281
28 675 0.0595884988669265
28 772 0.570251534337203
28 798 0.0346530220315759
28 813 0.137721697302317
28 836 0.0183117384045216
28 889 0.0550611061742814
28 897 0.0368188071969867
29 20 0.285543006180939
29 27 0.0144203833418754
29 70 0.00316355682470608
29 111 0.122224944894823
29 169 0.113066842600747
29 182 0.0612130657528844
29 189 0.0313500957151448
29 192 0.0209428510344434
29 246 0.151206026876752
29 273 0.00146273853487048
29 311 0.0804331558909872
29 438 0.233070063437016
29 442 0.0262360282405375
29 475 0.18345593355017
29 540 0.0238175259414122
29 603 0.0763455072521461
29 644 0.0532792175035799
29 663 0.0179645122073231
29 769 0.579973655845954
29 836 0.0896185134388793
29 845 0.0160667083573332
29 899 0.0392082520807665
29 904 0.107689649805448
30 3 0.00569461594856566
30 17 0.0807856169037206
30 22 0.04536686437504
30 25 0.00443183488607961
30 26 0.164408208892965
30 68 0.0229822202949608
30 82 0.123342634465134
30 109 0.180182410156746
30 206 0.0111488931399196
30 209 0.0260103365765107
30 217 0.0605350832106867
30 490 0.0649137920050727
30 534 0.0263633991941273
30 576 0.156461221903367
30 593 0.0464861050976765
30 617 0.0342030249914625
30 700 0.0590021316938635
30 702 0.00160872411091716
30 813 0.00805893704974937
30 820 0.0972913623215163
30 861 0.0308832931847695
30 886 0.155240623877843
30 923 0.0143704305225626
30 966 0.0213364298763574
30 980 0.41245053860159
30 999 0.0991421602573156
31 38 0.0807862507300243
31 39 0.00863711498730128
31 41 0.0457658129860548
31 45 0.0584629971555872
31 52 0.0874504732954456
31 99 0.0476302596734516
31 136 0.12981880520782
31 168 0.035162057172633
31 191 0.0427099905617579
31 237 0.163160430131081
31 260 0.0492614068209567
31 271 0.203592463252739
31 290 0.0618674254597732
31 302 0.0167553879244929
31 430 0.0235423912909071
31 486 0.0244656970607721
31 514 0.00480144363964839
31 595 0.161524877092614
31 616 0.0942710280628128
31 627 0.121201144012684
31 628 0.10298302958982
31 643 0.21247323220461
31 717 0.0664022628342037
31 750 0.0439488195844902
31 768 0.0307090991408278
31 844 0.047638308669919
31 873 0.139254232675744
31 876 0.0151464333753673
31 900 0.109644412810315
31 922 0.0150456442262958
31 960 0.232900590487431
32 24 0.0421106186486852
32 28 0.112348434880813
32 35 0.0968936194755681
32 40 0.0827921390252949
32 65 0.376638007480134
32 71 0.118142530579391
32 118 0.00774641965204864
32 153 0.0114381517799563
32 157 0.0203901695503045
32 161 0.312959305052926
32 168 0.104202527969357
32 208 0.0565745859011844
32 236 0.0595999015151591
32 258 0.0912141655728932
32 269 0.0155277668657588
32 283 0.0214661729354577
32 324 0.0178327708559619
32 442 0.103672263034365
32 526 0.108102429905878
32 612 0.00416985283040542
32 624 0.0679353650654989
32 657 0.0369521444214731
32 661 0.191156525351485
32 666 0.065236307471696
32 697 0.294775812548895
32 751 0.13757974967899
32 773 0.0593706910145464
32 835 0.17918944997151
32 891 0.31913583713359
32 919 0.151620233542923
32 944 0.0602273839373339
32 984 0.125156437586213
32 997 0.102043855542211
33 0 0.00660291686740615
33 22 0.0183960266959699
33 27 0.0599716181314373
33 39 0.0345642474324844
33 46 0.0232284021137362
33 68 0.0142814873017902
33 121 0.0166407901942306
33 151 0.0904001287495491
33 166 0.13483067605665
33 217 0.0587801161047455
33 268 0.129977459972202
33 273 0.0613051255233404
33 337 0.000842653546136108
33 394 0.0907759858992479
33 445 0.0888059253962214
33 472 0.193308682795242
33 553 0.0614643875892896
33 580 0.0590379415010445
33 598 0.0565134251748205
33 622 0.0553979527127926
33 625 0.00846285938326963
33 655 0.121286982258909
33 664 0.118419499537998
33 782 0.0267550393673049
33 798 0.11896428382925
33 877 0.0121038954540291
33 904 0.144640390378918
33 905 0.058162861300435
34 13 0.0383551053898637
34 133 0.0901630043788762
34 159 0.0426208216980485
34 183 0.0130812426978601
34 217 0.036343654450094
34 221 0.147270668144961
34 298 0.183222198789506
34 372 0.105975592399449
34 385 0.0712510130957505
34 420 0.0814061369168428
34 433 0.082382527950567
34 436 0.10967143203232
34 487 0.00446864933949834
34 553 0.0405177615276627
34 561 0.120785346366262
34 569 0.132474057867903
34 669 0.0912780165096685
34 670 0.127053406350943
34 701 0.0457015281619401
34 720 0.184235336753346
34 729 0.0757582739464551
34 777 0.201239820190881
34 899 0.0253650254513632
34 921 0.0605065298126839
35 9 0.00160043525185737
35 24 0.15356740578708
35 32 0.0968936194755681
35 36 0.0290139477041568
35 38 0.0652477627322065
35 61 0.186200421907042
35 93 0.0228351346352643
35 204 0.124271496560981
35 356 0.17555369681981
35 472 0.102819235174948
35 519 0.343952879101226
35 564 0.00476062701462595
35 710 0.0753784250284936
35 775 0.152126750028017
35 835 0.114241493543906
35 875 0.0122789884827868
35 879 0.104441759736239
35 974 0.0838091965467863
35 979 0.0264876699475113
36 16 0.0186349893639028
36 35 0.0290139477041568
36 40 0.114115243019617
36 45 0.207034517653146
36 47 0.103523478475151
36 65 0.0145539788119448
36 77 0.0777823069738236
36 118 0.152967921499834
36 148 0.0347466784660403
36 212 0.0501556765254102
36 221 0.053875269512197
36 308 0.129861073923584
36 340 0.337740394688926
36 446 0.0537581626094412
36 463 0.0328890157758549
36 470 0.0372815887345053
36 520 0.0267103928223194
36 654 0.0201636223700818
36 714 0.0540278067454038
36 782 0.00848924083296632
36 799 0.129113338604838
36 819 0.0617974328791134
36 852 0.0223985321634451
36 862 0.0870584362680879
36 864 0.0456409663544345
36 958 0.212236121067182
36 994 0.0109689091425035
37 22 0.0564280637014309
37 50 0.000512454150826832
37 117 0.129569506783569
37 123 0.00605706329745193
37 151 0.0909324276565346
37 163 0.0696919830083275
37 179 0.0327688386102984
37 227 0.0621033199693802
37 396 0.067451183380635
37 400 0.0854947447819393
37 412 0.0910247660975201
37 429 0.2080656091469
37 449 0.184644993625359
37 451 0.0739045729315988
37 456 0.266201672397572
37 524 0.0432409080636696
37 542 0.0467233984441491
37 571 0.103807011450615
37 634 0.115378424730533
37 650 0.702119333167658
37 662 0.0340708950851853
37 674 0.0449522433569673
37 682 0.0406083772351492
37 715 0.341065021858346
37 814 0.0924180463675309
37 985 0.0720408042273696
38 19 0.0194036090166965
38 27 0.0778005729372567
38 31 0.0807862507300243
38 35 0.0652477627322065
38 40 0.153886229424806
38 41 0.000140172856549184
38 71 0.0496474971752209
38 127 0.117764649523916
38 138 0.0337788284052962
38 234 0.211169384516175
38 239 0.0363635735187141
38 422 0.0297683939825638
38 437 0.133437695603662
38 449 0.050377040151239
38 464 0.146100860070575
38 471 0.0615932970344255
38 494 0.0153908344765806
38 500 0.0498310983144293
38 578 0.028740869250383
38 645 0.077657266885804
38 702 0.214163536144045
38 734 0.014165695426673
38 810 0.0618812196362609
38 832 0.0618243374689356
38 946 0.0339233307059535
38 964 0.194120893624517
39 5 0.0186302091540703
39 31 0.00863711498730128
39 33 0.0345642474324844
39 85 0.0234172050743242
39 163 0.0295191420372843
39 195 0.0444927560990969
39 301 0.00336182988067669
39 342 0.093263572352392
39 395 0.133329194929751
39 427 0.0061696465324062
39 475 0.08446733194293
39 491 0.0110580553855368
39 494 0.0523664783301406
39 509 0.139756104910855
39 518 0.157613313805757
39 529 0.0451752743287442
39 546 0.147551965019236
39 671 0.0359796457900782
39 760 0.0622281069854195
39 822 0.0221957716937949
39 877 0.0377255243482969
39 936 0.125993638028567
40 28 0.0606975083344751
40 32 0.0827921390252949
40 36 0.114115243019617
40 38 0.153886229424806
40 52 0.0633451747000169
40 59 0.0292840472475661
40 119 0.0567540385586951
40 286 0.129402829694191
40 288 0.0738886133858186
40 346 0.0567999666958253
40 397 0.00734242871931759
40 464 0.0382784958119739
40 466 0.00911656838444068
40 471 0.0381111263507971
40 538 0.280591506179295
40 582 0.0614990108160476
40 584 0.197865390837433
40 656 0.171990865422937
40 686 0.00424371283497946
40 794 0.341385442300665
40 882 0.171712648734744
40 896 0.0306413055035014
40 924 0.0562699287484469
40 977 0.0652284865030229
41 31 0.0457658129860548
41 38 0.000140172856549184
41 80 0.162837756261686
41 88 0.00348795532972637
41 104 0.0111832743970582
41 138 0.112744618517853
41 169 0.0300366809770923
41 186 0.277967490303567
41 245 0.0766663532775588
41 316 0.203709269751636
41 353 0.0297453166409908
41 354 0.0726225833459837
41 362 0.023795058319115
41 378 0.0166714814366971
41 391 0.22577861327549
41 403 0.026596752004165
41 472 0.442590159403639
41 501 0.0309528808629069
41 558 0.0169917402898657
41 634 0.0319655892432038
41 664 0.0884659836200882
41 670 0.338480386758056
41 733 0.0785670803031155
41 751 0.0143245867272233
41 755 0.0233938119004473
41 814 0.134448488645045
41 856 0.000432851807747677
41 900 0.0708524771490096
41 968 0.387515060952566
42 24 0.0555828178915983
42 46 0.0651969033926044
42 79 0.129498829270328
42 99 0.0604203738871751
42 113 0.11621290049829
42 144 0.00315469062382545
42 155 0.000890106581246768
42 213 0.305825816318498
42 241 0.0909328220596752
42 270 0.0866486101488865
42 371 0.134414145779576
42 379 0.153126167153783
42 390 0.0493700412490787
42 438 0.0181163486668482
42 509 0.0447507464468925
42 516 0.186969856544502
42 566 0.0116659100798261
42 570 0.0125162911020422
42 579 0.010248574904827
42 599 0.179923718613744
42 683 0.0700793983658843
42 686 0.0841040726708714
42 738 0.0122250765519155
42 840 0.00432806158661052
42 844 0.0476879370412492
42 852 0.033095451549745
42 882 0.170844615524211
42 893 0.0486131627426129
42 900 0.0363189073327477
42 901 0.0849407080346447
42 977 0.043132349399269
43 23 0.0842600129936003
43 69 0.0857677355947699
43 73 0.0236996157157739
43 111 0.0137895714217518
43 140 0.175456940053076
43 141 0.200862380924457
43 189 0.0790417702940067
43 194 0.0312725039353744
43 213 0.00952728986788928
43 240 0.312726092347443
43 311 0.238621645895271
43 322 0.117073245870421
43 337 0.102023553834249
43 341 0.018357015435699
43 391 0.0652008397760784
43 473 0.318802827962528
43 538 0.116342838861925
43 557 0.122098886546228
43 566 0.098635329765561
43 582 0.0118624504465997
43 584 0.152676674562591
43 631 0.00503402301392718
43 638 0.282368424837915
43 684 0.267196345121751
43 708 0.0124721125684301
43 729 0.0237410833974543
43 731 0.283987959987909
43 754 0.0601942275724778
43 774 0.0224631540449654
43 902 0.0285727570488909
43 903 0.00923113307084627
43 906 0.0347446627362417
43 942 0.059032802338984
44 21 0.0268734723984373
44 56 0.148823114711407
44 61 0.111699816552218
44 91 0.0511525755639838
44 95 0.0402619520602318
44 146 0.0700358033209904
44 164 0.0215448736132546
44 181 0.0339854199582166
44 202 0.186935578593878
44 222 0.158795649011703
44 301 0.0770944819570279
44 338 0.140249288867393
44 348 0.0293248865796239
44 396 0.00759484210619964
44 488 0.0841265849858049
44 492 0.164969215479526
44 556 0.16638577709075
44 570 0.0747872233771278
44 756 0.00842164585802169
44 842 0.118783279230329
44 925 0.0307459287298897
45 9 0.00175222340388942
45 18 0.0199320096025297
45 31 0.0584629971555872
45 36 0.207034517653146
45 46 0.0440715171281031
45 52 0.0377617559792955
45 56 0.00569146307624358
45 58 0.0934599903002566
45 73 0.0814611097306475
45 163 0.0857231311880365
45 179 0.161437472306862
45 189 0.0305476151519011
45 236 0.123408454417272
45 329 0.00242362788616196
45 340 0.308635763079797
45 366 0.0332786818321626
45 378 0.0534299422846517
45 389 0.149451530991828
45 413 0.0436113342526335
45 426 0.0844983998964055
45 531 0.15480953087296
45 541 0.03835006356296
45 569 0.012395789595802
45 667 0.111755180084111
45 687 0.0631497522066255
45 718 0.0491631258256143
45 756 0.181576008390612
45 782 0.0342582278477094
45 804 0.00178648467347895
45 834 0.134342537805698
45 846 0.0568792116855326
45 872 0.177714314959893
45 899 0.0799734467787395
45 907 0.0349388831839762
45 913 0.00942228527737251
45 924 0.642949519765302
45 954 0.0850459276564064
45 956 0.177445444623053
45 963 0.224391892877104
46 27 0.255782275279109
46 33 0.0232284021137362
46 42 0.0651969033926044
46 45 0.0440715171281031
46 55 0.0131519466506619
46 58 0.0145377334360099
46 78 0.00918614548286978
46 80 0.043004907458854
46 259 0.0496170025462549
46 280 0.128937688412278
46 299 0.0779703951584322
46 353 0.0946879052232235
46 411 0.137320885056741
46 478 0.189126526082843
46 523 0.00544907850108063
46 587 0.0884840829130655
46 595 0.0659800662520735
46 735 0.0144989507307756
46 856 0.0859085913087023
47 36 0.103523478475151
47 54 0.104326317884872
47 61 0.023892593107683
47 69 0.209384800317615
47 71 0.00433235337473959
47 72 0.0940424214321867
47 152 0.135761110002688
47 180 0.0382899784746198
47 244 0.0586059418439694
47 262 0.0802232393516525
47 288 0.0451917412033917
47 304 0.0462795199397058
47 338 0.168944997449324
47 430 0.0539477609864583
47 439 0.16245894711014
47 501 0.0211860573044452
47 625 0.00434357684771308
47 626 0.0418201233271333
47 770 0.0848022934079772
47 801 0.0325982072060873
47 817 0.00367516436213399
47 827 0.167330841632205
47 910 0.00118951791112872
47 922 0.0302823494901549
48 105 0.023367219382356
48 122 0.0491743765382323
48 140 0.0673951330217043
48 273 0.118818062018363
48 292 0.0387410705577331
48 299 0.0127626084070613
48 436 0.0943918727724277
48 441 0.00825259954764194
48 466 0.0780719674919806
48 516 0.0116853352818735
48 547 0.0271543108286544
48 574 0.205791950000998
48 620 0.0549816569767291
48 632 0.107524433400608
48 646 0.069668223335942
48 685 0.0379772582428511
48 721 0.017429259471014
48 728 0.0182990583388725
48 775 0.0262817820871555
48 848 0.0404266704283859
48 895 0.482139392248675
48 898 0.130915747861451
48 925 0.0767979130871906
48 934 0.0347739723785691
48 969 0.141900879803546
49 23 0.00187715832566294
49 53 0.0791946264011948
49 55 0.0441321397355814
49 89 0.00240245189457121
49 117 0.0902883294283663
49 217 0.0298687589203414
49 355 0.0514735236540167
49 480 0.230607553116093
49 516 0.212501171289157
49 531 0.057474332035433
49 601 0.178592027114828
49 623 0.0173216549609555
49 644 0.0257426705173251
49 671 0.00203540851896671
49 675 0.084576303067527
49 676 0.0299024771282652
49 698 0.394350488012294
49 819 0.00771790568441276
49 841 0.0948468056288069
49 863 0.0143716332027173
49 943 0.0718142096055778
49 986 0.174853279165569
49 987 0.199247486996659
49 989 0.0136554346438468
50 37 0.000512454150826832
50 51 0.0434552327931132
50 63 0.0260169124799086
50 84 0.504943847450048
50 141 0.405293624351426
50 165 0.0566784535527953
50 383 0.120935369217521
50 421 0.0044870426248481
50 422 0.175476627786109
50 438 0.167975862698452
50 493 0.114879514620332
50 511 0.0231953967776138
50 576 0.0166193830202578
50 600 0.0923886163840062
50 618 0.15288292844617
50 659 0.0470333015390243
50 706 0.160379765458006
50 739 0.165718805609309
50 775 0.0135230808042007
50 779 0.0548045089266455
50 916 0.102599746400756
50 921 0.0356840988902404
50 938 0.0277244889884506
50 952 0.169042965386746
50 970 0.0631301647284856
50 980 0.00960874960231695
51 50 0.0434552327931132
51 320 0.275759176333705
51 354 0.0294425071524413
51 386 0.00366713907824939
51 423 0.112619401974628
51 533 0.0808547377880418
51 549 0.00952381855422073
51 586 0.180857180381158
51 637 0.0493353265380455
51 734 0.018377580378872
51 815 0.0374044833979587
51 818 0.00905214289334714
51 839 0.135699690860579
51 863 0.0158109145208785
52 31 0.0874504732954456
52 40 0.0633451747000169
52 45 0.0377617559792955
52 60 0.101556962439471
52 61 0.0445684667390314
52 62 0.0810464007646171
52 65 0.128111629827694
52 105 0.0209609781954501
52 109 0.0446586235137915
52 180 0.0959736842395662
52 191 0.0646610418382296
52 219 0.0669098905549339
52 329 0.0842975791539759
52 368 0.00146755848175577
52 378 0.072753358464248
52 402 0.0100315771072185
52 459 0.00688812135029879
52 519 0.140328741936561
52 520 0.0405247918610131
52 593 0.0078729809356016
52 607 0.028393100714212
52 657 0.324964188455525
52 700 0.00650230167090131
52 708 0.102081817154215
52 746 0.0737244699237394
52 759 0.211782858099103
52 768 0.00925124672946001
52 818 0.0483046095653928
52 857 0.0578495463689683
52 884 0.0685575056435961
52 891 0.325189775739005
53 49 0.0791946264011948
53 80 0.0888576293083193
53 97 0.107410729823046
53 100 0.141350499275799
53 145 0.165319251632591
53 163 0.0857390848118069
53 246 0.0348728251365308
53 355 0.28512390104928
53 380 0.0110652164391928
53 427 0.013001604040154
53 486 0.0086149481429771
53 612 0.098292480106049
53 614 0.0913981987791139
53 654 0.0135316371671911
53 695 0.0313898556967096
53 849 0.0177993929309103
53 890 0.0838747478393606
53 932 0.0320864401871731
53 946 0.0156626946176399
54 47 0.104326317884872
54 56 0.0272740468740957
54 67 0.0172928127680029
54 179 0.000970427842093096
54 220 0.1611327295097
54 290 0.0346923081876272
54 303 0.00214516391623853
54 330 0.00688938399314411
54 335 0.0230833324649354
54 356 0.118599378296244
54 360 0.297232004993244
54 389 0.141985127114559
54 402 0.167176138984172
54 408 0.0275957511533914
54 437 0.147587918546707
54 459 0.0494503058148336
54 624 0.182329249157434
54 642 0.166570443607006
54 645 0.0159512384758989
54 676 0.0331053383614632
54 740 0.0249973203960091
54 769 0.0407523117731403
54 780 0.0452211266881484
54 785 0.00558884891628376
54 847 0.0439991040496771
54 873 0.00455606086083281
54 880 0.049734692668484
54 918 0.137380443363476
54 926 0.201300361375592
54 932 0.303290496700007
54 997 0.0193220455087684
55 13 0.000403764466502395
55 24 0.186544367826213
55 46 0.0131519466506619
55 49 0.0441321397355814
55 59 0.0420201284619732
55 61 0.235057271000273
55 69 0.0410774520078308
55 72 0.0359164176154027
55 83 0.0275779758530259
55 116 0.29909802917354
55 162 0.171203637309694
55 200 0.0272816202814272
55 239 0.108442052734094
55 310 0.193999982215547
55 389 0.113646714429662
55 443 0.232052827755868
